5 0.0290625 0.7479165 0.051875 0.13083299999999998
5 0.0634375 0.6883334999999999 0.048124999999999994 0.09166700000000005
5 0.13187500000000002 0.683333 0.0325 0.08499999999999996
5 0.1434375 0.7258335 0.053125000000000006 0.10666700000000007
5 0.1984375 0.6916665 0.05437499999999998 0.08333299999999999
5 0.2609375 0.68625 0.045625 0.07916599999999996
5 0.2996875 0.669583 0.026874999999999982 0.08750000000000002
5 0.326875 0.642083 0.02999999999999997 0.04249999999999998
5 0.3390625 0.68875 0.046875 0.07083399999999995
5 0.4146875 0.7125 0.043125000000000024 0.08499999999999996
5 0.44437499999999996 0.6916665 0.02250000000000002 0.05666700000000002
5 0.468125 0.72125 0.03375 0.057499999999999996
5 0.49906249999999996 0.7004165 0.023125000000000007 0.06416700000000009
5 0.5193749999999999 0.7058335 0.02749999999999997 0.046667000000000014
5 0.5365625 0.711667 0.020625000000000004 0.05500000000000005
5 0.56 0.72125 0.021250000000000102 0.04583400000000004
5 0.5709375 0.705 0.014375000000000027 0.05166599999999999
4 0.1028125 0.5295835 0.06437500000000002 0.08083299999999993
4 0.5778125000000001 0.5954165 0.843125 0.504167
