11 0.2476565 0.29270850000000004 0.009375000000000022 0.027083000000000024
11 0.26093750000000004 0.2911455 0.007813000000000014 0.028124999999999956
11 0.555469 0.16770800000000002 0.018750000000000044 0.056249999999999994
11 0.7308595 0.3020835 0.019530999999999965 0.022916999999999965
11 0.7414065 0.26927049999999997 0.028124999999999956 0.04062499999999997
2 0.026953 0.4375 0.053906 0.03958399999999995
2 0.133594 0.436979 0.075 0.038541999999999965
2 0.3765625 0.434896 0.109375 0.05729200000000001
2 0.50625 0.4177085 0.04843799999999998 0.04166700000000001
2 0.5472655 0.409896 0.04921900000000001 0.03645799999999999
2 0.616406 0.4145835 0.07499999999999996 0.05208299999999999
2 0.769141 0.42447900000000005 0.258594 0.201042
