8 0.0453125 0.47091950000000005 0.026874999999999996 0.011257000000000017
8 0.12406249999999999 0.6346149999999999 0.04062500000000001 0.01969999999999994
8 0.1271875 0.5605065 0.036875000000000005 0.029081000000000023
8 0.2409375 0.6374299999999999 0.02437499999999998 0.044090000000000074
8 0.266875 0.521576 0.011250000000000038 0.0037519999999999776
8 0.3890625 0.511726 0.020625000000000004 0.015948000000000073
8 0.3928125 0.4756095 0.013124999999999998 0.013133000000000006
8 0.46499999999999997 0.532833 0.007500000000000007 0.0262659999999999
8 0.5543750000000001 0.6242965 0.053750000000000075 0.04596699999999998
8 0.585 0.583959 0.028749999999999942 0.01970000000000005
8 0.6128125 0.4962475 0.014375000000000027 0.011256999999999961
8 0.6775 0.5051595 0.015000000000000013 0.015946999999999933
8 0.7134375 0.490619 0.015625 0.007504000000000011
8 0.7165625 0.49202650000000003 0.01937499999999992 0.01594699999999999
8 0.7371875 0.5037525 0.01937499999999992 0.007504999999999984
8 0.7421875 0.5037525 0.014375000000000027 0.011256999999999961
8 0.755 0.4878045 0.016250000000000098 0.013133000000000006
8 0.77625 0.554878 0.01750000000000007 0.014071999999999973
4 0.4996875 0.2429645 0.999375 0.485929
