6 0.137885 0.515625 0.07665200000000001 0.07
6 0.21145399999999998 0.510625 0.065198 0.06
6 0.3770925 0.5575 0.09867899999999996 0.07499999999999996
6 0.47004399999999996 0.559375 0.10836999999999997 0.08999999999999997
6 0.590308 0.5840625 0.12510999999999994 0.07687500000000003
6 0.718502 0.6028125 0.13480199999999998 0.06687500000000002
6 0.882819 0.6368750000000001 0.15154200000000007 0.09750000000000003
10 0.20352399999999998 0.6903125 0.038765999999999995 0.03562500000000002
10 0.2255505 0.6946874999999999 0.06696100000000002 0.04062500000000002
10 0.37841400000000003 0.7428125000000001 0.04141 0.05312499999999998
10 0.4039645 0.7421875 0.06255500000000003 0.05437500000000006
10 0.454185 0.7734375 0.034362000000000004 0.03937499999999994
10 0.4770925 0.7778125 0.05022099999999996 0.04437500000000005
10 0.551542 0.8087500000000001 0.059911999999999965 0.03375000000000006
10 0.5819385 0.8121875000000001 0.09074899999999997 0.048125000000000084
10 0.6995595 0.8284374999999999 0.052863000000000104 0.05312499999999998
10 0.7277530000000001 0.8284374999999999 0.09339200000000003 0.05312499999999998
10 0.8911895000000001 0.858125 0.08898700000000004 0.06125000000000003
