11 0.40593749999999995 0.42713199999999996 0.210625 0.09767399999999998
11 0.666875 0.42596900000000004 0.1812499999999999 0.08604600000000001
11 0.6990625 0.5391475 0.016874999999999973 0.024030999999999914
2 0.0321875 0.3972865 0.064375 0.03953499999999999
2 0.248125 0.582558 0.30875 0.16666600000000004
2 0.12187500000000001 0.6290695 0.052500000000000005 0.05503899999999995
2 0.1528125 0.6399225 0.07312499999999998 0.037985000000000047
2 0.1946875 0.39612400000000003 0.146875 0.03100799999999998
2 0.195 0.5523255 0.03375 0.024031000000000025
2 0.21875 0.6422479999999999 0.06125000000000003 0.036433999999999966
2 0.233125 0.567442 0.026249999999999996 0.029457999999999984
2 0.2553125 0.586434 0.03437500000000002 0.027131999999999934
2 0.25875 0.6062015 0.03624999999999998 0.032559000000000005
2 0.264375 0.5131779999999999 0.03875000000000001 0.024805999999999995
2 0.265625 0.5639535 0.025000000000000022 0.011627000000000054
2 0.28531249999999997 0.5589145 0.019374999999999976 0.018604999999999983
2 0.291875 0.5224804999999999 0.02749999999999997 0.013952999999999993
2 0.29718750000000005 0.5914725000000001 0.03437499999999999 0.027907000000000015
2 0.3015625 0.5631785 0.021874999999999978 0.024031000000000025
2 0.3246875 0.617442 0.04812500000000003 0.04108600000000007
2 0.3265625 0.5562015 0.021875000000000033 0.020931000000000033
2 0.3625 0.5275195 0.036250000000000004 0.022480999999999973
2 0.3703125 0.5891470000000001 0.03187499999999999 0.032557999999999976
2 0.3896875 0.5829455 0.020625000000000004 0.027906999999999904
2 0.4184375 0.65155 0.05437500000000001 0.067442
2 0.41812499999999997 0.5449615 0.03875000000000001 0.029457000000000066
2 0.48625 0.6736435000000001 0.06500000000000006 0.077519
2 0.5290625 0.6108525 0.034375000000000044 0.027907000000000015
2 0.526875 0.5492245 0.026249999999999996 0.022480999999999973
2 0.5853125 0.5748059999999999 0.024375000000000036 0.027132000000000045
2 0.6903125 0.726357 0.17937500000000006 0.19999999999999996
2 0.640625 0.58876 0.02499999999999991 0.027132000000000045
2 0.660625 0.606589 0.040000000000000036 0.036433999999999966
2 0.915 0.7124029999999999 0.14125 0.13023200000000001
