1 0.066406 0.2119885 0.132812 0.11111100000000002
1 0.075195 0.2850875 0.142578 0.131579
1 0.29199200000000003 0.4283625 0.4375 0.444445
1 0.7788085 0.6805555 0.44042899999999996 0.633041
1 0.6694335 0.416667 0.20410099999999998 0.219298
1 0.88916 0.3874265 0.21972599999999998 0.37134500000000004
3 0.0751955 0.2850875 0.14453100000000002 0.11695900000000001
3 0.2910155 0.4320175 0.42968699999999993 0.43713499999999994
3 0.7792965000000001 0.6622805 0.439453 0.672515
3 0.667969 0.416667 0.20507799999999998 0.219298
3 0.889648 0.370614 0.21875 0.33479600000000004
