4 0.247899 0.346875 0.439776 0.49375
6 0.5 0.5959375 0.20821599999999996 0.10187499999999994
10 0.1503265 0.7528125 0.18860899999999997 0.05812499999999998
10 0.28944899999999996 0.7828125 0.21661999999999998 0.07687500000000003
10 0.28898250000000003 0.69375 0.05322100000000002 0.028750000000000053
10 0.390756 0.7103125 0.03828200000000004 0.034375000000000044
10 0.5424835 0.8465625 0.18300699999999998 0.09812500000000002
10 0.6760035 0.8825000000000001 0.16806699999999997 0.11249999999999993
4 0.0975725 0.4196875 0.195145 0.39937500000000004
4 0.648926 0.0784375 0.459384 0.156875
4 0.7334265 0.2584375 0.5312790000000001 0.516875
