8 0.1284375 0.462083 0.058124999999999996 0.03250000000000003
8 0.165 0.4404165 0.026249999999999996 0.015832999999999986
8 0.1903125 0.3958335 0.019375000000000003 0.008333000000000035
8 0.20750000000000002 0.4033335 0.012499999999999983 0.0066669999999999785
8 0.2421875 0.7625 0.081875 0.08999999999999997
8 0.365625 0.621667 0.07875000000000004 0.10999999999999999
8 0.438125 0.6820835000000001 0.034999999999999976 0.03416699999999995
8 0.43875 0.398333 0.014999999999999958 0.010000000000000009
8 0.690625 0.49124999999999996 0.04625000000000001 0.022499999999999964
8 0.7890625 0.5145835000000001 0.0618749999999999 0.02083299999999999
0 0.4996875 0.4995835 0.999375 0.999167
8 0.47625 0.4504165 0.03749999999999998 0.029167
8 0.8953125 0.69 0.04437499999999994 0.0516660000000001
