9 0.07718749999999999 0.4576925 0.031875 0.17076900000000006
9 0.10468749999999999 0.4607695 0.028124999999999997 0.18307700000000005
9 0.3003125 0.4769235 0.026874999999999982 0.15692300000000003
9 0.3346875 0.4861535 0.02437499999999998 0.16923099999999996
9 0.57125 0.7115385 0.125 0.45692299999999997
9 0.6543749999999999 0.7015385000000001 0.053750000000000075 0.495385
9 0.8115625 0.533846 0.03937500000000005 0.258462
9 0.8453125 0.5123075 0.018124999999999947 0.25538500000000003
9 0.9409375 0.569231 0.07562500000000005 0.2738459999999999
9 0.9890625 0.586923 0.020625000000000004 0.272308
