0 0.40781249999999997 0.8469104999999999 0.531875 0.304307
0 0.4403125 0.5702245 0.17437499999999995 0.146067
0 0.60875 0.530431 0.13749999999999996 0.10767799999999994
2 0.6846875 0.9634834999999999 0.14937500000000004 0.07116099999999992
2 0.6853125 0.8300565 0.078125 0.12265899999999996
2 0.6828125 0.4087075 0.02937500000000004 0.025280999999999998
2 0.6846875 0.5294945 0.015625 0.032770999999999995
2 0.731875 0.6507495 0.06874999999999998 0.07116100000000003
2 0.780625 0.858614 0.11250000000000004 0.15355800000000008
2 0.7828125 0.7003745 0.07562500000000005 0.09363300000000008
2 0.7971875 0.480805 0.02562500000000001 0.02715400000000001
2 0.8003125 0.4461615 0.03187499999999999 0.019662999999999986
2 0.8184374999999999 0.6582399999999999 0.06562499999999993 0.07865200000000006
2 0.8296874999999999 0.474251 0.02937500000000004 0.03277199999999997
2 0.8574999999999999 0.6287455 0.05625000000000002 0.06086099999999994
2 0.885 0.602528 0.04749999999999999 0.05149799999999993
2 0.9015625 0.6629214999999999 0.06562499999999993 0.07677900000000004
2 0.8990625 0.45786550000000004 0.03937499999999994 0.02621699999999999
2 0.910625 0.5749065 0.050000000000000044 0.046817
2 0.9325 0.6235955 0.05499999999999994 0.05617899999999998
2 0.96 0.5866104999999999 0.04874999999999996 0.053370999999999946
2 0.9815625 0.5603935 0.030624999999999902 0.04400700000000002
2 0.99375 0.531367 0.011249999999999982 0.029025999999999996
