0 0.24218800000000001 0.859854 0.12500000000000003 0.20438
0 0.2802735 0.728467 0.089843 0.08467199999999997
0 0.3232425 0.8459855000000001 0.10546899999999998 0.1912410000000001
0 0.3588865 0.7291970000000001 0.07519500000000001 0.09489000000000003
0 0.42236300000000004 0.830657 0.08691399999999999 0.19269999999999998
0 0.439453 0.7459855 0.07031199999999999 0.143065
0 0.508301 0.8175185 0.09081999999999996 0.18686100000000005
0 0.578125 0.8131385 0.0761719999999999 0.192701
0 0.666504 0.8175185 0.079102 0.18978099999999998
0 0.7148435 0.7240875 0.09570299999999998 0.13138699999999992
0 0.75 0.831387 0.07812400000000008 0.18540200000000007
0 0.8256835 0.8328465 0.08886700000000003 0.18832100000000007
