10 0.021102 0.375 0.042204 0.16666599999999998
10 0.0252055 0.6260414999999999 0.045721 0.177083
10 0.035756500000000004 0.8760415 0.059789 0.235417
10 0.0685815 0.128125 0.094959 0.222916
10 0.06272 0.37083350000000004 0.036342000000000006 0.154167
10 0.077374 0.6270834999999999 0.03986 0.208333
10 0.094373 0.8697915 0.057443999999999995 0.22708300000000003
10 0.10082050000000001 0.36875 0.03985899999999999 0.17083399999999999
10 0.126026 0.6260414999999999 0.048066 0.197917
10 0.158265 0.12291650000000001 0.10785399999999999 0.216667
10 0.1453695 0.8625 0.060961 0.23333400000000004
10 0.14595550000000002 0.36875 0.04103100000000001 0.179166
10 0.1776085 0.6260415 0.05509900000000001 0.21458299999999997
10 0.18522850000000002 0.37395849999999997 0.05158300000000002 0.17291700000000004
10 0.23857 0.8770835 0.06447800000000004 0.204167
10 0.2520515 0.61875 0.03985899999999998 0.22916599999999998
10 0.2655335 0.11770850000000001 0.05978900000000004 0.227083
10 0.2842905 0.3604165 0.08089100000000002 0.23333299999999998
10 0.2936695 0.871875 0.043377000000000054 0.23958400000000002
10 0.2960145 0.6229165 0.04572100000000001 0.21666699999999994
10 0.32180549999999997 0.111458 0.07854699999999998 0.21875
10 0.36694 0.3677085 0.09847600000000001 0.22708300000000003
10 0.343494 0.61875 0.049238000000000004 0.23750000000000004
10 0.3540445 0.871875 0.05158299999999999 0.20624999999999993
10 0.381008 0.1322915 0.07034000000000001 0.185417
10 0.4390385 0.6114580000000001 0.062132999999999994 0.19374999999999998
10 0.439625 0.859375 0.04220400000000002 0.252084
10 0.4595545 0.38229199999999997 0.06096099999999999 0.18124999999999997
10 0.488277 0.8510415 0.05510000000000004 0.264583
10 0.487104 0.1270835 0.04103199999999996 0.22916699999999998
10 0.4988275 0.609375 0.05509900000000001 0.18958399999999997
10 0.5005865 0.359375 0.05392699999999995 0.20208400000000004
10 0.5386869999999999 0.125 0.04806600000000005 0.2375
10 0.5468935 0.367708 0.062132999999999994 0.21875
10 0.545721 0.854167 0.05509999999999993 0.26249999999999996
10 0.560961 0.6104165 0.06213400000000002 0.204167
10 0.582649 0.365625 0.04220400000000002 0.214584
10 0.6400935 0.6375 0.06096100000000004 0.245834
10 0.6418524999999999 0.371875 0.05978899999999998 0.21875
10 0.644783 0.869792 0.06564999999999999 0.21875
10 0.6541615000000001 0.11875 0.05861700000000003 0.23333399999999999
10 0.6893320000000001 0.86875 0.05627199999999999 0.22083399999999997
10 0.6998825 0.128125 0.05861700000000003 0.23124999999999998
10 0.6981245 0.6375 0.052754999999999996 0.23333400000000004
10 0.7022275 0.380208 0.051582999999999934 0.20625
10 0.750879 0.8770835 0.078546 0.19583299999999992
10 0.746776 0.113542 0.05158200000000002 0.21875
10 0.7502930000000001 0.37187499999999996 0.05627199999999999 0.227084
10 0.75381 0.630208 0.058616 0.23124999999999996
10 0.831184 0.34791649999999996 0.06096199999999996 0.220833
10 0.830598 0.60625 0.050409999999999955 0.22499999999999998
10 0.8540445000000001 0.11666699999999999 0.04572100000000001 0.2
10 0.876905 0.34375 0.058616 0.21666600000000003
10 0.8798360000000001 0.609375 0.036341999999999985 0.227084
10 0.9097299999999999 0.6114580000000001 0.07033999999999996 0.23125
10 0.905627 0.1208335 0.05510000000000004 0.191667
10 0.922626 0.3385415 0.05392800000000009 0.21458299999999997
10 0.9589685 0.11770850000000001 0.05861699999999992 0.210417
10 0.965416 0.344792 0.06447799999999992 0.21875
10 0.9630715000000001 0.6052085 0.052754999999999996 0.239583
