6 0.03625 0.5300185 0.05 0.030018999999999907
6 0.1446875 0.4976545 0.033125000000000016 0.034709000000000045
6 0.18375000000000002 0.4934335 0.035 0.06941900000000001
6 0.27937500000000004 0.4634145 0.03875000000000001 0.05816100000000002
6 0.316875 0.461538 0.03250000000000003 0.020638000000000045
6 0.4046875 0.5042215 0.04062499999999997 0.051595
6 0.5565625000000001 0.4207315 0.03187499999999999 0.03470899999999999
6 0.625 0.4075985 0.03125 0.047843000000000024
6 0.9075 0.456848 0.04749999999999999 0.07692399999999999
6 0.92625 0.4404315 0.012499999999999956 0.05534699999999998
6 0.983125 0.3424015 0.030000000000000027 0.052532999999999996
