4 0.9384615000000001 0.468889 0.09538499999999994 0.22222199999999998
1 0.3946155 0.798889 0.28461500000000006 0.21999999999999997
4 0.1253845 0.683333 0.04461499999999999 0.09999999999999998
4 0.1984615 0.701111 0.08307699999999998 0.08222200000000002
4 0.263077 0.6344445 0.05230800000000002 0.05555500000000002
4 0.33692350000000004 0.6466665 0.07692300000000002 0.04888899999999996
4 0.580769 0.5177775 0.22615399999999997 0.41333299999999995
4 0.7353845 0.5800000000000001 0.13230699999999995 0.244444
4 0.8423075 0.578889 0.16461499999999996 0.44222200000000006
2 0.0984615 0.8744445000000001 0.196923 0.19777699999999998
2 0.2053845 0.8422225 0.06923099999999999 0.07111099999999992
2 0.2076925 0.772222 0.05538500000000002 0.05999999999999994
2 0.7515385 0.8211109999999999 0.4938469999999999 0.202222
