1 0.109858 0.64875 0.219716 0.6799999999999999
1 0.2464495 0.605625 0.233919 0.41375
1 0.3909775 0.565625 0.12698499999999996 0.29625
1 0.439014 0.5818749999999999 0.064328 0.17374999999999996
1 0.547619 0.59375 0.251462 0.17500000000000004
1 0.49457 0.5856250000000001 0.04678400000000005 0.13374999999999992
1 0.5200505 0.5956250000000001 0.039264999999999994 0.10124999999999995
1 0.542189 0.5862499999999999 0.028403999999999985 0.1050000000000001
1 0.5551375000000001 0.5743750000000001 0.015872999999999915 0.08875
1 0.569758 0.563125 0.011695999999999929 0.07374999999999998
1 0.5831245 0.5625 0.02339100000000005 0.0674999999999999
1 0.5964910000000001 0.5349999999999999 0.015037999999999996 0.04749999999999999
1 0.6081875 0.584375 0.03341700000000003 0.06125000000000003
1 0.640351 0.52625 0.06265600000000004 0.05499999999999994
1 0.726817 0.525625 0.03675799999999996 0.04875000000000007
1 0.751462 0.513125 0.017544000000000004 0.031250000000000056
1 0.7865495 0.51 0.030911000000000022 0.03750000000000003
