8 0.017812500000000002 0.618668 0.031875 0.029079999999999995
8 0.2240625 0.5605065 0.046875 0.030957000000000012
8 0.6846875 0.500938 0.04812499999999997 0.03564799999999996
8 0.8456250000000001 0.542683 0.039999999999999925 0.02345200000000003
8 0.8778125 0.49718549999999995 0.04312500000000008 0.028142999999999974
8 0.9625 0.445122 0.03125 0.021575999999999984
6 0.008125 0.8653845 0.01625 0.10225100000000009
6 0.0253125 0.836304 0.018125000000000002 0.03658600000000001
6 0.2859375 0.7124765 0.03187499999999999 0.03470899999999999
6 0.5621875000000001 0.7096625000000001 0.03312499999999996 0.029081000000000023
6 0.8928125 0.7237335 0.06312499999999999 0.03470899999999999
6 0.949375 0.709662 0.05125000000000002 0.12851800000000002
6 0.9871875 0.6801125 0.024375000000000036 0.08442700000000003
4 0.4546875 0.3325515 0.909375 0.665103
4 0.574375 0.5159475 0.16624999999999995 0.47091900000000003
4 0.7371875 0.598499 0.08437500000000009 0.348968
4 0.8009375000000001 0.597561 0.135625 0.44277600000000006
