6 0.894375 0.870703 0.15625 0.207032
6 0.313125 0.9058595 0.19125 0.149219
4 0.105 0.1785155 0.21 0.357031
4 0.16562500000000002 0.3671875 0.06875 0.18593700000000002
4 0.3028125 0.2160155 0.254375 0.40859300000000004
4 0.275 0.3671875 0.08124999999999999 0.18906299999999998
4 0.553125 0.1972655 0.46124999999999994 0.394531
4 0.7653125000000001 0.3285155 0.09312500000000001 0.152343
4 0.8362499999999999 0.195703 0.19374999999999998 0.391406
4 0.974375 0.333594 0.050000000000000044 0.07031200000000004
