8 0.061875 0.420635 0.04 0.030812000000000006
8 0.09031249999999999 0.23809550000000002 0.026874999999999996 0.01680699999999999
8 0.231875 0.1862745 0.04125000000000001 0.02521100000000001
8 0.34875 0.2693745 0.06 0.034546999999999994
8 0.3871875 0.24930000000000002 0.03187499999999999 0.024275999999999992
8 0.43343750000000003 0.171802 0.03687500000000005 0.018673999999999996
8 0.65625 0.1862745 0.050000000000000044 0.021474999999999994
8 0.72875 0.28291299999999997 0.01750000000000007 0.026144
8 0.8709374999999999 0.069561 0.03312499999999996 0.01400599999999999
8 0.920625 0.32306250000000003 0.05249999999999999 0.026142999999999972
