11 0.5021875 0.405803 0.17312499999999997 0.242448
11 0.7240625 0.757949 0.021874999999999978 0.032591999999999954
11 0.73 0.7245630000000001 0.022499999999999964 0.02464199999999994
11 0.8365625 0.72973 0.023125000000000062 0.07631199999999994
2 0.3034375 0.8799680000000001 0.474375 0.16852199999999995
2 0.1525 0.8680445 0.16000000000000003 0.0858509999999999
2 0.2459375 0.8545309999999999 0.075625 0.06518199999999996
2 0.4459375 0.902226 0.19437499999999996 0.12718600000000002
2 0.7731250000000001 0.8489665 0.032500000000000084 0.023847000000000063
2 0.816875 0.8748015 0.11624999999999996 0.07551700000000006
2 0.880625 0.8648645 0.07000000000000006 0.06359300000000001
2 0.92125 0.860493 0.0625 0.05802800000000008
