11 0.019531 0.404948 0.039062 0.028646000000000005
11 0.108887 0.7070315 0.12206999999999998 0.17968700000000004
11 0.133789 0.391927 0.134766 0.041666000000000036
4 0.2124025 0.3046875 0.424805 0.609375
4 0.4033205 0.267578 0.046875 0.09244800000000003
4 0.463379 0.25 0.049804000000000015 0.09895799999999999
4 0.506836 0.263021 0.05663999999999997 0.0625
4 0.5537110000000001 0.247396 0.042968000000000006 0.05729200000000001
4 0.6386719999999999 0.2311195 0.10742200000000002 0.20182300000000003
4 0.790039 0.160807 0.0625 0.089844
4 0.867676 0.13997400000000002 0.055663999999999936 0.05078200000000001
4 0.9101565 0.11914050000000001 0.05664100000000005 0.037761
