4 0.6034375 0.3522515 0.11062499999999997 0.37804899999999997
8 0.5084375 0.5131330000000001 0.07062499999999994 0.022514000000000034
6 0.4996875 0.9512195 0.135625 0.09568500000000002
4 0.02625 0.248124 0.0525 0.10600400000000001
4 0.215 0.369606 0.13374999999999998 0.15572200000000003
4 0.23312499999999997 0.448405 0.056249999999999994 0.09005600000000002
4 0.37593750000000004 0.162289 0.265625 0.324578
4 0.3321875 0.372889 0.173125 0.501876
4 0.4375 0.4863975 0.10624999999999996 0.18292699999999995
4 0.6646875 0.41181999999999996 0.37437500000000007 0.21013199999999993
4 0.6028125 0.5905255 0.12187499999999996 0.14727900000000005
4 0.6846875 0.403846 0.07562500000000005 0.267354
4 0.7709375 0.6463415 0.13812499999999994 0.25140699999999994
4 0.734375 0.419325 0.05750000000000011 0.305816
4 0.775625 0.388837 0.0675 0.34427800000000003
4 0.8678125 0.381801 0.11187499999999995 0.38461599999999996
4 0.885625 0.7570355 0.10624999999999996 0.22701700000000002
4 0.878125 0.577392 0.03500000000000003 0.10225200000000001
4 0.9196875 0.394465 0.07687500000000003 0.27861199999999997
4 0.951875 0.5830204999999999 0.08999999999999997 0.24859299999999995
4 0.9550000000000001 0.247655 0.08875 0.49531
