4 0.055 0.2158335 0.11 0.431667
4 0.08124999999999999 0.2266665 0.15875 0.453333
4 0.19468749999999999 0.1458335 0.210625 0.291667
4 0.1721875 0.229167 0.13437500000000002 0.36
4 0.28125 0.1345835 0.1975 0.269167
4 0.40218750000000003 0.1095835 0.24562500000000004 0.219167
4 0.5675 0.0820835 0.14250000000000002 0.164167
4 0.813125 0.2225 0.37250000000000005 0.445
4 0.6959375 0.2529165 0.06812499999999999 0.17083299999999998
4 0.7740625000000001 0.27625 0.06187500000000001 0.08583399999999997
4 0.8225 0.2745835 0.08624999999999994 0.08916699999999997
4 0.8921874999999999 0.26416649999999997 0.06062500000000004 0.086667
4 0.9284375 0.22291700000000003 0.08437499999999998 0.17250000000000001
3 0.491875 0.512083 0.7675 0.7975
