4 0.0830075 0.8147875 0.12304699999999999 0.2181550000000001
11 0.2636715 0.6281110000000001 0.136719 0.20204999999999995
11 0.2651365 0.42166899999999996 0.125977 0.20205
11 0.2680665 0.5300145 0.12792900000000001 0.40409900000000004
11 0.444336 0.6200585000000001 0.07617200000000002 0.15666100000000005
11 0.444824 0.5080530000000001 0.05175799999999997 0.08784800000000004
4 0.4995115 0.499268 0.999023 0.998536
4 0.1728515 0.842606 0.123047 0.16251800000000005
4 0.31689449999999997 0.8411420000000001 0.10839899999999997 0.18301599999999996
4 0.5820315 0.5058565 0.337891 0.985359
4 0.6640625 0.670571 0.21093699999999993 0.6559299999999999
4 0.84375 0.499268 0.310546 0.998536
