6 0.3671875 0.8414634999999999 0.10687500000000005 0.09005699999999994
6 0.011875 0.43902399999999997 0.010000000000000002 0.02063799999999999
6 0.0453125 0.5398685000000001 0.033125 0.04971899999999996
6 0.0721875 0.4957785 0.023125000000000007 0.030956999999999957
6 0.091875 0.429174 0.0062500000000000056 0.02157600000000004
6 0.114375 0.4319885 0.0175 0.015947000000000044
6 0.1315625 0.531426 0.026874999999999996 0.029079999999999995
6 0.163125 0.559099 0.03375 0.04315200000000008
6 0.19375 0.5014075 0.012500000000000011 0.012195000000000011
6 0.2225 0.554409 0.04249999999999998 0.05253200000000002
6 0.2534375 0.5290805000000001 0.021875000000000033 0.01313299999999995
6 0.2903125 0.5140715 0.026875000000000038 0.056284999999999974
6 0.4153125 0.5361165 0.03562499999999996 0.053471000000000046
6 0.4909375 0.5351779999999999 0.02812500000000001 0.02157599999999993
6 0.525625 0.6388365 0.020000000000000018 0.02814300000000003
6 0.5546875 0.6805815 0.02937499999999993 0.04596699999999998
6 0.6240625 0.535178 0.028125000000000067 0.025328000000000017
6 0.674375 0.6655725 0.0412499999999999 0.11726100000000006
6 0.775 0.6707315 0.04249999999999998 0.10318899999999998
6 0.83875 0.5093805 0.006250000000000089 0.011257000000000073
6 0.8990625 0.641182 0.03937499999999994 0.10975599999999996
