11 0.2828125 0.40197 0.19812500000000002 0.134146
4 0.065 0.30440900000000004 0.036250000000000004 0.05534800000000001
4 0.0953125 0.30253300000000005 0.029375 0.047841999999999996
4 0.113125 0.311914 0.01625 0.02532799999999996
4 0.1296875 0.30394 0.014374999999999999 0.028142
4 0.1509375 0.3053475 0.018125000000000002 0.03470899999999999
4 0.1796875 0.280957 0.03437499999999999 0.040337999999999985
4 0.2753125 0.303002 0.015625 0.018762
4 0.438125 0.30394 0.05625000000000002 0.07129400000000002
4 0.4871875 0.29596599999999995 0.04187500000000005 0.047841999999999996
4 0.5659375 0.32129450000000004 0.038124999999999964 0.029080999999999968
4 0.6034375 0.3184805 0.02562500000000001 0.030957000000000012
4 0.6296875 0.3194185 0.021874999999999978 0.032833
4 0.6590625 0.31379 0.03937499999999994 0.03658600000000001
4 0.709375 0.3175425 0.043749999999999956 0.055347000000000035
4 0.7615624999999999 0.32035650000000004 0.02937500000000004 0.05347099999999999
4 0.7796875 0.33442799999999995 0.024375000000000036 0.047841999999999996
4 0.8440624999999999 0.336773 0.03562499999999991 0.05253200000000002
4 0.8590625000000001 0.347561 0.024374999999999925 0.027204000000000006
4 0.8853125 0.347561 0.028125000000000067 0.030955999999999984
4 0.9040625 0.346623 0.023125000000000062 0.03658600000000001
4 0.9246875 0.3456845 0.023125000000000062 0.030957000000000012
4 0.9403125 0.347561 0.013125000000000053 0.03471000000000002
4 0.9606250000000001 0.349437 0.03874999999999995 0.027204000000000006
