2 0.1412035 0.8796295000000001 0.282407 0.24074099999999998
2 0.1358025 0.781893 0.271605 0.16872399999999999
2 0.3209875 0.8004115 0.17901300000000003 0.11934100000000003
2 0.4614195 0.75 0.09259299999999993 0.08024600000000004
2 0.5902780000000001 0.7150205000000001 0.05401200000000006 0.04320899999999994
2 0.6319445 0.755144 0.07870299999999997 0.08230400000000004
2 0.646605 0.6882714999999999 0.024691999999999936 0.026749000000000023
2 0.515432 0.7890945 0.148148 0.12551500000000004
2 0.7214505 0.7788065 0.1033949999999999 0.104939
2 0.707562 0.6738685 0.035494000000000026 0.03497899999999998
