4 0.1257035 0.113125 0.232645 0.19624999999999998
2 0.6646345 0.1396875 0.31801100000000004 0.07812499999999999
11 0.525797 0.5921875 0.28424 0.48687499999999995
4 0.14212 0.03625 0.28424 0.06999999999999999
4 0.416979 0.0575 0.304878 0.1125
4 0.6027205 0.08374999999999999 0.22607899999999997 0.06999999999999999
4 0.8025325000000001 0.0775 0.359287 0.155
2 0.276266 0.0953125 0.066604 0.03937500000000001
2 0.379925 0.100625 0.06379000000000001 0.0325
2 0.4835835 0.124375 0.22607900000000003 0.07375000000000001
2 0.7875235 0.12875 0.17729899999999998 0.0475
