2 0.114375 0.608349 0.22375 0.4212
6 0.3209375 0.719512 0.143125 0.12945600000000002
6 0.6487499999999999 0.4845215 0.08625000000000005 0.10600299999999996
6 0.7565625 0.418386 0.03187499999999999 0.065666
6 0.9125 0.5797375 0.14749999999999996 0.14634100000000005
4 0.0684375 0.173077 0.136875 0.17542200000000002
4 0.0546875 0.118668 0.084375 0.237336
4 0.12875 0.1228895 0.10875000000000001 0.245779
4 0.1415625 0.131332 0.085625 0.22514
4 0.21375 0.1280485 0.15125 0.226079
4 0.28437500000000004 0.106473 0.21000000000000002 0.212946
4 0.38687499999999997 0.1130395 0.09749999999999998 0.226079
4 0.6790625 0.1257035 0.538125 0.251407
4 0.981875 0.20590950000000002 0.03500000000000003 0.09849900000000003
2 0.703125 0.37195100000000003 0.2562500000000001 0.190432
2 0.8262499999999999 0.366323 0.10750000000000004 0.17167
