2 0.123125 0.8724655 0.24625 0.2529349999999999
2 0.1209375 0.5597655 0.179375 0.22518700000000003
2 0.24375 0.3927425 0.07124999999999998 0.10458900000000004
2 0.32781249999999995 0.323906 0.03437499999999999 0.07150399999999996
2 0.36312500000000003 0.3425825 0.05624999999999997 0.07897500000000002
2 0.4084375 0.2886875 0.018125000000000002 0.02881499999999998
2 0.421875 0.33938100000000004 0.043749999999999956 0.06403399999999998
2 0.4290625 0.2897545 0.018125000000000002 0.03094899999999995
2 0.4396875 0.2876205 0.015625 0.026680999999999955
2 0.4909375 0.4829245 0.109375 0.180363
2 0.448125 0.29989350000000004 0.015000000000000013 0.03201700000000002
2 0.49906249999999996 0.2897545 0.02437499999999998 0.03094899999999995
2 0.9140625 0.3735325 0.109375 0.08324500000000001
