4 0.6046875 0.283302 0.33187500000000003 0.45591
0 0.3084375 0.6454035 0.436875 0.46341499999999997
0 0.6134375000000001 0.6374295 0.249375 0.34052499999999997
0 0.7884375 0.6364920000000001 0.17937500000000006 0.261726
0 0.9778125 0.6519699999999999 0.04312499999999997 0.17260799999999998
4 0.49 0.1172605 0.20124999999999993 0.140713
4 0.8628125 0.5511254999999999 0.19562499999999994 0.31613499999999994
4 0.85375 0.191839 0.16749999999999998 0.257974
4 0.9575 0.2082555 0.07000000000000006 0.313321
4 0.9725 0.2490615 0.053749999999999964 0.29174500000000003
