11 0.056874999999999995 0.6920835000000001 0.027499999999999997 0.030833
4 0.03625 0.5629165 0.0725 0.18416700000000003
4 0.0565625 0.6691665 0.101875 0.1033329999999999
4 0.0975 0.5345835 0.08000000000000002 0.089167
4 0.1328125 0.6154170000000001 0.138125 0.1925
4 0.16593750000000002 0.4983335 0.05437499999999998 0.04833299999999996
4 0.2315625 0.47875 0.08812500000000001 0.1975
4 0.2903125 0.54125 0.148125 0.285834
4 0.374375 0.32958350000000003 0.16875 0.299167
4 0.49 0.3416665 0.12375000000000003 0.216667
4 0.59125 0.3625 0.14374999999999993 0.245
4 0.59125 0.505417 0.12249999999999994 0.18249999999999994
4 0.6728125 0.385 0.18437500000000007 0.193334
4 0.6734374999999999 0.264583 0.10562499999999997 0.08250000000000002
4 0.6959375 0.55125 0.11187499999999995 0.22249999999999998
4 0.7453125 0.22125 0.09437499999999999 0.120834
4 0.7831250000000001 0.27625 0.10625000000000007 0.23083399999999998
4 0.7959375 0.5004165 0.09062500000000007 0.29583300000000007
4 0.8815625 0.1879165 0.23562499999999997 0.375833
4 0.9125000000000001 0.460833 0.17374999999999996 0.45499999999999996
