6 0.0975 0.8752345 0.10999999999999999 0.09193300000000004
6 0.1740625 0.833021 0.05437500000000001 0.08630399999999994
6 0.255 0.915572 0.10750000000000001 0.09005600000000002
6 0.3309375 0.8377110000000001 0.044375 0.09943800000000003
6 0.37125 0.847092 0.036250000000000004 0.08818000000000004
6 0.4546875 0.892589 0.130625 0.10600399999999999
6 0.5809375 0.8761725 0.09062499999999996 0.05065699999999995
6 0.691875 0.825985 0.10499999999999998 0.10037600000000002
6 0.78375 0.4943715 0.0412499999999999 0.071295
6 0.8240624999999999 0.780957 0.07562499999999994 0.07035600000000009
