4 0.7928125 0.20625 0.14187499999999997 0.2175
4 0.083125 0.4391665 0.16625 0.2616669999999999
4 0.0378125 0.2770835 0.06812499999999999 0.420833
4 0.0546875 0.3325 0.06562499999999999 0.21666599999999997
4 0.22125 0.4383335 0.10499999999999998 0.22166699999999995
4 0.30625 0.4458335 0.11249999999999999 0.21666699999999994
4 0.395 0.3375 0.12625000000000003 0.31
4 0.47250000000000003 0.3716665 0.10874999999999996 0.10333300000000001
4 0.6621875 0.3991665 0.12937500000000002 0.26166700000000004
4 0.7475 0.39833300000000005 0.10875000000000001 0.26000000000000006
4 0.825625 0.4225 0.13 0.25333399999999995
4 0.9290624999999999 0.40874999999999995 0.104375 0.280834
4 0.958125 0.4095835 0.08000000000000007 0.285833
8 0.46468750000000003 0.498333 0.111875 0.034999999999999976
8 0.5987499999999999 0.440417 0.12 0.022499999999999964
