4 0.0925 0.393708 0.15500000000000003 0.594852
4 0.476875 0.46472800000000003 0.71375 0.36511000000000005
4 0.1790625 0.17778850000000002 0.028124999999999983 0.048616999999999994
4 0.2265625 0.1835085 0.05937499999999998 0.119161
4 0.28437500000000004 0.201144 0.03875000000000001 0.07244999999999999
4 0.311875 0.2116305 0.034999999999999976 0.08960900000000002
4 0.3490625 0.22545300000000001 0.021874999999999978 0.054338000000000025
4 0.3765625 0.249285 0.020625000000000004 0.04671200000000003
4 0.3996875 0.25500449999999997 0.013124999999999998 0.046711
4 0.42 0.2578645 0.010000000000000009 0.048616999999999994
4 0.450625 0.250715 0.04125000000000001 0.08961
4 0.5109375 0.29123 0.04312499999999997 0.09628199999999998
1 0.311875 0.6053385 0.12874999999999998 0.17921900000000002
