4 0.47750000000000004 0.34708350000000004 0.35375000000000006 0.584167
4 0.178125 0.3908335 0.35625 0.781667
4 0.278125 0.5037499999999999 0.19999999999999998 0.45583399999999996
4 0.71375 0.48541650000000003 0.11125000000000007 0.23416700000000001
4 0.765 0.43374999999999997 0.15375000000000005 0.32416599999999995
4 0.8153125000000001 0.4433335 0.104375 0.291667
4 0.868125 0.4495835 0.07374999999999998 0.23416700000000001
4 0.9090625 0.462917 0.04937499999999995 0.22750000000000004
4 0.9425 0.47624999999999995 0.05125000000000002 0.13583399999999995
4 0.9715625 0.51 0.026874999999999982 0.10333400000000004
4 0.9903125 0.5116665 0.015625 0.10333299999999995
3 0.3128125 0.6466665 0.130625 0.11166699999999996
