11 0.494147 0.048125 0.23913 0.09625
11 0.49916399999999994 0.140625 0.10200599999999999 0.08124999999999999
4 0.028428 0.434375 0.056856 0.15125
4 0.1137125 0.44 0.163879 0.13249999999999995
4 0.235786 0.44499999999999995 0.10702400000000001 0.1225
4 0.229097 0.36875 0.086956 0.08000000000000002
4 0.292642 0.4 0.06689 0.04750000000000004
4 0.326087 0.45625000000000004 0.08695599999999998 0.10749999999999998
4 0.394649 0.4175 0.10702399999999995 0.057499999999999996
4 0.4105355 0.466875 0.07525099999999996 0.09875
4 0.506689 0.42874999999999996 0.12709000000000004 0.15250000000000002
4 0.611204 0.380625 0.15551800000000005 0.07874999999999999
4 0.640468 0.4475 0.18394600000000005 0.10250000000000004
4 0.7658860000000001 0.365 0.23745800000000006 0.27
4 0.928094 0.365 0.14046800000000004 0.2625
