1 0.3203125 0.7591669999999999 0.628125 0.39
2 0.5603125 0.6287499999999999 0.13687500000000002 0.06916599999999995
2 0.555625 0.650833 0.10499999999999998 0.06499999999999995
2 0.5990625 0.6658335 0.09062500000000007 0.098333
2 0.6996875 0.6545835 0.14937500000000004 0.12416700000000003
2 0.7734375 0.675 0.1468750000000001 0.12
2 0.8612500000000001 0.6691665 0.15000000000000002 0.10166699999999995
2 0.895 0.682917 0.20875 0.15749999999999997
2 0.8740625 0.6079165 0.14687499999999998 0.03416699999999995
2 0.958125 0.7066665000000001 0.08250000000000002 0.146667
2 0.9709375 0.610417 0.05687500000000001 0.012499999999999956
