11 0.825 0.4125 0.11750000000000005 0.31124999999999997
4 0.2196875 0.22 0.439375 0.44
4 0.7296875 0.140625 0.5393749999999999 0.28125
2 0.4634375 0.26156250000000003 0.015625 0.011875000000000024
2 0.4778125 0.26249999999999996 0.010625000000000051 0.017500000000000016
2 0.5015625 0.2684375 0.030624999999999958 0.02937500000000004
2 0.5846875 0.27531249999999996 0.02562500000000001 0.029374999999999984
2 0.6025 0.2778125 0.02749999999999997 0.03437499999999999
2 0.6365624999999999 0.2734375 0.05437499999999995 0.05312499999999998
2 0.73125 0.2965625 0.10750000000000004 0.105625
2 0.8778125 0.4496875 0.24312500000000004 0.35687500000000005
