4 0.8731249999999999 0.4229165 0.20375 0.385833
11 0.2434375 0.35375 0.18562499999999998 0.240834
11 0.7234375 0.5104165 0.021874999999999978 0.030833
11 0.7496875000000001 0.519583 0.020625000000000004 0.03249999999999997
4 0.118125 0.382917 0.23625 0.2825000000000001
4 0.2234375 0.2445835 0.020625000000000004 0.025832999999999995
4 0.28437500000000004 0.4191665 0.065 0.206667
4 0.364375 0.41374999999999995 0.10375000000000001 0.195834
4 0.426875 0.6275 0.08374999999999999 0.11666600000000005
4 0.513125 0.4754165 0.15000000000000002 0.12916700000000003
4 0.5225 0.3779165 0.14875000000000005 0.23416700000000001
4 0.6859375000000001 0.3733335 0.16562500000000002 0.27333300000000005
