2 0.277148 0.7484375 0.31633599999999995 0.11812500000000004
4 0.046742 0.60875 0.093484 0.1775
4 0.5646835 0.6546875000000001 0.35316299999999995 0.12312500000000004
4 0.76204 0.2225 0.474032 0.44375000000000003
4 0.86119 0.5653125 0.2757320000000001 0.21687499999999998
2 0.5812085 0.733125 0.13503299999999996 0.06000000000000005
2 0.681775 0.724375 0.071766 0.03249999999999997
2 0.726629 0.7134375 0.03871599999999997 0.024374999999999925
2 0.85458 0.8640625 0.2889520000000001 0.270625
2 0.777148 0.7221875 0.071766 0.04437500000000005
2 0.9126535 0.7321875 0.1728050000000001 0.08937499999999998
2 0.84136 0.7084375 0.01322000000000001 0.013124999999999942
2 0.8503305 0.7065625 0.010386999999999924 0.016874999999999973
2 0.0212465 0.7315625 0.042493 0.02937499999999993
2 0.2001885 0.733125 0.13408899999999999 0.050000000000000044
2 0.4650615 0.7228125 0.08026500000000003 0.03562500000000002
