2 0.8683595 0.8140625 0.160157 0.16354099999999994
11 0.498047 0.4296875 0.12890600000000002 0.296875
11 0.9257815 0.6447915 0.028125000000000067 0.054166999999999965
2 0.1265625 0.8828125 0.253125 0.2302090000000001
2 0.09218699999999999 0.7255210000000001 0.02500000000000001 0.038541999999999965
2 0.1113285 0.719271 0.025781 0.03645799999999999
2 0.1328125 0.7151045 0.04062500000000001 0.034375000000000044
2 0.3566405 0.7328125 0.046092999999999995 0.048958999999999975
2 0.383984 0.7265625 0.00859399999999999 0.04270900000000011
2 0.3964845 0.726042 0.025781 0.03125
2 0.455078 0.7364584999999999 0.041406 0.04166700000000001
2 0.48046849999999997 0.720833 0.014062999999999992 0.03125
2 0.647656 0.7244795 0.026561999999999975 0.015625
2 0.680078 0.7265625 0.03359400000000001 0.05729099999999998
2 0.7117184999999999 0.728125 0.03906299999999996 0.039584000000000064
2 0.9562495 0.7239585 0.034375000000000044 0.05208299999999999
2 0.984375 0.7229165 0.029687999999999937 0.06458299999999995
2 0.9933595 0.7390625 0.011718999999999924 0.046875
