4 0.0215625 0.183865 0.043125 0.15197000000000002
4 0.3790625 0.228893 0.083125 0.212008
4 0.42093749999999996 0.20872400000000002 0.07437500000000002 0.201688
4 0.4990625 0.239681 0.06187500000000001 0.190432
4 0.54 0.237805 0.08250000000000002 0.267354
4 0.5465625000000001 0.0806755 0.07937500000000008 0.161351
4 0.6315625 0.1435275 0.11187499999999995 0.27204500000000004
4 0.683125 0.106004 0.10125000000000006 0.212008
4 0.7737499999999999 0.172139 0.20375 0.344278
4 0.9125000000000001 0.172139 0.17374999999999996 0.344278
8 0.08968749999999999 0.3513135 0.074375 0.032833
