8 0.23517949999999999 0.3753125 0.025740999999999986 0.0068749999999999645
8 0.3065525 0.358125 0.023401000000000005 0.013749999999999984
8 0.8244929999999999 0.3309375 0.02808200000000005 0.0068749999999999645
8 0.927067 0.33687500000000004 0.03666199999999997 0.012500000000000011
6 0.0152105 0.550625 0.030421 0.06125000000000003
6 0.045631500000000005 0.5084375 0.074103 0.044375
6 0.132215 0.431875 0.05538199999999999 0.06625000000000003
6 0.30187200000000003 0.6615625 0.09204399999999996 0.16437500000000005
6 0.5331515 0.9040625 0.426677 0.19062500000000004
6 0.7913415 0.495 0.025741000000000014 0.06624999999999998
6 0.8662245 0.54625 0.11934499999999992 0.05249999999999999
6 0.966069 0.5309375000000001 0.042901999999999996 0.05937500000000007
