4 0.19687500000000002 0.6426555 0.08499999999999999 0.10075299999999998
11 0.4071875 0.387947 0.125625 0.22787199999999996
11 0.42937499999999995 0.274953 0.10125 0.04519799999999996
11 0.530625 0.402542 0.10375000000000001 0.20244800000000007
11 0.5421875 0.28013200000000005 0.08062500000000006 0.03107399999999999
4 0.0153125 0.5993405 0.030625 0.18549899999999997
4 0.0375 0.606403 0.045 0.12241000000000002
4 0.07593749999999999 0.5927495 0.031875 0.12523499999999999
4 0.139375 0.564972 0.06375000000000001 0.20904
4 0.186875 0.5597925 0.046249999999999986 0.191149
4 0.25 0.5433144999999999 0.10375000000000001 0.32015099999999996
4 0.3371875 0.5061205 0.08312499999999995 0.33050900000000005
4 0.4403125 0.539548 0.12312499999999998 0.32015
4 0.5828125 0.5037665 0.12812499999999993 0.38794700000000004
4 0.6896875 0.45668549999999997 0.09062499999999996 0.401129
4 0.7915625 0.4067795 0.11062500000000008 0.448211
4 0.8659375 0.398776 0.12312500000000004 0.451036
4 0.9453125 0.3328625 0.10812500000000003 0.501883
