1 0.7945325000000001 0.420625 0.19400300000000004 0.17124999999999996
1 0.26455 0.39125 0.06525600000000001 0.05499999999999999
1 0.363316 0.379375 0.04056399999999999 0.03375
1 0.363316 0.3415625 0.021164000000000016 0.020625000000000004
1 0.3862435 0.3434375 0.03350900000000001 0.024375000000000036
1 0.414903 0.35875 0.043210000000000026 0.023749999999999993
1 0.5405645 0.33062499999999995 0.028218999999999994 0.028749999999999998
1 0.594797 0.44875 0.11375599999999997 0.12000000000000005
1 0.5956790000000001 0.369375 0.06260999999999994 0.04249999999999998
1 0.59127 0.339375 0.03439199999999998 0.027500000000000024
1 0.65873 0.37749999999999995 0.05291000000000001 0.065
1 0.6935629999999999 0.3978125 0.06437400000000004 0.09562500000000002
3 0.5868605 0.65375 0.272487 0.23250000000000004
3 0.5855379999999999 0.46062499999999995 0.12522 0.10249999999999998
