2 0.05625 0.838028 0.11 0.275288
11 0.484375 0.792574 0.015000000000000013 0.025608000000000075
11 0.5546875 0.581306 0.08437500000000009 0.08706799999999992
11 0.58875 0.7624839999999999 0.030000000000000027 0.03969199999999995
4 0.071875 0.708707 0.14375 0.22407200000000005
4 0.1396875 0.7304740000000001 0.133125 0.15749000000000002
4 0.47375 0.6792575 0.5587500000000001 0.265045
4 0.978125 0.450064 0.04249999999999998 0.06786200000000003
2 0.2371875 0.8258645 0.08062500000000003 0.11011499999999996
2 0.31437499999999996 0.8085785 0.04375000000000001 0.06017899999999998
2 0.3940625 0.802817 0.06187500000000001 0.11779800000000007
2 0.46125 0.798335 0.03249999999999997 0.04993599999999998
2 0.485625 0.797055 0.011250000000000038 0.042254000000000014
2 0.5246875 0.798335 0.020625000000000004 0.04993599999999998
2 0.5431250000000001 0.7996155 0.03749999999999998 0.052497000000000016
2 0.6174999999999999 0.800896 0.04999999999999993 0.07554399999999994
