4 0.0346875 0.5409685 0.069375 0.21973900000000002
4 0.1040625 0.5451585 0.08437499999999999 0.11266299999999996
4 0.13093749999999998 0.6061449999999999 0.079375 0.07821200000000006
4 0.20406249999999998 0.5325885 0.13562499999999997 0.16014899999999993
4 0.3846875 0.44925499999999996 0.208125 0.581936
4 0.4675 0.46694599999999997 0.20625000000000004 0.269088
4 0.5071875 0.6098695 0.22937499999999994 0.154563
4 0.6921875 0.374302 0.26937500000000003 0.30167600000000006
4 0.714375 0.3012105 0.20375 0.332403
4 0.700625 0.564246 0.08625000000000005 0.29609
4 0.8553125 0.371043 0.28812499999999996 0.59311
4 0.9521875 0.33193649999999997 0.09437499999999999 0.641527
3 0.8178125 0.6513035 0.219375 0.18156499999999998
