2 0.7840625 0.7158335 0.3968750000000001 0.3733329999999999
6 0.5003124999999999 0.734167 0.13687499999999997 0.08000000000000007
2 0.5790625 0.224583 0.208125 0.1375
2 0.5871875 0.2441665 0.17812500000000003 0.10833300000000001
2 0.598125 0.2995835 0.19500000000000006 0.18083300000000002
2 0.7153125 0.3129165 0.333125 0.180833
2 0.6815625 0.3741665 0.224375 0.141667
2 0.7353125 0.39125 0.28812499999999996 0.134166
2 0.7740625 0.4508335 0.3243750000000001 0.16333299999999995
2 0.8243750000000001 0.484583 0.265 0.12749999999999995
2 0.8521875 0.4395835 0.29437500000000005 0.089167
2 0.8934375 0.5629165 0.21187500000000004 0.18083300000000008
