2 0.0046875 0.572917 0.009375 0.022499999999999964
2 0.4996875 0.7795835 0.999375 0.439167
2 0.62 0.58875 0.043749999999999956 0.02750000000000008
2 0.1134375 0.63 0.226875 0.10000000000000009
2 0.1703125 0.8120835 0.340625 0.374167
2 0.259375 0.6229165 0.14499999999999996 0.089167
2 0.22375 0.5941665 0.07125000000000004 0.053332999999999964
2 0.4 0.7433335000000001 0.3025 0.30333299999999996
2 0.3253125 0.577083 0.059374999999999956 0.03249999999999997
2 0.3365625 0.59375 0.05687500000000001 0.039166000000000034
2 0.38375 0.6025 0.08875 0.036665999999999976
2 0.495625 0.6341665 0.13749999999999996 0.098333
2 0.558125 0.6375 0.08125000000000004 0.10166599999999992
2 0.72375 0.7641665 0.1975 0.281667
2 0.693125 0.6420835 0.12375000000000003 0.08583300000000005
2 0.840625 0.83875 0.3175 0.32083400000000006
2 0.7921875 0.61 0.048125000000000084 0.050000000000000044
2 0.8275 0.6270834999999999 0.08000000000000007 0.07416699999999998
2 0.879375 0.6420835 0.11375000000000002 0.07916699999999999
2 0.9315625000000001 0.6541665 0.135625 0.10666700000000007
