8 0.3909375 0.82125 0.21687500000000004 0.134166
8 0.5578125 0.5095835 0.28687500000000005 0.14416700000000005
4 0.0653125 0.4158335 0.130625 0.20666700000000005
4 0.0828125 0.61375 0.165625 0.16583400000000004
4 0.2028125 0.475833 0.12437500000000001 0.12
4 0.18156250000000002 0.570833 0.053125000000000006 0.08499999999999996
4 0.2596875 0.63 0.183125 0.22166599999999992
4 0.3825 0.4929165 0.11624999999999996 0.169167
4 0.740625 0.396667 0.040000000000000036 0.065
4 0.801875 0.6595835000000001 0.040000000000000036 0.07416699999999998
4 0.90625 0.5791664999999999 0.10250000000000004 0.10333300000000001
4 0.8868750000000001 0.687917 0.03500000000000003 0.03750000000000009
4 0.935 0.41541700000000004 0.12875000000000003 0.1375
4 0.9390625 0.61625 0.02562500000000001 0.029166000000000025
