1 0.654297 0.320833 0.46484400000000003 0.5187499999999999
4 0.1078125 0.209375 0.062498999999999985 0.07083400000000001
4 0.161328 0.20104149999999998 0.052344 0.07291699999999998
4 0.24375 0.108854 0.16406199999999999 0.151042
4 0.225 0.190104 0.07031199999999999 0.06145800000000001
4 0.277344 0.1979165 0.03125 0.058332999999999996
4 0.40664049999999996 0.10416650000000001 0.16796899999999998 0.152083
4 0.878125 0.1921875 0.1875 0.261459
4 0.974219 0.1828125 0.04999999999999993 0.078125
1 0.3648435 0.3046875 0.18906299999999998 0.24270899999999998
2 0.236328 0.28020849999999997 0.041406 0.052083000000000046
