6 0.7690625 0.6172610000000001 0.176875 0.15009400000000006
6 0.039375 0.4817075 0.012499999999999997 0.030957000000000012
6 0.0540625 0.4906195 0.019375000000000003 0.013133000000000006
6 0.08374999999999999 0.50985 0.042499999999999996 0.06660399999999994
6 0.1875 0.4803 0.05249999999999999 0.08442800000000006
6 0.2471875 0.5051595 0.018124999999999974 0.023452999999999946
6 0.5009375 0.512664 0.135625 0.14915600000000007
6 0.5765625 0.565666 0.02562500000000001 0.024389999999999912
6 0.6065625 0.5511254999999999 0.02187500000000009 0.027205000000000035
6 0.901875 0.5473735 0.036250000000000004 0.04971899999999996
6 0.94 0.5051595 0.04874999999999996 0.034709000000000045
6 0.98125 0.510788 0.036250000000000004 0.09287000000000001
