11 0.4125 0.5586305 0.036250000000000004 0.051594999999999946
11 0.4678125 0.5605065 0.030625000000000013 0.055347000000000035
4 0.05375 0.395872 0.1075 0.15384600000000004
4 0.16375 0.464353 0.215 0.24390200000000006
4 0.2328125 0.3419325 0.25062500000000004 0.211069
4 0.4965625 0.371013 0.29187499999999994 0.342402
4 0.6665625 0.39868649999999994 0.16312500000000008 0.22889299999999996
4 0.816875 0.46106949999999997 0.09250000000000003 0.10412699999999997
4 0.8721875 0.3954035 0.06437500000000007 0.18667899999999998
4 0.9428125 0.339118 0.11312500000000003 0.329268
