2 0.6441405 0.811916 0.089843 0.09345800000000004
0 0.18593749999999998 0.7774535 0.370313 0.27686900000000003
4 0.0183595 0.4147195 0.036719 0.07009300000000002
4 0.027344 0.35630850000000003 0.054688 0.07710299999999998
4 0.08203150000000001 0.4135515 0.079687 0.086449
4 0.219922 0.478972 0.08515600000000001 0.13551400000000002
4 0.26953099999999997 0.588201 0.04999999999999999 0.07359800000000005
4 0.275781 0.5128505 0.018750000000000044 0.07476700000000003
4 0.3308595 0.5811915 0.06953099999999995 0.139019
4 0.31562500000000004 0.4900705 0.029687999999999992 0.036215
4 0.39765649999999997 0.6209115000000001 0.08437500000000003 0.11799100000000007
4 0.408594 0.5554905 0.029687999999999992 0.08995299999999995
4 0.4589845 0.5543224999999999 0.05078100000000002 0.14369099999999996
4 0.5097655 0.5292055 0.06640700000000005 0.16121500000000005
4 0.5742185 0.6255839999999999 0.07031299999999996 0.21612200000000004
4 0.646094 0.619159 0.073438 0.205608
4 0.708594 0.6331775 0.051562 0.20093499999999997
4 0.7546875 0.6524535 0.03906299999999996 0.16238299999999994
4 0.799609 0.6483645 0.041406000000000054 0.15420499999999993
4 0.889453 0.6238319999999999 0.13984399999999997 0.1892520000000001
4 0.9828125 0.6839949999999999 0.03281299999999998 0.08294400000000002
2 0.7210935 0.786215 0.03437499999999993 0.03971999999999998
2 0.7722655 0.7891355 0.04921900000000001 0.06658900000000001
2 0.8710935 0.7943925000000001 0.07187500000000002 0.056074999999999986
