2 0.3341505 0.5 0.125817 0.10784400000000005
2 0.5547385 0.888889 0.22385700000000003 0.22222200000000003
2 0.194444 0.1862745 0.25490199999999996 0.078431
2 0.133987 0.28268000000000004 0.071896 0.055555999999999994
2 0.220588 0.759804 0.22222200000000003 0.25817
2 0.1674835 0.3047385 0.08333299999999999 0.04411700000000002
2 0.20179750000000002 0.227124 0.05718900000000002 0.039216
2 0.260621 0.256536 0.053922 0.039216
2 0.3169935 0.216503 0.039215 0.037582000000000004
2 0.374183 0.38888900000000004 0.07516400000000001 0.06536000000000003
2 0.4093135 0.343954 0.06699299999999997 0.05065400000000003
2 0.4109475 0.2026145 0.07026099999999996 0.13398700000000002
2 0.4133985 0.2965685 0.06209100000000001 0.04738500000000001
2 0.52451 0.4158495 0.07189600000000002 0.07352900000000001
2 0.5457515 0.21732 0.04248299999999994 0.032680000000000015
2 0.60866 0.19199349999999998 0.031046000000000018 0.031045000000000017
2 0.6838235 0.4403595 0.09313700000000003 0.08660099999999998
2 0.344771 0.16585 0.022876000000000007 0.031046000000000018
2 0.482026 0.23039199999999999 0.03921600000000003 0.032680000000000015
