6 0.7664065 0.65 0.1781250000000001 0.18541600000000003
6 0.11875000000000001 0.672917 0.13125 0.125
6 0.2363285 0.6739585 0.15078100000000003 0.21666699999999994
6 0.3808595 0.6635420000000001 0.169531 0.23125000000000007
6 0.5625 0.657292 0.17343799999999998 0.21875
6 0.933594 0.6833335 0.13124999999999998 0.239583
4 0.057422 0.49166699999999997 0.114844 0.37499999999999994
4 0.275 0.1645835 0.55 0.329167
4 0.47617200000000004 0.55625 0.03515600000000002 0.08125000000000004
4 0.664063 0.617708 0.03125 0.15625
4 0.8539065 0.6145835 0.046875 0.2020829999999999
4 0.9566405 0.191146 0.08515699999999993 0.382292
