2 0.4615625 0.837711 0.12062499999999998 0.12382800000000005
2 0.053125 0.809099 0.10625 0.10787999999999998
2 0.148125 0.8480300000000001 0.16875 0.1350840000000001
2 0.30375 0.8311445 0.1425 0.15572299999999994
2 0.3878125 0.7650095 0.020625000000000004 0.027204999999999924
2 0.41031249999999997 0.7767355 0.03812500000000002 0.05816100000000002
2 0.5571875 0.7790805000000001 0.024374999999999925 0.03846099999999997
2 0.8390625 0.825985 0.12937500000000002 0.13977399999999995
2 0.9043749999999999 0.815666 0.10124999999999995 0.104128
2 0.9853125 0.8433394999999999 0.028125000000000067 0.071295
