4 0.18625 0.48541650000000003 0.21000000000000002 0.455833
0 0.4125 0.682083 0.1225 0.12749999999999995
4 0.0446875 0.5604165 0.089375 0.3008330000000001
4 0.3696875 0.580417 0.18062500000000004 0.2725000000000001
4 0.5209375 0.5845834999999999 0.13437500000000002 0.09083300000000005
4 0.5778125000000001 0.5025 0.11062500000000008 0.10999999999999999
4 0.6721874999999999 0.5466664999999999 0.22187499999999993 0.19833299999999998
4 0.705625 0.6395835000000001 0.18624999999999992 0.229167
4 0.9771875 0.5675 0.04437500000000005 0.14999999999999997
2 0.4753125 0.649583 0.018125000000000002 0.02749999999999997
2 0.49656249999999996 0.6354165 0.021874999999999978 0.02083299999999999
2 0.5046875 0.632083 0.011874999999999969 0.01749999999999996
2 0.5246875 0.640417 0.02312499999999995 0.02750000000000008
2 0.546875 0.6733335 0.03374999999999995 0.04166700000000001
2 0.5409375000000001 0.6295835000000001 0.01937500000000003 0.019167000000000045
2 0.5803125 0.63625 0.020625000000000004 0.025834000000000024
2 0.5925 0.6329165 0.008750000000000036 0.009166999999999925
2 0.62 0.6675 0.03374999999999995 0.05333399999999999
2 0.7984375 0.6925 0.046875 0.05499999999999994
2 0.96875 0.78 0.06125000000000003 0.058334
