0 0.503125 0.6753605 0.21000000000000002 0.316315
4 0.1990625 0.518313 0.398125 0.46836799999999995
4 0.375 0.145394 0.6912499999999999 0.290788
4 0.5678125 0.5466145 0.11687499999999995 0.11653699999999995
4 0.6621875 0.5399555 0.06687500000000002 0.120977
4 0.7068749999999999 0.4711435 0.04874999999999996 0.21198700000000004
4 0.7440625000000001 0.5399555 0.07187500000000002 0.120977
4 0.7775 0.565483 0.043749999999999956 0.05882399999999999
2 0.2275 0.618757 0.11249999999999999 0.04106600000000005
2 0.2753125 0.6243065 0.079375 0.06548299999999996
2 0.3696875 0.663707 0.03312499999999996 0.013318000000000052
