0 0.6775 0.628049 0.32000000000000006 0.503752
4 0.0440625 0.425891 0.088125 0.150094
4 0.1403125 0.54409 0.109375 0.05253200000000002
4 0.2709375 0.55394 0.14187499999999997 0.040337999999999985
4 0.3034375 0.5375235 0.08187499999999998 0.12382700000000002
4 0.43875 0.5262665 0.14250000000000002 0.22701699999999997
4 0.5021875 0.4376175 0.09187499999999998 0.137899
4 0.7621875 0.3621015 0.17062500000000003 0.247655
4 0.8859375 0.456848 0.114375 0.17635999999999996
4 0.925 0.2743905 0.14875000000000005 0.548781
