6 0.620625 0.8310755 0.11250000000000004 0.09737499999999999
6 0.058750000000000004 0.8801859999999999 0.115 0.23793399999999998
6 0.1534375 0.7692635 0.020625000000000004 0.05673100000000009
6 0.19437500000000002 0.8742589999999999 0.0925 0.249788
6 0.4134375 0.8924639999999999 0.033125000000000016 0.21337799999999996
6 0.47500000000000003 0.8450465 0.09750000000000003 0.14225299999999996
6 0.5365625 0.8039795000000001 0.06437499999999996 0.06011899999999992
6 0.6975 0.7980525 0.09125000000000005 0.12108299999999994
6 0.78125 0.8467404999999999 0.09749999999999992 0.211685
6 0.8787499999999999 0.8437764999999999 0.05874999999999997 0.09568100000000002
6 0.9228125 0.841236 0.03437499999999993 0.10753600000000008
6 0.9659375 0.801863 0.06687500000000002 0.21337800000000007
4 0.4759375 0.4089755 0.17062500000000003 0.06943299999999997
4 0.4353125 0.4949195 0.08687500000000004 0.04657100000000003
4 0.4509375 0.464437 0.015625 0.024556000000000022
4 0.463125 0.4602035 0.011249999999999982 0.026249000000000022
4 0.48875 0.5063505 0.040000000000000036 0.05588500000000002
4 0.49312500000000004 0.4627435 0.020000000000000018 0.02455500000000005
4 0.5309375 0.495343 0.046875 0.066046
