1 0.909375 0.8893230000000001 0.09625000000000006 0.12586799999999998
2 0.5021875 0.6818580000000001 0.023125000000000062 0.03385399999999994
2 0.545625 0.6827255000000001 0.022499999999999964 0.025173
2 0.6590625 0.720052 0.0318750000000001 0.02864599999999995
2 0.6865625 0.736545 0.03312499999999996 0.02690999999999999
2 0.7378125 0.72526 0.030625000000000013 0.03211799999999998
2 0.755 0.7469615000000001 0.04499999999999993 0.0425350000000001
2 0.779375 0.7235240000000001 0.03249999999999997 0.03211799999999998
2 0.81125 0.7591145 0.05249999999999999 0.05989500000000003
2 0.8356250000000001 0.7929685 0.04999999999999993 0.04947899999999994
2 0.878125 0.8194445 0.057499999999999996 0.05729099999999998
