1 0.25406249999999997 0.7470829999999999 0.305625 0.13249999999999995
4 0.0396875 0.4775 0.079375 0.235
4 0.191875 0.6083335 0.36625 0.20333299999999999
4 0.16031250000000002 0.4620835 0.19812500000000002 0.150833
4 0.38875 0.43541700000000005 0.1925 0.16750000000000004
4 0.458125 0.57625 0.15250000000000002 0.180834
4 0.44156249999999997 0.3908335 0.05562499999999998 0.208333
4 0.565625 0.43375 0.19 0.23250000000000004
4 0.5925 0.6254165 0.19374999999999998 0.224167
4 0.735625 0.306667 0.31499999999999995 0.10000000000000003
4 0.7731250000000001 0.4279165 0.2975 0.23083299999999995
4 0.92625 0.30125 0.14625 0.284166
2 0.25625 0.73125 0.30625 0.129166
