8 0.035625000000000004 0.6458335 0.03625 0.0166670000000001
8 0.1040625 0.9575 0.10312500000000002 0.04833399999999999
8 0.1165625 0.6079165 0.016875 0.010832999999999982
8 0.13968750000000002 0.7620834999999999 0.019375000000000003 0.07083300000000003
8 0.4271875 0.6429165 0.02312499999999995 0.019166999999999934
8 0.47375 0.626667 0.036250000000000004 0.010000000000000009
8 0.5918749999999999 0.8341665 0.10750000000000004 0.06333299999999997
8 0.5675 0.6475 0.03499999999999992 0.020000000000000018
8 0.785625 0.8333335 0.09125000000000005 0.04833300000000007
8 0.936875 0.695833 0.030000000000000027 0.010000000000000009
