2 0.0978125 0.49108850000000004 0.195625 0.289869
8 0.46625000000000005 0.5 0.10500000000000004 0.07129399999999997
8 0.54625 0.314728 0.05499999999999994 0.06285200000000002
8 0.92625 0.4165105 0.07374999999999998 0.052532999999999996
2 0.09125 0.34380900000000003 0.09375 0.04596600000000001
2 0.39375000000000004 0.617261 0.6875 0.452158
2 0.2315625 0.40384600000000004 0.23812500000000003 0.12851799999999997
2 0.32062500000000005 0.3489685 0.10625000000000001 0.07692300000000002
2 0.6109375 0.3503755 0.23312500000000003 0.209193
2 0.7678125 0.354128 0.11187499999999995 0.10975599999999996
2 0.8390625 0.3855535 0.176875 0.165103
