2 0.09218749999999999 0.5841665 0.183125 0.26333300000000004
11 0.1375 0.1825 0.19375 0.183334
11 0.1353125 0.3091665 0.12437500000000001 0.046667000000000014
11 0.2028125 0.390833 0.021875000000000006 0.020000000000000018
11 0.4634375 0.4104165 0.02562500000000001 0.025832999999999995
2 0.0325 0.4620835 0.065 0.059167000000000025
2 0.2034375 0.5291665 0.17062500000000003 0.161667
2 0.3309375 0.49750000000000005 0.05812499999999998 0.08500000000000002
2 0.35 0.48375 0.07124999999999998 0.07083400000000006
2 0.4153125 0.4258335 0.009374999999999967 0.00833299999999998
2 0.42875 0.4291665 0.010000000000000009 0.008333000000000035
2 0.43843750000000004 0.4275 0.004374999999999962 0.0050000000000000044
2 0.4953125 0.43125 0.009375000000000022 0.009166000000000007
