2 0.3596875 0.7175535 0.719375 0.564893
4 0.2315625 0.180205 0.463125 0.356676
4 0.45062500000000005 0.3043885 0.16875 0.30252100000000004
4 0.5653125 0.273109 0.109375 0.189542
4 0.743125 0.3618115 0.4275 0.723623
4 0.6184375 0.264239 0.09187500000000004 0.211018
4 0.6859375000000001 0.252101 0.13437500000000002 0.358544
4 0.735 0.2829135 0.09000000000000008 0.29691900000000004
4 0.8531249999999999 0.261438 0.04625000000000001 0.300654
4 0.890625 0.245098 0.040000000000000036 0.279178
4 0.916875 0.1755365 0.043749999999999956 0.296919
2 0.0884375 0.5536885 0.176875 0.334267
2 0.1490625 0.415033 0.290625 0.18394
2 0.308125 0.4215685 0.14750000000000002 0.12418299999999999
2 0.4403125 0.434174 0.030625000000000013 0.06909399999999999
2 0.5628124999999999 0.39495800000000003 0.01937500000000003 0.011204000000000047
2 0.5796874999999999 0.39169 0.01937500000000003 0.02521000000000001
2 0.6000000000000001 0.3954245 0.016249999999999987 0.028945
2 0.55625 0.5490195 0.2525 0.30252100000000004
