3 0.0834375 0.5935755 0.06937499999999999 0.09590299999999996
3 0.24875 0.757449 0.09000000000000002 0.11825000000000008
3 0.3415625 0.47579099999999996 0.033125000000000016 0.05586599999999997
3 0.39156250000000004 0.601024 0.06937500000000002 0.11824999999999997
3 0.475625 0.7146185 0.09750000000000003 0.12756099999999992
3 0.5640625 0.4692735 0.026874999999999982 0.04655500000000001
3 0.5734375 0.40363099999999996 0.028125000000000067 0.025139999999999996
3 0.6015625 0.43249550000000003 0.028124999999999956 0.040037000000000045
3 0.6915625000000001 0.5581935 0.06312499999999999 0.09031699999999998
3 0.7478125 0.787244 0.12937500000000002 0.17411600000000005
3 0.9578125 0.700652 0.083125 0.10707600000000006
