4 0.1984375 0.7066665 0.109375 0.15833300000000006
7 0.8228125 0.766667 0.353125 0.4650000000000001
4 0.026875 0.6920835 0.04125 0.06916699999999998
4 0.0803125 0.69125 0.058125 0.08416599999999996
4 0.11375 0.7224999999999999 0.035 0.05999999999999994
4 0.3371875 0.6741665 0.06312500000000004 0.17333299999999996
4 0.360625 0.675 0.09125 0.10666600000000004
4 0.4028125 0.6483335 0.06437500000000002 0.14333299999999993
4 0.4496875 0.6154165 0.06812499999999999 0.18083300000000002
4 0.4671875 0.66125 0.018125000000000002 0.0475000000000001
4 0.5253125 0.587083 0.10812499999999997 0.1725
4 0.9434374999999999 0.5408335 0.09437499999999999 0.093333
