1 0.8415625 0.347863 0.316875 0.348718
4 0.421875 0.007265 0.22124999999999995 0.01453
4 0.5828125 0.010684 0.07687499999999992 0.021368
4 0.833125 0.060684 0.3325 0.121368
2 0.0678125 0.2277775 0.12687500000000002 0.24017099999999997
2 0.4865625 0.5700855 0.7593749999999999 0.858119
2 0.2471875 0.20384649999999999 0.23687499999999997 0.199145
2 0.5871875 0.251282 0.266875 0.23077000000000003
2 0.786875 0.24786350000000001 0.31000000000000005 0.300855
2 0.8546875 0.3517095 0.28937500000000005 0.37692299999999995
