8 0.4390625 0.4507505 0.03812500000000002 0.025329000000000046
6 0.39875000000000005 0.6880865 0.07500000000000001 0.11350899999999997
4 0.034375 0.368668 0.06875 0.09193200000000001
4 0.0925 0.37242 0.04000000000000001 0.06566599999999995
4 0.1325 0.363508 0.042499999999999996 0.08724200000000004
4 0.17531249999999998 0.3663225 0.045625 0.09287100000000004
4 0.5928125 0.381801 0.02562500000000001 0.05816200000000005
4 0.6231249999999999 0.3761725 0.04500000000000004 0.07692300000000002
4 0.6543749999999999 0.3513135 0.05625000000000002 0.09662300000000001
4 0.6903125000000001 0.301126 0.020625000000000004 0.022514000000000034
4 0.8396875 0.3198875 0.31937499999999996 0.14446500000000004
