6 0.46687500000000004 0.6633335 0.12375000000000003 0.08333299999999999
4 0.0540625 0.19875 0.108125 0.3975
4 0.4996875 0.1833335 0.999375 0.356667
4 0.10593749999999999 0.05 0.138125 0.1
4 0.26968749999999997 0.03625 0.18562499999999998 0.0725
4 0.494375 0.0620835 0.08749999999999997 0.124167
4 0.5484374999999999 0.06625 0.020625000000000004 0.1325
4 0.6040625 0.0904165 0.028125000000000067 0.180833
4 0.6346875 0.0945835 0.016874999999999973 0.189167
4 0.666875 0.1129165 0.030000000000000027 0.225833
4 0.6875 0.1120835 0.02750000000000008 0.224167
4 0.729375 0.1108335 0.03374999999999995 0.221667
4 0.8928125 0.7637499999999999 0.213125 0.44583399999999995
