2 0.60125 0.5958335 0.11499999999999999 0.11833300000000002
11 0.303125 0.3883335 0.04624999999999996 0.053332999999999964
11 0.29500000000000004 0.4341665 0.027500000000000024 0.038333000000000006
11 0.53625 0.41833299999999995 0.03249999999999997 0.04999999999999999
4 0.079375 0.0966665 0.15875 0.193333
4 0.11875 0.4325 0.2375 0.49500000000000005
4 0.346875 0.4 0.3737499999999999 0.56
4 0.371875 0.3508335 0.40875000000000006 0.701667
4 0.43312500000000004 0.39 0.47375 0.48
4 0.41375 0.3725 0.43000000000000005 0.5850000000000001
4 0.82125 0.4041665 0.13750000000000007 0.348333
4 0.88 0.36250000000000004 0.17500000000000004 0.448334
4 0.96 0.3375 0.07750000000000001 0.21166599999999997
2 0.70625 0.5666665 0.05999999999999994 0.043332999999999955
2 0.954375 0.599167 0.08875 0.125
