1 0.30062500000000003 0.8189495 0.22749999999999998 0.31144499999999997
1 0.16749999999999998 0.95591 0.1925 0.08630400000000005
1 0.22468749999999998 0.696998 0.19562500000000002 0.31895000000000007
1 0.44937499999999997 0.9634145000000001 0.195 0.071295
1 0.4240625 0.5318944999999999 0.138125 0.22701699999999997
1 0.4853125 0.605066 0.145625 0.28142599999999995
1 0.6140625 0.6927765 0.193125 0.333021
1 0.5725 0.3860225 0.09250000000000003 0.17729899999999998
1 0.6053124999999999 0.44136949999999997 0.114375 0.20731699999999997
1 0.67625 0.5375235 0.13375000000000004 0.23076900000000006
1 0.6503125000000001 0.302064 0.07562499999999994 0.125704
1 0.698125 0.329268 0.10250000000000004 0.15572200000000003
1 0.7078125 0.2242025 0.06562499999999993 0.09193299999999999
1 0.750625 0.39352699999999996 0.10749999999999993 0.19230799999999998
1 0.7462500000000001 0.19793650000000002 0.05500000000000005 0.075047
1 0.7590625 0.267824 0.06312499999999999 0.10600399999999999
1 0.7953125 0.2847095 0.06937499999999996 0.11726099999999998
1 0.7996875000000001 0.20872449999999998 0.073125 0.057222999999999996
1 0.790625 0.1655725 0.05125000000000002 0.059098999999999985
1 0.8396874999999999 0.2424955 0.083125 0.09099499999999999
1 0.8625 0.1674485 0.04500000000000004 0.05909900000000001
