0 0.142974 0.506536 0.18464 0.183006
0 0.2303925 0.4330065 0.10457499999999997 0.10784300000000002
0 0.3472225 0.495915 0.14215699999999998 0.17810400000000004
0 0.39134 0.4297385 0.08006600000000003 0.07843099999999997
2 0.334967 0.386438 0.029411999999999994 0.017974000000000045
2 0.4346405 0.389706 0.03594700000000001 0.02777799999999997
2 0.485294 0.41830049999999996 0.04902000000000001 0.04901899999999998
2 0.5008170000000001 0.387255 0.04411799999999999 0.029411999999999994
2 0.607843 0.4468955 0.07189599999999996 0.053921
2 0.9550655 0.7254905 0.08660099999999993 0.15359500000000004
