6 0.0253905 0.5625 0.050781 0.08398400000000006
6 0.034505 0.497559 0.032552 0.03808600000000001
6 0.07421849999999999 0.506348 0.041666999999999996 0.051758000000000026
6 0.16341150000000002 0.522949 0.131511 0.09081999999999996
6 0.2688805 0.5268554999999999 0.07161500000000001 0.04199300000000006
6 0.438802 0.5195315 0.036458000000000046 0.015625
6 0.499349 0.517578 0.027343999999999924 0.04296800000000006
6 0.6308595 0.5512695 0.11588500000000002 0.03417899999999996
6 0.7252605 0.5175780000000001 0.03645900000000002 0.019531999999999994
6 0.7890625 0.5234375 0.05729099999999998 0.021484999999999976
6 0.8886715000000001 0.5141605 0.050781000000000076 0.02636700000000003
4 0.093099 0.1821285 0.186198 0.22363300000000003
4 0.1184895 0.3242185 0.236979 0.189453
4 0.3522135 0.48779300000000003 0.14192700000000003 0.07324200000000003
4 0.486328 0.3745115 0.23046800000000006 0.282227
4 0.8417969999999999 0.395996 0.313802 0.23925800000000003
