10 0.0914765 0.8930635 0.07692299999999999 0.14836300000000002
10 0.1554055 0.8853565 0.082121 0.15799699999999994
10 0.2344075 0.8892100000000001 0.059251000000000026 0.16570399999999996
10 0.308732 0.888728 0.07484400000000002 0.16088599999999997
10 0.453742 0.8868015 0.06548799999999999 0.160887
10 0.5379419999999999 0.8824665 0.07588399999999995 0.16955700000000007
10 0.6049895000000001 0.884393 0.07692299999999996 0.16570400000000007
10 0.683472 0.8896915000000001 0.06548799999999999 0.16281299999999999
10 0.7515590000000001 0.8901735 0.07484400000000002 0.15414300000000003
10 0.8191265 0.887765 0.09355500000000005 0.14547200000000005
10 0.8981285 0.8887285 0.07276499999999997 0.15703299999999998
