6 0.055 0.8935275 0.11 0.20731699999999997
6 0.1696875 0.575985 0.031875000000000014 0.07316999999999996
6 0.390625 0.5530015 0.012499999999999956 0.057223000000000024
6 0.46062499999999995 0.6153845 0.10374999999999995 0.09380900000000003
6 0.515 0.6378985 0.05624999999999997 0.165103
6 0.6074999999999999 0.631332 0.12875000000000003 0.08442799999999995
6 0.700625 0.5534705 0.01749999999999996 0.07692299999999996
6 0.7384375000000001 0.6013135000000001 0.03937500000000005 0.05816100000000002
6 0.9325 0.510788 0.04125000000000001 0.07223199999999996
4 0.4659375 0.1364915 0.13812500000000005 0.25422100000000003
4 0.7171875 0.1876175 0.17937500000000006 0.335835
