11 0.05625 0.434803 0.105 0.11538400000000004
11 0.169375 0.43198899999999996 0.10625 0.113508
11 0.28 0.4319885 0.10500000000000001 0.117261
11 0.39125 0.42636050000000003 0.10375000000000001 0.11538500000000002
11 0.5275000000000001 0.4010315 0.15875000000000006 0.182927
11 0.5390625 0.7143525 0.015625 0.029081000000000023
11 0.5371874999999999 0.7424955 0.0068750000000000755 0.012194999999999956
11 0.7978125 0.654315 0.020625000000000004 0.10975599999999996
2 0.1203125 0.7481234999999999 0.08687500000000001 0.098499
2 0.22 0.741557 0.04125000000000001 0.038461999999999996
2 0.3828125 0.7757975 0.140625 0.16135100000000002
