6 0.3375 0.557001 0.017591999999999997 0.02106600000000003
6 0.428241 0.52974 0.0046299999999999675 0.00867400000000007
6 0.466204 0.5216855 0.004630000000000023 0.00991300000000006
6 0.48796300000000004 0.537175 0.01851799999999998 0.021065999999999918
6 0.5175925 0.5322180000000001 0.012963000000000058 0.018587999999999938
6 0.5384255 0.521685 0.012037000000000075 0.01734800000000003
6 0.5504629999999999 0.520446 0.006481999999999988 0.01734800000000003
6 0.5736110000000001 0.513011 0.006481999999999988 0.012391999999999959
6 0.648611 0.5892195 0.15462999999999993 0.17224299999999992
6 0.7953705 0.51487 0.03148099999999998 0.02602199999999999
6 0.9314815000000001 0.5848825 0.05925900000000006 0.07187100000000002
