0 0.575625 0.5395835 0.5425 0.43916700000000003
2 0.012812500000000001 0.615 0.024375 0.013333999999999957
2 0.1090625 0.610417 0.023124999999999993 0.012499999999999956
2 0.1459375 0.60625 0.029374999999999984 0.01749999999999996
2 0.18062499999999998 0.59875 0.03 0.03249999999999997
2 0.2465625 0.595 0.019374999999999976 0.030000000000000027
2 0.2665625 0.5958330000000001 0.030625000000000013 0.04500000000000004
2 0.28 0.5975 0.044999999999999984 0.04166599999999998
2 0.298125 0.5762499999999999 0.00874999999999998 0.022500000000000075
2 0.87125 0.574167 0.08250000000000002 0.06000000000000005
2 0.9125000000000001 0.5770835 0.12124999999999997 0.05916699999999997
2 0.9862500000000001 0.5666665 0.026249999999999996 0.031667
