1 0.435 0.57 0.8250000000000001 0.726666
2 0.9375 0.2708335 0.10749999999999993 0.141667
2 0.273125 0.2491665 0.09375 0.04833299999999999
2 0.30625 0.2425 0.0625 0.04500000000000001
2 0.345 0.24 0.014999999999999958 0.01999999999999999
2 0.42625 0.246667 0.03750000000000003 0.02999999999999997
2 0.4475 0.2466665 0.04999999999999999 0.026666999999999996
2 0.4575 0.25 0.027500000000000024 0.026665999999999995
2 0.4925 0.2458335 0.04749999999999999 0.038333000000000006
2 0.5475000000000001 0.2416665 0.07750000000000001 0.046667000000000014
2 0.62625 0.2475 0.09250000000000003 0.07166600000000001
2 0.6775 0.26416649999999997 0.10749999999999993 0.06166699999999997
2 0.693125 0.22083350000000002 0.043749999999999956 0.02166700000000002
2 0.850625 0.2675 0.06874999999999998 0.07166600000000001
