6 0.8390625 0.6600755 0.181875 0.15254299999999998
8 0.135625 0.359228 0.08750000000000001 0.04425599999999996
8 0.3540625 0.349812 0.08812500000000001 0.04425600000000002
8 0.8359375 0.131356 0.0731250000000001 0.04049000000000001
6 0.034375 0.269774 0.01125 0.016008000000000022
6 0.1796875 0.920904 0.18062500000000004 0.05649800000000005
6 0.3625 0.8874765 0.06374999999999997 0.12711899999999998
6 0.67625 0.4317325 0.04875000000000007 0.042372999999999994
5 0.25187499999999996 0.593691 0.09625 0.27212800000000004
5 0.4409375 0.823917 0.18687500000000007 0.350282
