11 0.0325 0.529583 0.008749999999999997 0.022499999999999964
11 0.059687500000000004 0.52 0.040625 0.013333999999999957
11 0.1028125 0.5216665 0.013124999999999998 0.016666999999999987
11 0.1196875 0.5283335 0.014374999999999985 0.018332999999999933
11 0.2153125 0.5662499999999999 0.013124999999999998 0.02416600000000002
11 0.3659375 0.5387500000000001 0.014374999999999971 0.03749999999999998
11 0.4353125 0.5508335 0.046875 0.043332999999999955
11 0.435 0.5662499999999999 0.043749999999999956 0.02416600000000002
11 0.635 0.4 0.06374999999999997 0.05166599999999999
11 0.7403124999999999 0.2608335 0.07062500000000005 0.046667000000000014
11 0.7396875 0.335417 0.0681250000000001 0.19750000000000004
11 0.7409375 0.3254165 0.06937499999999996 0.08583300000000005
11 0.7415625 0.40125 0.05812499999999998 0.0625
