6 0.44781250000000006 0.690833 0.153125 0.25
6 0.22499999999999998 0.19124999999999998 0.024999999999999994 0.030834
6 0.28312499999999996 0.1875 0.034999999999999976 0.04166599999999998
6 0.3415625 0.1954165 0.01937500000000003 0.029167
6 0.4359375 0.065 0.009374999999999967 0.011665999999999996
6 0.47406250000000005 0.08583350000000001 0.013124999999999998 0.011666999999999997
6 0.7296875 0.1175 0.015625 0.013333999999999999
6 0.7518750000000001 0.12208350000000001 0.012500000000000067 0.019167000000000003
6 0.7728124999999999 0.12291650000000001 0.020625000000000004 0.014166999999999999
6 0.8134375 0.12375 0.016874999999999973 0.02583400000000001
6 0.8365625 0.119167 0.014375000000000027 0.009999999999999995
