1 0.08687500000000001 0.9182245 0.105 0.12803699999999996
11 0.37906249999999997 0.6411215 0.018125000000000002 0.05420500000000006
11 0.5506249999999999 0.757009 0.015000000000000013 0.04859800000000003
11 0.566875 0.763084 0.011249999999999982 0.036448000000000036
11 0.6071875 0.554673 0.02562500000000001 0.103738
11 0.6596875 0.6686915 0.03312500000000007 0.10934500000000003
11 0.69875 0.5850465 0.08875 0.14953300000000003
4 0.01625 0.7696259999999999 0.0325 0.16542
4 0.23031249999999998 0.7738320000000001 0.019375000000000003 0.08037400000000006
4 0.2484375 0.7766355 0.021875000000000033 0.08224299999999996
4 0.4653125 0.8317755 0.04062499999999997 0.07850500000000005
4 0.78375 0.7883180000000001 0.04250000000000009 0.03831799999999996
4 0.849375 0.775701 0.05499999999999994 0.08411199999999996
4 0.8853125 0.653271 0.07562499999999994 0.3831780000000001
4 0.9528125000000001 0.667757 0.07562499999999994 0.346728
2 0.228125 0.9032709999999999 0.06 0.06635599999999997
2 0.27031249999999996 0.884112 0.029374999999999984 0.04859799999999992
2 0.43562500000000004 0.8915885 0.06 0.07850500000000005
