8 0.499286 0.212857 0.06428600000000007 0.048572000000000004
8 0.6885715 0.6023805 0.011428999999999911 0.012380999999999975
8 0.7217855 0.632857 0.016429000000000027 0.014286000000000021
6 0.099286 0.859048 0.014285999999999993 0.03047600000000006
6 0.16785699999999998 0.852381 0.01999999999999999 0.013334000000000068
6 0.2417855 0.85 0.012142999999999987 0.025714000000000015
6 0.4235715 0.635238 0.16285700000000003 0.169524
6 0.40607150000000003 0.8209525 0.09928500000000001 0.17333299999999996
6 0.7110715 0.7390475 0.039285000000000014 0.060953000000000035
6 0.7621425 0.749524 0.042857000000000034 0.040000000000000036
4 0.010357 0.642381 0.020714 0.06571400000000005
4 0.035714 0.67 0.030000000000000002 0.03142800000000001
4 0.08357149999999999 0.6609525 0.078571 0.07238099999999992
4 0.156786 0.6647615 0.06500000000000002 0.07238100000000003
4 0.258214 0.6747615 0.14500000000000002 0.08285699999999996
