11 0.55125 0.2216665 0.11625000000000002 0.208333
4 0.0265625 0.345 0.053125 0.11333399999999999
4 0.1103125 0.31999999999999995 0.129375 0.11166599999999999
4 0.5434375 0.3079165 0.900625 0.615833
4 0.22125 0.26708350000000003 0.11875000000000002 0.18416700000000003
4 0.37812500000000004 0.3125 0.08625 0.08666600000000002
4 0.9125000000000001 0.2508335 0.17374999999999996 0.501667
2 0.0584375 0.44333350000000005 0.116875 0.096667
2 0.1865625 0.4408335 0.13937499999999997 0.091667
2 0.2884375 0.4266665 0.09562499999999999 0.10833300000000001
2 0.3309375 0.4241665 0.06437499999999996 0.093333
2 0.428125 0.4379165 0.11125000000000002 0.089167
2 0.4978125 0.4258335 0.06687500000000002 0.06166699999999997
2 0.546875 0.4304165 0.03125 0.06083299999999997
2 0.5996875 0.432083 0.046875 0.057499999999999996
2 0.661875 0.42791650000000003 0.07000000000000006 0.08583299999999999
2 0.7581249999999999 0.4304165 0.0737500000000001 0.07416700000000004
2 0.89625 0.4354165 0.07374999999999998 0.06416700000000003
