6 0.9290624999999999 0.867854 0.073125 0.11808799999999997
6 0.005 0.722118 0.01 0.06091800000000003
6 0.076875 0.8345830000000001 0.04875000000000001 0.06654199999999999
6 0.164375 0.8739455 0.01874999999999999 0.04217499999999996
6 0.224375 0.8856605 0.05249999999999999 0.069353
6 0.3146875 0.931584 0.07687500000000003 0.0806
6 0.38093750000000004 0.705717 0.01687500000000003 0.052483999999999975
6 0.40031249999999996 0.46063750000000003 0.014374999999999971 0.01593300000000003
6 0.416875 0.7558575000000001 0.03500000000000003 0.025305000000000022
6 0.47 0.6326149999999999 0.02250000000000002 0.009372000000000047
6 0.466875 0.447048 0.011249999999999982 0.011245999999999978
6 0.5425 0.8153699999999999 0.050000000000000044 0.07497600000000004
6 0.5296875000000001 0.4311155 0.011874999999999969 0.013120999999999994
6 0.5628124999999999 0.4465795 0.014374999999999916 0.017807000000000017
6 0.5903125 0.633083 0.02562500000000001 0.0403
6 0.5890625 0.429241 0.010624999999999996 0.016869999999999996
6 0.6140625 0.44048750000000003 0.021874999999999978 0.024366999999999972
6 0.650625 0.7900659999999999 0.04625000000000001 0.06372999999999995
6 0.6896875 0.4236175 0.014375000000000027 0.013120999999999994
6 0.7071875 0.4156515 0.015625 0.029052999999999995
6 0.7334375 0.41658850000000003 0.011874999999999969 0.019681000000000004
6 0.7709375 0.694939 0.03562499999999991 0.05342000000000002
6 0.8065625000000001 0.4437675 0.024374999999999925 0.023431000000000035
6 0.863125 0.679475 0.05125000000000002 0.073102
6 0.8812500000000001 0.5065605 0.015000000000000013 0.030927000000000038
6 0.9546875 0.4522025 0.024375000000000036 0.029052999999999995
6 0.97875 0.681818 0.04125000000000001 0.04967200000000005
4 0.23812499999999998 0.37769450000000004 0.47375 0.198687
4 0.586875 0.2722585 0.625 0.544517
4 0.9009375 0.2427365 0.19687500000000002 0.292409
