6 0.47281249999999997 0.4401855 0.07437500000000002 0.11846699999999999
8 0.18156250000000002 0.37107999999999997 0.02312499999999998 0.03832799999999997
8 0.4565625 0.0894305 0.026874999999999982 0.034843
8 0.5059375 0.0429735 0.025625000000000064 0.027875000000000004
8 0.72875 0.078397 0.03374999999999995 0.033682000000000004
8 0.7628125 0.0917535 0.024375000000000036 0.030197
8 0.9125 0.1045295 0.03249999999999997 0.018583000000000002
6 0.0275 0.402439 0.055 0.11265999999999998
6 0.333125 0.531359 0.05125000000000002 0.154472
6 0.7128125000000001 0.48257849999999997 0.09312500000000001 0.15214899999999998
