8 0.1322685 0.469624 0.04217299999999999 0.017357999999999985
8 0.1329075 0.3963355 0.012779000000000013 0.015429000000000026
8 0.1591055 0.41272949999999997 0.029393000000000002 0.02121500000000004
8 0.1961665 0.3828355 0.026837 0.015429000000000026
8 0.199361 0.1648985 0.015335999999999989 0.007715
8 0.2383385 0.392478 0.024280999999999997 0.011572000000000027
8 0.25591050000000004 0.37319199999999997 0.010863000000000012 0.0038579999999999726
8 0.28402550000000004 0.433462 0.03514299999999998 0.018322000000000005
8 0.279233 0.159595 0.007668000000000008 0.0009639999999999926
8 0.307987 0.16779149999999998 0.011502000000000012 0.009642999999999985
8 0.343131 0.360656 0.012780000000000014 0.005786000000000013
8 0.4070285 0.43924799999999997 0.025559 0.016393999999999964
8 0.4402555 0.42237199999999997 0.03578300000000001 0.01735800000000004
8 0.46613400000000005 0.4541945 0.021085999999999994 0.009642999999999957
8 0.513738 0.417551 0.025560000000000027 0.011572000000000027
8 0.5476035 0.4469625 0.024280999999999997 0.02025100000000002
8 0.5974445 0.44021200000000005 0.026837 0.018322000000000005
8 0.6939295 0.38572850000000003 0.026837 0.02121500000000004
8 0.7226835 0.4315335 0.030671000000000004 0.02025100000000002
8 0.7833865 0.39440699999999995 0.029393000000000002 0.023143999999999998
8 0.8389774999999999 0.449373 0.023002999999999996 0.01928599999999997
8 0.880192 0.41851499999999997 0.026197999999999944 0.009644000000000041
8 0.9003195 0.29218900000000003 0.026837 0.01543
