0 0.0415625 0.1880865 0.083125 0.11538499999999999
0 0.268125 0.17917450000000001 0.365 0.206379
4 0.0646875 0.1482175 0.078125 0.07504699999999999
4 0.4715625 0.1383675 0.02562500000000001 0.029080999999999982
4 0.5628124999999999 0.141651 0.14437500000000003 0.08818
4 0.7659374999999999 0.0942775 0.2231249999999999 0.05909900000000001
4 0.854375 0.1289865 0.03125 0.032833
4 0.88625 0.0900565 0.03500000000000003 0.060037
4 0.8840625 0.128049 0.02312499999999995 0.04596599999999999
4 0.9196875 0.131801 0.04562500000000003 0.049718
4 0.9337500000000001 0.09521550000000001 0.05874999999999997 0.053471000000000005
2 0.128125 0.337711 0.25625 0.32270200000000004
2 0.5096875 0.443246 0.933125 0.672608
