2 0.2353125 0.6839405 0.325625 0.44351099999999993
2 0.18625 0.611111 0.3725 0.432306
2 0.4996875 0.6918765 0.999375 0.614379
2 0.65125 0.8576095 0.6725000000000001 0.28291299999999997
2 0.40531249999999996 0.474323 0.12687500000000002 0.21101800000000004
2 0.675625 0.5074695 0.15500000000000003 0.20634899999999995
2 0.8356250000000001 0.764239 0.3037500000000001 0.31839400000000007
2 0.8596874999999999 0.5994395 0.2743749999999999 0.24463100000000004
2 0.8884375 0.34126999999999996 0.22187500000000004 0.193278
2 0.8221875 0.21708650000000002 0.015625 0.021474999999999994
2 0.8434375000000001 0.209617 0.021874999999999978 0.03267999999999999
2 0.4725 0.4915965 0.20499999999999996 0.174603
2 0.5103125 0.5746964999999999 0.280625 0.310925
