8 0.7159374999999999 0.3729165 0.135625 0.06083299999999997
2 0.415 0.687917 0.2975 0.37250000000000005
4 0.1003125 0.3458335 0.06562499999999999 0.07333299999999998
4 0.34875 0.37083299999999997 0.03375 0.044999999999999984
4 0.5859375 0.3570835 0.14312499999999995 0.23083299999999998
4 0.8340624999999999 0.3916665 0.09687499999999993 0.093333
4 0.94875 0.18666649999999999 0.10125000000000006 0.371667
4 0.9237500000000001 0.39291699999999996 0.036250000000000004 0.027500000000000024
8 0.309375 0.2391665 0.10375000000000001 0.09166699999999997
2 0.32375 0.5295835 0.0675 0.06416700000000003
2 0.8871875 0.5 0.13937500000000003 0.10166600000000003
2 0.9503125 0.4675 0.06937499999999996 0.03999999999999998
