4 0.05875 0.355085 0.1175 0.266102
11 0.48500000000000004 0.6279665 0.9525 0.32372899999999993
4 0.20937499999999998 0.43305099999999996 0.05875 0.10339000000000004
4 0.27625 0.4398305 0.0675 0.06949100000000002
4 0.36812500000000004 0.45339 0.12374999999999997 0.069492
4 0.485 0.379661 0.11749999999999994 0.21017000000000002
4 0.603125 0.351695 0.10624999999999996 0.245762
4 0.6825 0.36016950000000003 0.1100000000000001 0.228813
4 0.8043750000000001 0.374576 0.15875000000000006 0.19661
4 0.940625 0.41016949999999996 0.11625000000000008 0.349153
