11 0.45687500000000003 0.625 0.06875000000000003 0.10833399999999993
11 0.545625 0.6233335 0.07374999999999998 0.11166699999999996
11 0.6325000000000001 0.625833 0.06375000000000008 0.10499999999999998
4 0.0446875 0.31041650000000004 0.089375 0.47916700000000007
4 0.170625 0.2870835 0.22249999999999998 0.574167
4 0.345 0.1208335 0.26875 0.241667
4 0.525 0.177917 0.19 0.1725
4 0.6793750000000001 0.33375 0.18875000000000008 0.5325
4 0.8049999999999999 0.28875 0.22624999999999995 0.524166
4 0.930625 0.2904165 0.13750000000000007 0.580833
