0 0.365 0.6441665 0.7224999999999999 0.608333
0 0.924375 0.21666649999999998 0.12374999999999992 0.213333
0 0.938125 0.0533335 0.12125000000000008 0.103333
0 0.920625 0.1141665 0.07374999999999998 0.06833299999999999
0 0.9337500000000001 0.1416665 0.08999999999999997 0.113333
2 0.13125 0.950833 0.23249999999999998 0.09499999999999997
2 0.471875 0.865 0.29874999999999996 0.26666600000000007
2 0.66625 0.0333335 0.03750000000000009 0.033333
2 0.6993750000000001 0.340833 0.09124999999999994 0.11499999999999999
2 0.6837500000000001 0.056666499999999995 0.04749999999999999 0.033332999999999995
2 0.808125 0.6433329999999999 0.18874999999999997 0.21000000000000008
2 0.7693749999999999 0.48250000000000004 0.09124999999999994 0.14500000000000007
2 0.760625 0.06 0.043749999999999956 0.04
2 0.8525 0.4125 0.11750000000000005 0.118334
2 0.85875 0.1225 0.050000000000000044 0.04833399999999999
2 0.9099999999999999 0.5183329999999999 0.14 0.16000000000000003
2 0.9650000000000001 0.350833 0.0675 0.10499999999999998
2 0.971875 0.4425 0.053750000000000075 0.128334
2 0.98125 0.135 0.03500000000000003 0.046666
