1 0.374375 0.7526109999999999 0.15500000000000003 0.10835600000000001
1 0.230625 0.7434725 0.04375000000000001 0.061356999999999995
1 0.2515625 0.7545695 0.06812500000000002 0.06266299999999991
2 0.079375 0.729112 0.04499999999999999 0.050914000000000015
2 0.12125 0.7408615000000001 0.05875000000000001 0.053524999999999934
2 0.175 0.7434725 0.06375 0.06396899999999994
2 0.22999999999999998 0.739556 0.08249999999999999 0.061358000000000024
2 0.3178125 0.721932 0.078125 0.09138400000000002
2 0.38249999999999995 0.7356395 0.14375 0.1187990000000001
2 0.9468749999999999 0.800261 0.057499999999999996 0.09138399999999991
