4 0.7109375 0.1710935 0.1749989999999999 0.18593700000000002
6 0.12109349999999999 0.605469 0.123437 0.057811999999999975
6 0.441406 0.774219 0.19531200000000004 0.12968800000000003
6 0.838281 0.835156 0.135938 0.12968800000000003
6 0.8585935 0.5375 0.14531300000000003 0.13749999999999996
4 0.12109349999999999 0.016406 0.067187 0.032812
4 0.188281 0.1171875 0.114062 0.153125
4 0.42500000000000004 0.20703149999999998 0.3875 0.154687
4 0.9695315 0.208594 0.057813 0.10156200000000001
2 0.2953125 0.299219 0.021875000000000033 0.04531200000000002
2 0.359375 0.3062495 0.09999999999999998 0.07187500000000002
2 0.4546875 0.289844 0.05312500000000003 0.03281200000000001
2 0.503906 0.285938 0.029688000000000048 0.024999999999999967
2 0.5585935 0.3023435 0.07343699999999997 0.04843700000000001
