4 0.096875 0.353702 0.19375 0.31133
4 0.108125 0.248439 0.19374999999999998 0.418376
4 0.16312500000000002 0.223907 0.16 0.417484
4 0.20437499999999997 0.187779 0.13999999999999999 0.375558
4 0.31375 0.1815345 0.20500000000000002 0.363069
4 0.3715625 0.189117 0.218125 0.37645
4 0.41062499999999996 0.2453165 0.19374999999999998 0.490633
4 0.47281249999999997 0.2729705 0.17187499999999994 0.545941
4 0.505 0.26583399999999996 0.09749999999999998 0.512042
4 0.5796875 0.134255 0.16062500000000002 0.25602199999999997
4 0.6487499999999999 0.11463 0.15499999999999992 0.22926
4 0.7084375 0.14049950000000003 0.11312500000000003 0.268511
4 0.7518750000000001 0.190455 0.09750000000000003 0.38091
4 0.8775 0.192239 0.20499999999999996 0.384478
4 0.8890625 0.425067 0.13312499999999994 0.32560199999999995
4 0.918125 0.277431 0.15500000000000003 0.554862
4 0.9353125 0.2992865 0.12812500000000004 0.598573
8 0.3134375 0.53479 0.175625 0.06155200000000005
