6 0.2309375 0.9052534999999999 0.16562499999999997 0.15947499999999992
6 0.6071875 0.9277675000000001 0.07687500000000003 0.14258899999999997
6 0.724375 0.9394935 0.1725 0.11913700000000005
4 0.468125 0.1233585 0.14875 0.246717
4 0.6090625000000001 0.2654785 0.18437500000000007 0.530957
4 0.7265625 0.2213885 0.1243749999999999 0.427767
4 0.8225 0.361632 0.14 0.719512
4 0.8003125 0.260788 0.07437499999999997 0.521576
4 0.9278124999999999 0.3752345 0.14312500000000006 0.750469
4 0.9346875 0.37523449999999997 0.11062499999999997 0.600375
