8 0.37968749999999996 0.453125 0.29687499999999994 0.11874999999999997
8 0.640625 0.369531 0.17500000000000004 0.08593799999999996
4 0.04375 0.26640600000000003 0.0875 0.07031199999999999
4 0.086719 0.159375 0.173438 0.31875
4 0.2218755 0.2851565 0.18437499999999998 0.08593700000000001
4 0.37187499999999996 0.26875 0.04375000000000001 0.06874999999999998
4 0.4015625 0.2734375 0.046875 0.078125
4 0.4671875 0.2734375 0.07499899999999998 0.07499900000000001
4 0.5078130000000001 0.244531 0.07500000000000007 0.11718799999999999
4 0.567969 0.2734375 0.104688 0.07187500000000002
4 0.740625 0.6601565 0.41874999999999996 0.676563
4 0.6695315 0.22890649999999998 0.08281299999999991 0.139063
4 0.817969 0.2539065 0.3609380000000001 0.09843699999999997
4 0.802344 0.23828149999999998 0.19218799999999991 0.18281299999999998
