4 0.57125 0.6520835 0.135 0.330833
4 0.214375 0.552917 0.19375000000000003 0.11749999999999994
4 0.2640625 0.305 0.210625 0.355
4 0.35875 0.5662499999999999 0.03875000000000001 0.1825
4 0.3803125 0.315833 0.03187499999999999 0.37
4 0.4853125 0.4225 0.06187500000000001 0.15333400000000003
4 0.624375 0.3633335 0.15874999999999995 0.306667
4 0.8434375000000001 0.41208350000000005 0.10562499999999997 0.23583300000000001
4 0.9453125 0.1941665 0.10812500000000003 0.31333300000000003
3 0.1771875 0.47791649999999997 0.050625 0.03916700000000001
3 0.49687499999999996 0.495 0.07 0.05333399999999999
3 0.9115625 0.527917 0.17562500000000003 0.1325
