0 0.768125 0.445 0.30500000000000005 0.17000000000000004
4 0.055 0.4170835 0.11 0.17916699999999997
4 0.143125 0.39875000000000005 0.07375 0.200834
4 0.26625 0.4175 0.14250000000000002 0.15166600000000002
4 0.3565625 0.4554165 0.03187499999999999 0.04583300000000001
4 0.41125 0.443333 0.07374999999999998 0.07
4 0.673125 0.34791700000000003 0.43375 0.28750000000000003
4 0.9440625 0.33375 0.11062499999999997 0.35250000000000004
2 0.3459375 0.48375 0.030625000000000013 0.030834000000000028
2 0.403125 0.5 0.06625000000000003 0.06000000000000005
2 0.48531250000000004 0.4925 0.06687500000000002 0.04833399999999999
2 0.5596875 0.4933335 0.09187499999999993 0.06333300000000003
