2 0.1116665 0.489375 0.223333 0.13624999999999998
2 0.36125 0.5065625 0.485834 0.300625
2 0.28125 0.3784375 0.08416599999999999 0.04812500000000003
2 0.2908335 0.36375 0.08833300000000002 0.036250000000000004
2 0.3866665 0.4134375 0.093333 0.04562500000000003
2 0.4491665 0.4253125 0.14166700000000004 0.073125
2 0.5254165000000001 0.4465625 0.12083300000000002 0.05812500000000004
2 0.60375 0.4640625 0.1825 0.05812499999999998
2 0.6995830000000001 0.649375 0.2825000000000001 0.275
2 0.6745835 0.48 0.20083300000000004 0.07
2 0.82625 0.6990624999999999 0.345834 0.29937500000000006
2 0.8325 0.510625 0.13 0.07374999999999998
2 0.9258335 0.554375 0.146667 0.1225
2 0.951667 0.8975 0.09499999999999997 0.20375
