11 0.47583300000000006 0.4675 0.23000000000000004 0.20124999999999998
11 0.4758335 0.6409374999999999 0.216667 0.11812499999999992
11 0.47833349999999997 0.24031249999999998 0.221667 0.286875
11 0.7529165 0.24625 0.26916699999999993 0.20625
11 0.7525 0.110625 0.255 0.11625000000000002
11 0.7666664999999999 0.44093750000000004 0.27833300000000005 0.20687500000000003
11 0.7654164999999999 0.6299999999999999 0.23916700000000002 0.13
4 0.0466665 0.6834375 0.093333 0.193125
4 0.14125000000000001 0.6984375 0.17750000000000002 0.17437500000000006
4 0.595417 0.725625 0.8075 0.13
