0 0.7528125 0.446111 0.485625 0.16333399999999998
4 0.175 0.3777775 0.06125 0.091111
4 0.235 0.376111 0.10999999999999999 0.16999999999999998
4 0.2965625 0.438889 0.03312499999999996 0.064444
4 0.32406250000000003 0.4461115 0.026875000000000038 0.04111100000000001
4 0.3503125 0.452778 0.025624999999999953 0.05444399999999999
4 0.3709375 0.42055549999999997 0.015625 0.08111099999999999
4 0.3984375 0.4422225 0.03937500000000005 0.093333
4 0.6046875 0.35833349999999997 0.028125000000000067 0.04555499999999996
4 0.700625 0.33611100000000005 0.1050000000000001 0.11222199999999999
4 0.7890625 0.308889 0.07187499999999991 0.162222
4 0.8453124999999999 0.3233335 0.04062500000000002 0.10444500000000001
4 0.925 0.0866665 0.14875000000000005 0.173333
4 0.931875 0.3977775 0.135 0.47111100000000006
