8 0.050937500000000004 0.13512200000000002 0.069375 0.03484000000000001
8 0.16999999999999998 0.26883250000000003 0.01999999999999999 0.036723000000000006
8 0.2165625 0.6040490000000001 0.029375000000000012 0.12335200000000002
8 0.3940625 0.306968 0.02562500000000001 0.015065999999999968
8 0.4334375 0.366761 0.073125 0.03483999999999998
8 0.52125 0.353578 0.08499999999999996 0.04425599999999996
8 0.6025 0.259416 0.011249999999999982 0.029189999999999994
8 0.6465625 0.3446325 0.02562500000000001 0.016948999999999992
8 0.7375 0.4402075 0.10249999999999992 0.04237300000000005
8 0.968125 0.47316400000000003 0.05875000000000008 0.038605999999999974
8 0.97 0.327213 0.05500000000000005 0.029189999999999994
