11 0.2790625 0.61625 0.06562500000000002 0.08750000000000002
11 0.5575 0.6937500000000001 0.12874999999999998 0.26749999999999996
11 0.5690625 0.495 0.05687500000000001 0.05833400000000005
11 0.8140625 0.59875 0.370625 0.800834
4 0.03125 0.2358335 0.0625 0.471667
4 0.057499999999999996 0.1729165 0.04125 0.335833
4 0.08 0.1766665 0.024999999999999994 0.353333
4 0.1221875 0.2058335 0.05937500000000001 0.39833300000000005
4 0.1921875 0.2704165 0.09437500000000001 0.540833
4 0.3253125 0.4329165 0.285625 0.865833
4 0.2203125 0.16958299999999998 0.06687499999999996 0.3325
4 0.2653125 0.2254165 0.051875000000000004 0.450833
4 0.270625 0.2058335 0.04874999999999999 0.411667
4 0.28718750000000004 0.22874999999999998 0.06437500000000002 0.444166
4 0.4165625 0.19124999999999998 0.05437499999999995 0.375834
4 0.43718749999999995 0.2245835 0.02812500000000001 0.449167
4 0.46562499999999996 0.2341665 0.048750000000000016 0.468333
4 0.4778125 0.1745835 0.029374999999999984 0.349167
4 0.505 0.2625 0.04750000000000004 0.525
4 0.539375 0.2529165 0.04125000000000001 0.505833
4 0.579375 0.2316665 0.043749999999999956 0.463333
4 0.618125 0.281667 0.04125000000000001 0.56
4 0.8315625 0.4995835 0.33562500000000006 0.999167
