1 0.8191725 0.56125 0.35563900000000004 0.6725
1 0.418045 0.688125 0.24060199999999998 0.27875000000000005
1 0.380075 0.4846875 0.12706799999999996 0.05312499999999998
1 0.3541355 0.390625 0.055638999999999994 0.05625000000000002
1 0.3718045 0.33875 0.04135300000000003 0.02749999999999997
1 0.4353385 0.4603125 0.135339 0.109375
1 0.5319545 0.5131249999999999 0.13157900000000006 0.11249999999999999
3 0.415038 0.6746875 0.275188 0.2818750000000001
3 0.386466 0.5625 0.18496200000000002 0.13375000000000004
3 0.532331 0.5059375 0.13985000000000003 0.10937500000000006
