8 0.236875 0.6172605 0.15125 0.07317099999999999
4 0.111875 0.4601315 0.22375 0.920263
4 0.3028125 0.444184 0.15187499999999998 0.17542200000000002
4 0.41500000000000004 0.5848964999999999 0.23875000000000002 0.12101299999999993
4 0.3703125 0.619137 0.07937499999999997 0.08255200000000007
4 0.39937500000000004 0.887899 0.11249999999999999 0.17729799999999996
4 0.41812499999999997 0.7664165000000001 0.08124999999999999 0.05440900000000004
4 0.48343749999999996 0.502345 0.18062499999999998 0.10975600000000002
4 0.4865625 0.8311445 0.133125 0.17073100000000008
4 0.6390625000000001 0.718574 0.218125 0.395872
4 0.618125 0.44136949999999997 0.10875000000000001 0.12664099999999995
4 0.8853125 0.729831 0.22812500000000002 0.3076920000000001
