5 0.8843749999999999 0.42028299999999996 0.1825 0.42924599999999996
5 0.2021875 0.689151 0.02562500000000001 0.05377399999999999
5 0.27375 0.6344339999999999 0.04874999999999996 0.09528400000000004
5 0.4275 0.533019 0.05625000000000002 0.16226400000000002
5 0.5575 0.5018865 0.10125000000000006 0.33584900000000006
5 0.6603125 0.4740565 0.18062500000000004 0.34245300000000006
4 0.1471875 0.457547 0.294375 0.915094
4 0.25593750000000004 0.396698 0.174375 0.793396
4 0.43125 0.292453 0.24875000000000003 0.584906
4 0.6225 0.1915095 0.18499999999999994 0.383019
4 0.8340624999999999 0.2273585 0.33062500000000006 0.454717
