6 0.005316 0.6825 0.010632 0.05333399999999999
6 0.016573 0.6441669999999999 0.011881999999999998 0.05500000000000005
6 0.06816749999999999 0.624167 0.04002499999999999 0.030000000000000027
6 0.1000625 0.5775 0.008754999999999999 0.01666600000000007
6 0.1222635 0.5816665000000001 0.019386999999999988 0.011666999999999983
6 0.162914 0.5945834999999999 0.02063799999999999 0.01416699999999993
6 0.202627 0.6 0.028768000000000016 0.013333999999999957
6 0.234209 0.59375 0.02188800000000002 0.015833999999999904
6 0.28830500000000003 0.6995835 0.077548 0.07916699999999999
6 0.34052499999999997 0.69625 0.02689199999999997 0.09250000000000003
6 0.365541 0.6654165 0.046904 0.089167
6 0.5243905 0.588333 0.013133000000000061 0.050000000000000044
6 0.5497190000000001 0.6120835 0.035022 0.02416700000000005
6 0.6031895 0.5854170000000001 0.01813699999999996 0.012500000000000067
6 0.666667 0.7066665000000001 0.09005599999999991 0.08333299999999999
6 0.8005005000000001 0.79 0.130081 0.17000000000000004
6 0.970607 0.5766665 0.04127600000000009 0.036667000000000005
4 0.2826765 0.28 0.565353 0.56
4 0.8180115 0.294583 0.362727 0.34750000000000003
