2 0.3675 0.5642590000000001 0.06874999999999998 0.08348999999999995
11 0.47250000000000003 0.34052550000000004 0.03999999999999998 0.07879900000000001
11 0.833125 0.495779 0.16375000000000006 0.130394
4 0.0134375 0.3330205 0.024374999999999997 0.06003700000000001
4 0.1328125 0.3653845 0.020625000000000004 0.029081000000000023
4 0.364375 0.40197 0.040000000000000036 0.03658600000000001
4 0.43875 0.4066605 0.04250000000000004 0.030957000000000012
4 0.624375 0.45637900000000003 0.03125 0.11913600000000002
4 0.9550000000000001 0.477955 0.08875 0.049717999999999984
2 0.10125 0.5558160000000001 0.06000000000000001 0.07223199999999996
2 0.45125 0.5239210000000001 0.03749999999999998 0.04784200000000005
2 0.49406249999999996 0.5 0.013124999999999998 0.015009999999999968
