4 0.7618750000000001 0.3291665 0.42000000000000004 0.563333
0 0.495625 0.45166649999999997 0.35875000000000007 0.566667
4 0.4996875 0.1291665 0.999375 0.258333
4 0.0965625 0.48624999999999996 0.033125 0.02916599999999997
4 0.13125 0.50125 0.04125000000000001 0.03416600000000003
4 0.68625 0.457083 0.050000000000000044 0.0675
4 0.9340625 0.32125 0.130625 0.2225
2 0.058125 0.558333 0.04625 0.05500000000000005
2 0.0684375 0.5470835000000001 0.06687499999999999 0.07083300000000003
2 0.175625 0.5720835 0.1325 0.06416699999999997
2 0.284375 0.567083 0.08999999999999997 0.07250000000000001
