1 0.6454865 0.7658689999999999 0.304861 0.314256
2 0.082986 0.7539025 0.14375 0.20915700000000004
2 0.44305550000000005 0.51769 0.819445 0.06763800000000003
2 0.2708335 0.7060355 0.318055 0.290323
2 0.604861 0.7237255 0.36944400000000005 0.348595
2 0.7302085 0.632154 0.139583 0.09677399999999992
2 0.7930555 0.6217485 0.098611 0.09053100000000003
2 0.872222 0.5645165000000001 0.0819439999999999 0.06971899999999998
2 0.927431 0.755463 0.14375000000000004 0.31217399999999995
2 0.9711810000000001 0.5723205 0.05625000000000002 0.05411100000000002
