4 0.8831249999999999 0.6755 0.16499999999999992 0.2829999999999999
11 0.594375 0.6890000000000001 0.15625 0.07999999999999996
4 0.0196875 0.579 0.039375 0.09999999999999998
4 0.0690625 0.702 0.138125 0.23199999999999998
4 0.19187500000000002 0.759 0.04124999999999998 0.08000000000000007
4 0.2925 0.745 0.044999999999999984 0.09200000000000008
4 0.33999999999999997 0.751 0.04999999999999999 0.08000000000000007
4 0.5140625 0.716 0.221875 0.19000000000000006
4 0.7159375 0.764 0.03562500000000002 0.09000000000000008
4 0.9746874999999999 0.6415 0.04937500000000006 0.29900000000000004
