1 0.42000000000000004 0.48583350000000003 0.49000000000000005 0.796667
1 0.044375 0.4054165 0.08875 0.094167
1 0.1103125 0.5120835 0.220625 0.26416700000000004
1 0.10718749999999999 0.3683335 0.064375 0.06833300000000003
1 0.195 0.4266665 0.11124999999999999 0.251667
1 0.6709375 0.35375 0.08937499999999998 0.09416599999999997
1 0.7184375000000001 0.3570835 0.14312500000000006 0.10583299999999995
1 0.7884375 0.332917 0.06062499999999993 0.057499999999999996
1 0.8865625 0.38916700000000004 0.171875 0.16499999999999998
1 0.8440624999999999 0.32958350000000003 0.05312499999999998 0.06416700000000003
1 0.9690624999999999 0.35791649999999997 0.06062500000000004 0.144167
