1 0.6661405 0.8543725 0.41377099999999994 0.212167
4 0.100758 0.48136900000000005 0.201516 0.38631200000000004
4 0.186355 0.623194 0.37271 0.15437199999999995
4 0.2624765 0.8136885 0.524953 0.37110300000000007
4 0.30827550000000004 0.468061 0.308275 0.41901200000000005
4 0.46304500000000004 0.505323 0.33480800000000005 0.409886
4 0.494946 0.614449 0.23689200000000005 0.24334600000000006
4 0.7962724999999999 0.4794675 0.4061910000000001 0.501141
4 0.7504740000000001 0.587072 0.17435199999999995 0.19923999999999997
4 0.835439 0.603422 0.11307600000000007 0.152852
4 0.8490205 0.647909 0.07706899999999994 0.08060800000000001
4 0.8979790000000001 0.5756654999999999 0.061276 0.12167300000000003
4 0.9330385 0.5817490000000001 0.09728300000000001 0.13688200000000006
4 0.9573594999999999 0.584411 0.08275500000000002 0.152852
4 0.9791535 0.6125475 0.04042900000000005 0.14372699999999994
