2 0.6659375 0.9154169999999999 0.12062499999999998 0.09750000000000003
11 0.8731249999999999 0.2345835 0.22125000000000006 0.08583300000000002
11 0.8828125 0.4825 0.10812500000000003 0.16499999999999992
11 0.885 0.375 0.11250000000000004 0.05333399999999999
11 0.8978125 0.7116665 0.11187499999999995 0.141667
11 0.9515625000000001 0.62375 0.09562499999999996 0.03416600000000003
2 0.005625 0.7891665 0.01125 0.018332999999999933
2 0.006875 0.8054165 0.01375 0.01416700000000004
2 0.00875 0.827083 0.0175 0.022499999999999964
2 0.0134375 0.8520835 0.020625 0.02083299999999999
2 0.0140625 0.885833 0.021875000000000002 0.040000000000000036
2 0.026875000000000003 0.9141665 0.03125 0.036667000000000005
2 0.753125 0.9141665 0.07874999999999999 0.06666700000000003
2 0.8340624999999999 0.8925 0.06937500000000008 0.061666
2 0.9528125000000001 0.9183330000000001 0.09312500000000001 0.08500000000000008
