4 0.0539215 0.1781045 0.08823500000000001 0.17647100000000002
6 0.5261440000000001 0.607843 0.22549000000000002 0.18627400000000005
4 0.101307 0.246732 0.07189599999999999 0.10130799999999998
4 0.1756535 0.1977125 0.050653000000000004 0.133987
4 0.2671565 0.23366 0.132353 0.08496799999999999
4 0.374183 0.17320249999999998 0.153594 0.202615
4 0.40522899999999995 0.24754900000000002 0.04902000000000001 0.05718999999999999
4 0.591503 0.14460800000000001 0.19934600000000002 0.171568
4 0.7328429999999999 0.1576795 0.26960799999999996 0.315359
4 0.9289215 0.1707515 0.13888899999999993 0.17483700000000002
