1 0.6181639999999999 0.655599 0.24218799999999996 0.11067799999999994
2 0.6191405 0.652344 0.24218699999999993 0.11718799999999996
2 0.0654295 0.6679685 0.099609 0.11197899999999994
2 0.2338865 0.656901 0.231445 0.11848999999999998
2 0.2666015 0.611328 0.166015 0.09765599999999997
2 0.3989255 0.625651 0.12988299999999997 0.11588600000000004
2 0.4555665 0.6347659999999999 0.114257 0.09505200000000003
2 0.47314449999999997 0.6178385 0.07910100000000003 0.050781000000000076
2 0.692383 0.6608075 0.09375 0.08463500000000002
2 0.8032225 0.623698 0.032227000000000006 0.04166599999999998
2 0.8369139999999999 0.627604 0.035156000000000076 0.03125
