6 0.5446875 0.792683 0.13312499999999994 0.21763600000000005
6 0.12031249999999999 0.49953100000000006 0.025624999999999995 0.03095600000000004
6 0.14656249999999998 0.5014075 0.016875 0.030956999999999957
6 0.2546875 0.5905255 0.030625000000000013 0.029081000000000023
6 0.6121875 0.49953100000000006 0.015625 0.03095600000000004
6 0.6915625000000001 0.49765499999999996 0.020625000000000004 0.04221399999999992
6 0.725625 0.49531000000000003 0.01375000000000004 0.02251399999999998
6 0.749375 0.492495 0.010000000000000009 0.024389999999999967
6 0.7628125 0.502345 0.01187500000000008 0.025328000000000073
6 0.8871875 0.573171 0.03187499999999999 0.020637999999999934
6 0.9246875 0.544559 0.018124999999999947 0.05909999999999993
6 0.9425 0.6801125 0.05125000000000002 0.05440899999999993
6 0.981875 0.537523 0.032500000000000084 0.065666
