8 0.0196875 0.11666699999999999 0.025625000000000002 0.015
8 0.1278125 0.18541649999999998 0.051875000000000004 0.025833000000000023
8 0.19968750000000002 0.13125 0.03437500000000002 0.014166000000000012
8 0.3675 0.154583 0.04500000000000004 0.02250000000000002
8 0.43656249999999996 0.18125 0.023125000000000007 0.017500000000000016
8 0.463125 0.0304165 0.030000000000000027 0.019167
8 0.4890625 0.20708300000000002 0.05312499999999998 0.027499999999999997
8 0.579375 0.1679165 0.030000000000000027 0.02083299999999999
8 0.628125 0.1625 0.03874999999999995 0.013334000000000013
8 0.6665625 0.20541700000000002 0.030625000000000013 0.017499999999999988
8 0.7403124999999999 0.1420835 0.051875000000000004 0.02083299999999999
8 0.94375 0.1875 0.040000000000000036 0.018334000000000017
