2 0.7120075 0.6665625 0.15572300000000006 0.09187500000000004
2 0.296904 0.5334375 0.06847999999999999 0.03937499999999994
2 0.4432455 0.628125 0.10037499999999999 0.06500000000000006
2 0.611163 0.8981250000000001 0.22045000000000003 0.17374999999999996
2 0.265009 0.8459375 0.197936 0.13812500000000005
2 0.2753285 0.6690625 0.14165100000000003 0.078125
2 0.369137 0.5428124999999999 0.030955999999999984 0.04437499999999994
2 0.446998 0.7581249999999999 0.17167 0.10249999999999992
2 0.5164165 0.6940625 0.13602299999999995 0.08687500000000004
2 0.507505 0.536875 0.08255199999999996 0.03249999999999997
2 0.5473735 0.5728125 0.10037499999999999 0.04937500000000006
