4 0.7571875 0.276204 0.21562499999999996 0.5316339999999999
1 0.39125 0.4891405 0.14875 0.113315
2 0.5825 0.5018885 0.07374999999999998 0.07082099999999997
4 0.0978125 0.167139 0.195625 0.334278
4 0.21125 0.41690249999999995 0.12250000000000003 0.195467
4 0.289375 0.40226649999999997 0.08249999999999999 0.23984899999999998
4 0.358125 0.39093500000000003 0.14999999999999997 0.23229400000000006
4 0.4596875 0.41690249999999995 0.12062500000000004 0.195467
4 0.5528125 0.428234 0.078125 0.19546799999999998
4 0.62 0.431067 0.043749999999999956 0.19357799999999997
4 0.7075 0.43342800000000004 0.05249999999999999 0.13220000000000004
4 0.9275 0.2932015 0.14375000000000004 0.33899899999999994
1 0.094375 0.5014165 0.14875000000000002 0.09254100000000004
