4 0.72125 0.692813 0.26375000000000004 0.4165380000000001
1 0.8975 0.9300615 0.18374999999999997 0.13833099999999998
4 0.218125 0.3918085 0.275 0.21020099999999997
4 0.4703125 0.4698605 0.23187500000000005 0.11128300000000002
4 0.6646875 0.40687799999999996 0.193125 0.161514
4 0.66625 0.818006 0.11250000000000004 0.19242599999999999
4 0.78125 0.2998455 0.1712499999999999 0.23956699999999997
4 0.7465625 0.756955 0.09562500000000007 0.14296799999999998
4 0.824375 0.4551775 0.17625000000000002 0.15455899999999995
4 0.926875 0.764683 0.14500000000000002 0.2851619999999999
4 0.9353125 0.2689335 0.12812500000000004 0.245749
