4 0.7984375 0.2716665 0.38812500000000005 0.48166699999999996
8 0.07625 0.7308330000000001 0.1525 0.09999999999999998
8 0.86375 0.49875 0.08624999999999994 0.025833999999999968
4 0.14375 0.45 0.2875 0.061666
4 0.226875 0.553333 0.15749999999999997 0.175
4 0.3784375 0.525 0.104375 0.09500000000000003
4 0.46125 0.46375 0.040000000000000036 0.04083400000000004
4 0.54125 0.4533335 0.02750000000000008 0.03833299999999995
8 0.42374999999999996 0.6341669999999999 0.12874999999999998 0.04500000000000004
8 0.7409375 0.6816665 0.059374999999999956 0.07166700000000004
