1 0.5537835 0.541276 0.31332099999999996 0.40713
4 0.057536 0.2687615 0.115072 0.537523
4 0.14071299999999998 0.4066605 0.125078 0.26547899999999997
4 0.446216 0.2903375 0.48467800000000005 0.580675
4 0.6879299999999999 0.39165099999999997 0.11006799999999994 0.19605999999999996
4 0.7448405 0.3991555 0.06253900000000001 0.137899
4 0.7467165 0.3292685 0.043776999999999955 0.09756100000000001
4 0.7779865 0.394465 0.05253299999999994 0.17542199999999997
4 0.8126955 0.377111 0.07817300000000005 0.15197
4 0.8639775000000001 0.4118195 0.05816100000000002 0.07504699999999997
4 0.904628 0.402908 0.030644000000000005 0.038461999999999996
4 0.94434 0.401032 0.048779999999999935 0.042213999999999974
4 0.9731084999999999 0.3733585 0.05253300000000005 0.202627
