2 0.8049999999999999 0.5586305 0.21250000000000002 0.147279
2 0.15468749999999998 0.49953100000000006 0.03562499999999999 0.04221400000000003
2 0.17625 0.4976545 0.03125 0.034709000000000045
2 0.203125 0.5046904999999999 0.048750000000000016 0.06003700000000001
2 0.09156249999999999 0.5666045 0.176875 0.204503
2 0.2759375 0.515009 0.074375 0.06566600000000006
2 0.3371875 0.515009 0.08687499999999998 0.084428
2 0.42 0.530019 0.10875000000000001 0.09193199999999996
2 0.5237499999999999 0.5379925 0.14 0.10412700000000003
2 0.645625 0.553002 0.15500000000000003 0.11538399999999999
