8 0.5759375 0.2391665 0.13937500000000003 0.06666700000000003
4 0.2903125 0.3441665 0.019374999999999976 0.146667
4 0.4446875 0.31 0.029374999999999984 0.09833400000000003
4 0.4684375 0.312083 0.020625000000000004 0.08250000000000002
4 0.48812500000000003 0.32499999999999996 0.03375 0.10166599999999998
4 0.5021875 0.3279165 0.023125000000000062 0.11416700000000002
4 0.526875 0.3358335 0.03875000000000006 0.10166700000000001
4 0.6521874999999999 0.29833299999999996 0.020625000000000004 0.044999999999999984
4 0.6753125 0.3175 0.030625000000000013 0.09666600000000003
4 0.709375 0.3225 0.04249999999999998 0.11333399999999999
4 0.7471875 0.32958350000000003 0.026874999999999982 0.11416699999999996
4 0.7740625 0.32875 0.02937499999999993 0.119166
4 0.7987500000000001 0.31583300000000003 0.025000000000000022 0.09000000000000002
4 0.818125 0.325417 0.02499999999999991 0.07750000000000001
4 0.8315625 0.3254165 0.018124999999999947 0.07083300000000003
4 0.8471875 0.3379165 0.015625 0.06583300000000003
4 0.8612500000000001 0.3416665 0.012500000000000067 0.06833299999999998
4 0.9056249999999999 0.3320835 0.07874999999999999 0.090833
4 0.9659375 0.310417 0.04937499999999995 0.10750000000000004
