1 0.8225 0.8766415000000001 0.355 0.22420300000000004
2 0.08750000000000001 0.856473 0.1575 0.133208
1 0.5840624999999999 0.8231705 0.06187500000000001 0.12476500000000001
1 0.6665625 0.8377110000000001 0.17312500000000008 0.168856
2 0.46406250000000004 0.815197 0.05937500000000001 0.061913999999999914
2 0.531875 0.8086305 0.06125000000000003 0.06754300000000002
2 0.579375 0.824109 0.06125000000000003 0.11350799999999994
2 0.6665625 0.838649 0.18437500000000007 0.168856
2 0.8284374999999999 0.847561 0.34187500000000004 0.303002
2 0.7628125 0.7865854999999999 0.07937499999999997 0.0684809999999999
