5 0.75375 0.5628515000000001 0.08374999999999999 0.181989
5 0.069375 0.5703564999999999 0.09125 0.15572299999999994
5 0.0840625 0.434334 0.08687500000000001 0.14634199999999997
5 0.141875 0.574578 0.08750000000000001 0.18105
5 0.1925 0.432458 0.08374999999999999 0.10319
5 0.22 0.5745775 0.09000000000000002 0.184803
5 0.2634375 0.568011 0.06687499999999999 0.179174
5 0.3225 0.5773925 0.08499999999999996 0.18667899999999998
5 0.379375 0.502814 0.06 0.06379000000000001
5 0.400625 0.5764545 0.08499999999999996 0.184803
5 0.44875 0.45919299999999996 0.09125 0.10412799999999994
5 0.5184375 0.488274 0.04062499999999997 0.06472800000000006
5 0.5396875 0.5056285 0.06812499999999999 0.05816099999999996
5 0.5640625 0.5211065 0.08562500000000006 0.053471000000000046
5 0.630625 0.5393995 0.05499999999999994 0.071295
5 0.6678124999999999 0.5806755 0.08562499999999995 0.15009300000000003
5 0.80625 0.5670735 0.0625 0.16604099999999994
5 0.8525 0.579737 0.10124999999999995 0.170732
5 0.88625 0.4967165 0.08499999999999996 0.09849899999999995
5 0.9081250000000001 0.5731705 0.06625000000000003 0.16885500000000003
5 0.9628125000000001 0.5787990000000001 0.073125 0.17635999999999996
