11 0.31937499999999996 0.4379165 0.15499999999999997 0.165833
11 0.503125 0.445 0.1275 0.17166599999999999
11 0.6678124999999999 0.45166649999999997 0.18562500000000004 0.13833299999999998
11 0.8196875 0.7025 0.06687500000000002 0.061666
2 0.2671875 0.7520835 0.04562499999999997 0.029166999999999943
2 0.3321875 0.7533335 0.020625000000000004 0.01333300000000004
2 0.4934375 0.7633335 0.021875000000000033 0.0416669999999999
2 0.511875 0.758333 0.012499999999999956 0.020000000000000018
2 0.5425 0.764167 0.03500000000000003 0.05999999999999994
2 0.6378125 0.7891665 0.1868749999999999 0.19666699999999993
