8 0.4859375 0.628646 0.140625 0.06979199999999997
4 0.010156499999999999 0.6734375 0.017187 0.03645900000000002
4 0.144922 0.6067705 0.12265599999999999 0.046875
4 0.12890649999999998 0.8796875 0.03906299999999999 0.06145900000000004
4 0.1652345 0.8484375 0.04296900000000001 0.046875
4 0.256641 0.6260414999999999 0.028906000000000015 0.022916999999999965
4 0.282422 0.8088545 0.035155999999999965 0.046875
4 0.287891 0.6234375 0.028905999999999987 0.028124999999999956
4 0.341406 0.6166670000000001 0.0625 0.03749999999999998
4 0.628516 0.61875 0.164844 0.15625
4 0.724219 0.571875 0.020311999999999997 0.0625
4 0.765625 0.5645835 0.02343800000000007 0.03541700000000003
4 0.8007815 0.5072920000000001 0.015625 0.025000000000000022
4 0.8585940000000001 0.5072920000000001 0.02343799999999996 0.025000000000000022
4 0.893359 0.37604150000000003 0.021093999999999946 0.033333
8 0.670313 0.802604 0.125 0.06354199999999999
