8 0.315 0.2604165 0.21250000000000002 0.10083300000000003
4 0.1046875 0.2225 0.209375 0.445
4 0.3078125 0.3079165 0.24062499999999998 0.615833
4 0.621875 0.3395835 0.755 0.679167
4 0.42874999999999996 0.4883335 0.08124999999999999 0.19333299999999998
4 0.491875 0.5120835 0.07874999999999999 0.12416699999999997
4 0.5796875 0.53625 0.07062499999999994 0.1175
4 0.80125 0.2554165 0.33375 0.510833
4 0.8696875 0.324583 0.1518750000000001 0.24749999999999997
4 0.9190625 0.45958299999999996 0.16062500000000002 0.17749999999999994
8 0.755625 0.36541650000000003 0.11250000000000004 0.034167
