11 0.39875000000000005 0.365 0.1175 0.24
11 0.39375 0.5791664999999999 0.10499999999999998 0.18833299999999997
11 0.774375 0.7275 0.02124999999999999 0.01833399999999996
4 0.344375 0.1291665 0.68875 0.258333
4 0.270625 0.5258335000000001 0.5162500000000001 0.781667
4 0.4325 0.6908335000000001 0.09499999999999997 0.23833300000000002
4 0.5375 0.6525000000000001 0.15250000000000002 0.34833400000000003
4 0.819375 0.405 0.33375 0.81
4 0.934375 0.41 0.12875000000000003 0.82
2 0.43375 0.8508335 0.125 0.11166699999999996
2 0.5675 0.8566665 0.07250000000000001 0.06666700000000003
2 0.68875 0.8716665 0.11250000000000004 0.09666700000000006
2 0.93875 0.9066665 0.12 0.17333300000000007
