4 0.5280900000000001 0.26 0.288924 0.350588
11 0.278491 0.38 0.27768800000000005 0.169412
11 0.2776885 0.25294099999999997 0.24719099999999997 0.08000000000000002
11 0.2776885 0.522353 0.215089 0.11529399999999995
11 0.2736755 0.1635295 0.16853900000000002 0.082353
11 0.750401 0.38705849999999997 0.264848 0.16235300000000003
11 0.7495985000000001 0.259412 0.24719100000000005 0.08588199999999999
11 0.7455860000000001 0.5205885 0.20706199999999997 0.11176499999999995
11 0.7479935 0.1705885 0.170145 0.08235300000000001
4 0.07142849999999999 0.325882 0.12038499999999999 0.35058799999999996
4 0.138042 0.3288235 0.11557 0.25058900000000006
4 0.9229535 0.2864705 0.150883 0.281177
