2 0.5621875000000001 0.8090995 0.15812499999999996 0.15478499999999995
4 0.0440625 0.6336775 0.088125 0.423077
4 0.0803125 0.7021575 0.079375 0.19793700000000003
4 0.17031249999999998 0.6149155 0.18187499999999998 0.492495
4 0.130625 0.7176359999999999 0.04625 0.17448399999999997
4 0.22281249999999997 0.6791745 0.06687499999999999 0.23639699999999997
4 0.4065625 0.5454975 0.31437499999999996 0.708255
4 0.2940625 0.6829265 0.078125 0.24765499999999996
4 0.37124999999999997 0.6857415 0.08749999999999997 0.22701700000000002
4 0.434375 0.633677 0.20000000000000007 0.327392
4 0.45406250000000004 0.6106940000000001 0.11937500000000006 0.28893
4 0.498125 0.627111 0.06874999999999998 0.21294599999999997
4 0.5765625 0.587711 0.07687500000000003 0.364916
4 0.6609375 0.5853659999999999 0.14312500000000006 0.45778599999999997
4 0.819375 0.4957785 0.36 0.862101
4 0.8512500000000001 0.595216 0.15750000000000008 0.438086
4 0.9415625 0.574109 0.09687500000000004 0.48029999999999995
4 0.978125 0.5060975 0.04249999999999998 0.336773
2 0.5090625 0.784709 0.980625 0.17729799999999996
2 0.106875 0.7682925 0.04625 0.05253300000000005
2 0.13 0.7701685 0.048750000000000016 0.05628500000000003
2 0.176875 0.791276 0.115 0.09099400000000002
2 0.276875 0.7969044999999999 0.10750000000000001 0.11350899999999997
2 0.34750000000000003 0.805347 0.11249999999999999 0.11538400000000004
2 0.4346875 0.7997185 0.12312500000000004 0.126641
