6 0.137083 0.7206250000000001 0.027499999999999997 0.018749999999999933
6 0.3454165 0.8453124999999999 0.06083299999999997 0.021874999999999978
6 0.39875 0.844375 0.04083400000000004 0.020000000000000018
6 0.5866665 0.795625 0.05666700000000002 0.06000000000000005
6 0.672917 0.7746875 0.05249999999999999 0.026874999999999982
4 0.0608335 0.450625 0.121667 0.24250000000000005
4 0.0554165 0.6203125 0.109167 0.07687499999999992
4 0.78375 0.2334375 0.43083400000000005 0.46437500000000004
4 0.699167 0.628125 0.08000000000000007 0.21499999999999997
4 0.9145829999999999 0.61875 0.12249999999999994 0.14500000000000002
