11 0.149375 0.54625 0.2225 0.27583399999999997
4 0.014375 0.15375 0.02875 0.075834
4 0.0196875 0.25833300000000003 0.039375 0.10500000000000004
4 0.044375 0.18 0.028749999999999998 0.093334
4 0.0803125 0.22291650000000002 0.051875 0.11083299999999999
4 0.17781249999999998 0.1458335 0.213125 0.291667
4 0.09281249999999999 0.1375 0.029375 0.16
4 0.4034375 0.0491665 0.17812499999999998 0.093333
4 0.550625 0.0516665 0.11375000000000002 0.101667
4 0.5506249999999999 0.215 0.07999999999999996 0.256666
4 0.6225 0.08375 0.07874999999999999 0.1675
4 0.6993750000000001 0.0804165 0.07750000000000001 0.160833
4 0.8065625000000001 0.0770835 0.13687499999999997 0.154167
4 0.8771875 0.457083 0.244375 0.4825
4 0.8825000000000001 0.17375000000000002 0.1137499999999999 0.090834
4 0.9346875 0.0829165 0.12937500000000002 0.165833
