4 0.18125 0.2965225 0.295 0.491541
11 0.8275 0.332237 0.13375000000000004 0.20206800000000003
11 0.829375 0.46992500000000004 0.050000000000000044 0.07706799999999997
4 0.31125 0.1889095 0.14625000000000002 0.304511
4 0.3490625 0.40460549999999995 0.06312499999999999 0.119361
4 0.3784375 0.388158 0.06562499999999999 0.15977399999999997
4 0.4040625 0.398026 0.03937499999999999 0.136278
4 0.4525 0.37687950000000003 0.057499999999999996 0.16729299999999997
4 0.473125 0.393327 0.05499999999999999 0.14567599999999997
4 0.514375 0.3825185 0.10874999999999996 0.15601500000000001
4 0.596875 0.386278 0.06625000000000003 0.17105199999999998
4 0.6028125 0.36842149999999996 0.078125 0.231203
4 0.646875 0.37030050000000003 0.06125000000000003 0.231203
4 0.6793750000000001 0.3284775 0.08875 0.256579
4 0.74375 0.3594925 0.10624999999999996 0.271617
4 0.8921875 0.356673 0.21437499999999998 0.56673
