4 0.9065625 0.166041 0.150625 0.305816
4 0.0959375 0.32598499999999997 0.191875 0.49062
4 0.0471875 0.4296435 0.08437499999999999 0.129455
4 0.2975 0.399625 0.42375 0.17260799999999998
4 0.3340625 0.236398 0.36687499999999995 0.457786
4 0.5549999999999999 0.433396 0.09124999999999994 0.23264599999999996
4 0.8325 0.405722 0.33375 0.19605999999999996
8 0.1703125 0.4183865 0.033125000000000016 0.022515000000000007
8 0.39375 0.37804899999999997 0.02124999999999999 0.018762
8 0.6212500000000001 0.3855535 0.05625000000000002 0.018761000000000028
8 0.70625 0.376173 0.04249999999999998 0.02251399999999998
8 0.88375 0.413227 0.04375000000000007 0.027204000000000006
