2 0.3233335 0.8492645 0.338333 0.277941
11 0.86375 0.350735 0.15916600000000003 0.28970599999999996
2 0.30500000000000005 0.7044115 0.06 0.026471000000000022
2 0.505833 0.735294 0.09499999999999997 0.07941200000000004
2 0.56125 0.720588 0.07416599999999995 0.09117599999999992
2 0.669583 0.6933825 0.03249999999999997 0.02205900000000005
2 0.7066665000000001 0.6955884999999999 0.031667 0.032352999999999965
2 0.7350000000000001 0.6948529999999999 0.015000000000000013 0.01617600000000008
2 0.75 0.691912 0.006666000000000061 0.010294000000000025
2 0.7841665 0.6852940000000001 0.01333300000000004 0.011763999999999997
