6 0.2757815 0.646875 0.170313 0.18541600000000003
6 0.0453125 0.6343749999999999 0.090625 0.25625
6 0.1460935 0.625 0.082813 0.03750000000000009
6 0.4296875 0.7364585 0.10312500000000002 0.139583
6 0.533594 0.928125 0.10468799999999995 0.09375
6 0.603125 0.6656249999999999 0.08125000000000004 0.13124999999999998
6 0.696875 0.7124999999999999 0.13749999999999996 0.15000000000000002
6 0.8273435 0.6145835 0.098437 0.11666699999999997
6 0.8914059999999999 0.4604165 0.03281199999999995 0.04583300000000001
4 0.6093755000000001 0.2208335 0.7781250000000001 0.441667
