1 0.52 0.78375 0.22625000000000006 0.31583400000000006
2 0.79125 0.880417 0.3325 0.21750000000000003
4 0.15718749999999998 0.3979165 0.313125 0.585833
4 0.13968750000000002 0.5516665 0.23937500000000003 0.608333
4 0.3225 0.675 0.1575 0.265
4 0.8690625000000001 0.49625 0.260625 0.9925
1 0.6990625 0.7095835 0.08937499999999998 0.089167
2 0.38375 0.836667 0.11499999999999999 0.14
2 0.45625000000000004 0.5316665 0.044999999999999984 0.06333299999999997
2 0.514375 0.530833 0.034999999999999976 0.05499999999999994
2 0.635625 0.6145835 0.06374999999999997 0.07083300000000003
2 0.635625 0.5654170000000001 0.05249999999999999 0.0724999999999999
2 0.6331249999999999 0.6737500000000001 0.04250000000000009 0.08583400000000008
2 0.6775 0.7833335 0.08499999999999996 0.088333
2 0.6971875000000001 0.8254170000000001 0.06437499999999996 0.12750000000000006
2 0.7009375 0.7466664999999999 0.07187499999999991 0.05166700000000002
2 0.694375 0.5379164999999999 0.04874999999999996 0.04083300000000001
2 0.7596875 0.8270835 0.140625 0.14083299999999999
2 0.7403124999999999 0.6145835 0.06312499999999999 0.06416699999999997
2 0.7640625000000001 0.530833 0.051875000000000004 0.06499999999999995
2 0.8353125 0.7895835 0.08562500000000006 0.07916699999999999
