8 0.3453125 0.332963 0.030624999999999958 0.017757999999999996
4 0.1721875 0.2519425 0.344375 0.503885
4 0.4684375 0.291898 0.28937500000000005 0.583796
4 0.499375 0.22031099999999998 0.10999999999999993 0.145394
4 0.6825 0.1487235 0.27374999999999994 0.297447
4 0.6928125 0.3063265 0.09187500000000004 0.186459
4 0.78125 0.31187549999999997 0.05125000000000002 0.115427
4 0.885 0.153163 0.11749999999999994 0.306326
4 0.9040625 0.32241949999999997 0.11312499999999992 0.100999
4 0.950625 0.145394 0.09750000000000003 0.290788
