2 0.43211099999999997 0.451446 0.24774799999999997 0.17148799999999992
2 0.18018 0.41632250000000004 0.36036 0.14393899999999998
2 0.5344275 0.43801650000000003 0.158945 0.12534500000000004
2 0.5646720000000001 0.400482 0.03024400000000005 0.04614399999999996
2 0.6029599999999999 0.411501 0.07207200000000002 0.06818199999999996
2 0.6621625 0.40633600000000003 0.03989700000000007 0.05509599999999998
2 0.6872585 0.41150149999999996 0.021878999999999982 0.05440700000000004
2 0.7023809999999999 0.41150149999999996 0.027669999999999972 0.075069
2 0.7506435 0.417355 0.09459499999999998 0.097796
2 0.9153800000000001 0.4800275 0.16795400000000005 0.19834699999999994
2 0.8713 0.413223 0.07721999999999996 0.07162599999999997
