4 0.204375 0.2889305 0.3775 0.395873
1 0.1603125 0.6266419999999999 0.200625 0.302064
4 0.0203125 0.510788 0.040625 0.11163200000000001
4 0.0403125 0.238274 0.080625 0.476548
4 0.219375 0.4657595 0.11374999999999999 0.09849900000000006
4 0.49874999999999997 0.2331145 0.41374999999999995 0.466229
4 0.6865625 0.541276 0.625625 0.915572
4 0.7328125 0.380394 0.5331250000000001 0.760788
2 0.17156249999999998 0.6163225 0.221875 0.29080700000000004
2 0.890625 0.910882 0.21750000000000003 0.17635999999999996
