4 0.860625 0.39708299999999996 0.25875000000000004 0.4875
6 0.026875 0.9720835 0.05375 0.054167000000000076
6 0.06875 0.9404165 0.042499999999999996 0.06916699999999998
6 0.13 0.953333 0.06624999999999999 0.09000000000000008
6 0.1715625 0.7058335 0.020625000000000004 0.0416669999999999
6 0.18906250000000002 0.9154165 0.024375000000000008 0.025832999999999995
6 0.32437499999999997 0.6991670000000001 0.027500000000000024 0.03500000000000003
6 0.4090625 0.9525 0.06187500000000001 0.05166599999999999
6 0.575625 0.9508335 0.03125 0.04833299999999996
6 0.7765625 0.724167 0.05312499999999998 0.06000000000000005
4 0.3640625 0.3445835 0.728125 0.689167
