4 0.7513885 0.661111 0.161111 0.19629600000000003
0 0.3541665 0.8148145 0.208333 0.1666669999999999
4 0.111111 0.7101855 0.222222 0.23518499999999998
4 0.9215275 0.750926 0.10416700000000001 0.15370400000000006
4 0.9652775 0.607407 0.06666700000000003 0.17407399999999995
3 0.0479165 0.786111 0.07083300000000001 0.057407999999999904
3 0.10833300000000001 0.7990740000000001 0.05 0.053704000000000085
3 0.3541665 0.8268519999999999 0.21111100000000002 0.172222
3 0.473611 0.808333 0.07777799999999996 0.09814800000000001
3 0.8104165 0.8416665000000001 0.22083300000000006 0.16851899999999997
