8 0.48874999999999996 0.2992495 0.09999999999999998 0.071295
8 0.009375 0.172139 0.01875 0.04033800000000001
8 0.0221875 0.076454 0.044375 0.027203999999999992
8 0.0628125 0.1937145 0.08312499999999999 0.03470900000000002
8 0.1490625 0.13649150000000002 0.03437500000000002 0.034709000000000004
8 0.1625 0.0351785 0.04125000000000001 0.03658499999999999
8 0.23843750000000002 0.1613505 0.07812500000000003 0.03001899999999999
8 0.270625 0.06707300000000001 0.0675 0.038462
8 0.5171875 0.1252345 0.08687500000000004 0.03470899999999999
8 0.6475 0.1543155 0.057499999999999996 0.032833
8 0.9368749999999999 0.327861 0.0675 0.03658600000000001
