4 0.8343750000000001 0.4225 0.29625 0.561666
4 0.04 0.655 0.08 0.178334
4 0.0459375 0.4975 0.091875 0.27666599999999997
4 0.1275 0.6283335000000001 0.07375 0.17666700000000002
4 0.1875 0.585 0.12125000000000002 0.21166600000000002
4 0.168125 0.6395835 0.05125000000000002 0.11083299999999996
4 0.280625 0.63 0.12125 0.188334
4 0.366875 0.5516665 0.18874999999999997 0.378333
4 0.5775 0.6233335 0.19625000000000004 0.35333300000000006
4 0.75875 0.5783335000000001 0.15625 0.32166700000000004
3 0.858125 0.8445834999999999 0.2825 0.3091670000000001
