8 0.3109375 0.4835835 0.06937500000000002 0.040336999999999956
8 0.6640625 0.393058 0.07062499999999994 0.04877999999999999
4 0.0696875 0.444653 0.139375 0.159474
4 0.1771875 0.46388399999999996 0.085625 0.10600399999999993
4 0.2571875 0.466229 0.06687500000000002 0.08817999999999998
4 0.37906249999999997 0.466229 0.05687499999999995 0.08067599999999997
4 0.4290625 0.45591 0.06437500000000002 0.10881799999999997
4 0.5090625 0.3738275 0.106875 0.09287099999999998
4 0.628125 0.382739 0.21125000000000005 0.363978
4 0.7690625 0.35881799999999997 0.17062500000000003 0.280488
4 0.9225 0.400094 0.15375000000000005 0.32176400000000005
