4 0.1778125 0.27958299999999997 0.355625 0.5575
4 0.439375 0.5966665 0.036250000000000004 0.11333300000000002
4 0.629375 0.5037499999999999 0.14500000000000002 0.18583399999999994
4 0.8053125 0.22 0.38812500000000005 0.44
4 0.7575000000000001 0.5120835 0.15249999999999997 0.269167
1 0.16125 0.6975 0.15999999999999998 0.20333400000000001
2 0.16 0.68875 0.15625 0.18583400000000005
2 0.29656249999999995 0.6291665 0.05437500000000001 0.05666700000000002
2 0.373125 0.6358334999999999 0.07874999999999999 0.05166700000000002
2 0.6090625000000001 0.6358330000000001 0.16562500000000002 0.09999999999999998
2 0.8065625 0.577083 0.17062500000000003 0.09250000000000003
