11 0.0424835 0.1960785 0.084967 0.196079
11 0.113562 0.9534315 0.05392200000000001 0.076797
11 0.20996700000000001 0.76634 0.03758199999999998 0.03594799999999998
11 0.235294 0.390523 0.07189599999999999 0.0817
11 0.23611100000000002 0.207516 0.06045800000000001 0.22549000000000002
11 0.38317 0.3946075 0.09640599999999999 0.08986899999999998
11 0.385621 0.504902 0.07189600000000002 0.042483999999999966
11 0.7017975 0.3014705 0.12254900000000002 0.09640500000000002
11 0.885621 0.4575165 0.22548999999999997 0.19607900000000006
4 0.5800655 0.370915 0.8366009999999999 0.74183
2 0.4256535 0.7614375 0.06699300000000002 0.120915
2 0.51634 0.7720585 0.22549000000000002 0.151961
2 0.7328429999999999 0.754902 0.16503199999999996 0.11438000000000004
2 0.9313724999999999 0.7908495 0.13398699999999997 0.15359499999999993
