4 0.123125 0.216667 0.16624999999999998 0.35
8 0.26656250000000004 0.32999999999999996 0.05812500000000004 0.02999999999999997
8 0.4821875 0.36875 0.050624999999999976 0.027500000000000024
8 0.5796875 0.29541700000000004 0.059374999999999956 0.03250000000000003
8 0.7040625 0.28875 0.06562499999999993 0.025834000000000024
4 0.0315625 0.1475 0.063125 0.295
4 0.4190625 0.2 0.06312499999999999 0.1
4 0.464375 0.1391665 0.12000000000000005 0.22833299999999998
4 0.4909375 0.0416665 0.09312499999999996 0.083333
4 0.53375 0.0329165 0.07249999999999995 0.065833
4 0.538125 0.174583 0.07125000000000004 0.3025
4 0.6484375 0.1783335 0.13687500000000008 0.356667
4 0.8140625 0.0770835 0.255625 0.154167
4 0.9634375 0.0458335 0.07187500000000002 0.091667
