4 0.9040625 0.6383675 0.1656249999999999 0.29737300000000005
2 0.43218749999999995 0.8864915 0.18187499999999995 0.18198899999999996
4 0.2040625 0.654784 0.408125 0.63227
4 0.531875 0.749062 0.06499999999999995 0.10225200000000001
4 0.63 0.742964 0.10000000000000009 0.12945600000000002
4 0.76625 0.6683865 0.11125000000000007 0.26360300000000003
4 0.9775 0.575985 0.04375000000000007 0.22138800000000003
2 0.69125 0.802064 0.050000000000000044 0.04502800000000007
2 0.3153125 0.795966 0.016874999999999973 0.01782399999999995
2 0.5109375 0.7950280000000001 0.03812500000000002 0.01969999999999994
