4 0.5740624999999999 0.430417 0.250625 0.4125
2 0.0771875 0.68125 0.154375 0.11583399999999999
4 0.09 0.27625 0.18 0.13749999999999998
4 0.735 0.49916649999999996 0.050000000000000044 0.211667
4 0.7925 0.585 0.13375000000000004 0.16333399999999998
4 0.84875 0.517083 0.03249999999999997 0.07249999999999995
4 0.8909375 0.5895835 0.05687500000000001 0.13416700000000004
4 0.9559375 0.51125 0.08687500000000004 0.08083400000000002
8 0.4396875 0.6074999999999999 0.09562500000000002 0.03500000000000003
2 0.1734375 0.8554170000000001 0.346875 0.2875
2 0.359375 0.6775 0.07874999999999999 0.10833399999999993
2 0.5728125 0.7904165000000001 0.17187499999999994 0.16916699999999996
2 0.648125 0.7224999999999999 0.0625 0.05999999999999994
