4 0.375 0.35625 0.5968739999999999 0.670834
0 0.5179685 0.6270834999999999 0.254687 0.208333
4 0.0554685 0.423958 0.110937 0.39374999999999993
4 0.6632815000000001 0.59375 0.07031299999999996 0.09166600000000003
4 0.8031250000000001 0.5635414999999999 0.11875000000000002 0.11458299999999999
4 0.9007815 0.5864579999999999 0.07031300000000007 0.05625000000000002
4 0.9320315 0.5666665 0.13281300000000007 0.229167
2 0.0421875 0.7302085 0.084375 0.24791700000000005
2 0.357031 0.63125 0.051562 0.04166599999999998
2 0.8046875 0.644792 0.03750100000000001 0.043749999999999956
2 0.8960935 0.6416664999999999 0.02968700000000002 0.04166700000000001
