8 0.494375 0.5103869999999999 0.11999999999999994 0.05948999999999993
8 0.26437499999999997 0.4159585 0.09874999999999998 0.04815900000000001
4 0.055625 0.217658 0.11125 0.399434
4 0.15156250000000002 0.2351275 0.22687500000000002 0.364495
4 0.1603125 0.0472145 0.18062499999999998 0.094429
4 0.31124999999999997 0.1916905 0.20249999999999999 0.383381
4 0.3578125 0.292257 0.12937499999999996 0.19735599999999998
4 0.45499999999999996 0.19216249999999999 0.2575 0.365439
4 0.674375 0.3729935 0.21125000000000005 0.07365499999999997
4 0.735625 0.2823415 0.09875 0.239849
4 0.8631249999999999 0.371105 0.10750000000000004 0.077432
4 0.97 0.2842305 0.05874999999999997 0.17563700000000002
