1 0.4509375 0.545417 0.5231250000000001 0.3375
2 0.9446875 0.621667 0.09937499999999999 0.235
4 0.1328125 0.373333 0.265625 0.20500000000000002
4 0.285625 0.3033335 0.57125 0.606667
4 0.5215624999999999 0.350833 0.489375 0.30500000000000005
4 0.80125 0.4575 0.11375000000000002 0.11499999999999999
4 0.8796875 0.2695835 0.239375 0.539167
4 0.9209375 0.43624999999999997 0.156875 0.1725
2 0.0390625 0.5095835 0.021875000000000002 0.02583299999999994
2 0.0921875 0.5120834999999999 0.02187499999999999 0.02083299999999999
