2 0.1778125 0.651501 0.215625 0.158536
0 0.17125 0.5417449999999999 0.3425 0.344278
0 0.5237499999999999 0.508443 0.45749999999999996 0.778612
0 0.7771874999999999 0.5501875 0.073125 0.361163
0 0.83125 0.5595684999999999 0.03500000000000003 0.10412699999999997
0 0.936875 0.568011 0.06125000000000003 0.044090000000000074
4 0.2375 0.2002815 0.47375 0.400563
4 0.5540625 0.140713 0.379375 0.281426
4 0.7359374999999999 0.2865855 0.11562499999999998 0.134147
4 0.8421875000000001 0.2012195 0.31437499999999996 0.402439
4 0.8975 0.412758 0.1875 0.44840599999999997
4 0.868125 0.5009385 0.09750000000000003 0.22889299999999996
4 0.8928125 0.4530955 0.13687500000000008 0.290807
