2 0.488274 0.65625 0.25234599999999996 0.14874999999999994
0 0.07833 0.195 0.060975999999999995 0.04125000000000001
0 0.1247655 0.1878125 0.035647 0.040624999999999994
0 0.1594745 0.1803125 0.033770999999999995 0.03562499999999999
0 0.262664 0.315625 0.15384600000000004 0.15249999999999997
0 0.3836775 0.1834375 0.04878099999999996 0.03437499999999999
0 0.5820825000000001 0.1671875 0.03658499999999998 0.02562499999999998
0 0.6594745 0.3746875 0.16135100000000002 0.16062500000000002
0 0.756567 0.219375 0.08911800000000003 0.05124999999999999
0 0.880863 0.296875 0.159474 0.10375000000000001
2 0.499531 0.4496875 0.999062 0.556875
2 0.629456 0.973125 0.348968 0.05249999999999999
