4 0.409375 0.743979 0.09875 0.2984300000000001
1 0.2503125 0.8790575 0.186875 0.206283
4 0.0159375 0.8073300000000001 0.031875 0.07539200000000001
4 0.0753125 0.637173 0.091875 0.04502600000000001
4 0.1253125 0.832984 0.066875 0.06178000000000006
4 0.2175 0.7685865000000001 0.13874999999999998 0.345549
4 0.195 0.6502619999999999 0.06 0.014660000000000006
4 0.314375 0.6921470000000001 0.0625 0.17591600000000007
4 0.51625 0.7586385 0.09749999999999992 0.19371699999999992
4 0.6515625 0.794241 0.08062500000000006 0.147644
4 0.7403125 0.9167540000000001 0.07937499999999997 0.04921399999999998
4 0.7693749999999999 0.7821990000000001 0.04749999999999999 0.16335
4 0.9209375 0.7837695 0.06437499999999996 0.11832500000000001
1 0.9596875 0.8790575 0.07937499999999997 0.14136099999999996
