4 0.8734375 0.2629165 0.23687499999999995 0.44083300000000003
4 0.025625 0.3733335 0.05125 0.161667
4 0.448125 0.3083335 0.89625 0.616667
4 0.2165625 0.377083 0.06937499999999996 0.10750000000000004
4 0.2365625 0.2833335 0.05812500000000001 0.11166699999999999
4 0.2921875 0.311667 0.04812499999999997 0.19
4 0.595 0.33499999999999996 0.04125000000000001 0.10500000000000004
4 0.62625 0.359583 0.03125 0.07250000000000001
4 0.6759375 0.3333335 0.055625000000000036 0.098333
4 0.729375 0.3075 0.05125000000000002 0.050000000000000044
4 0.73125 0.35125 0.04999999999999993 0.0625
4 0.7765625 0.34625 0.04312499999999997 0.08583399999999997
4 0.9546875 0.2116665 0.08937499999999998 0.423333
8 0.46124999999999994 0.385 0.26999999999999996 0.07833400000000001
