4 0.8578125000000001 0.67 0.239375 0.581666
0 0.19343749999999998 0.767917 0.13312500000000002 0.13750000000000007
4 0.1484375 0.35208300000000003 0.296875 0.5625
4 0.039375 0.7783335 0.0775 0.213333
4 0.11218750000000001 0.945417 0.206875 0.10750000000000004
4 0.13968750000000002 0.712917 0.084375 0.12749999999999995
4 0.26968749999999997 0.6191665 0.09062500000000001 0.11833299999999991
4 0.3375 0.8058335000000001 0.18750000000000003 0.24166699999999997
4 0.375 0.41500000000000004 0.18999999999999995 0.21000000000000002
4 0.3484375 0.66875 0.11062499999999997 0.07416600000000007
4 0.33999999999999997 0.30374999999999996 0.03750000000000003 0.03916599999999998
4 0.3740625 0.29875 0.015625 0.0675
4 0.4090625 0.29791650000000003 0.051875000000000004 0.04083299999999995
4 0.46187500000000004 0.6183335 0.11625000000000002 0.10666700000000007
4 0.504375 0.5425 0.07749999999999996 0.10333399999999998
4 0.51375 0.47 0.07500000000000001 0.08333399999999996
4 0.5096875 0.405 0.06437500000000002 0.051666000000000045
4 0.5025000000000001 0.3725 0.04250000000000004 0.050000000000000044
4 0.5640625 0.3095835 0.08062499999999995 0.07583299999999998
4 0.5671875 0.352083 0.048125000000000084 0.057499999999999996
4 0.5834375 0.40375 0.04937500000000006 0.04916600000000004
4 0.6228125 0.452083 0.08437500000000009 0.0675
4 0.703125 0.50375 0.1512500000000001 0.14583400000000002
4 0.68375 0.302917 0.07125000000000004 0.0625
4 0.7915625 0.4525 0.20687500000000003 0.15833399999999997
4 0.8378125000000001 0.2866665 0.16562500000000002 0.07333299999999998
2 0.1396875 0.9070834999999999 0.056874999999999995 0.04916700000000007
2 0.1478125 0.9870835 0.053125000000000006 0.02416700000000005
2 0.251875 0.825833 0.04625000000000001 0.04999999999999993
2 0.37812500000000004 0.6229169999999999 0.023749999999999993 0.02749999999999997
2 0.3834375 0.6487499999999999 0.02562500000000001 0.030833999999999917
2 0.4 0.5604165000000001 0.014999999999999958 0.02083299999999999
2 0.41593749999999996 0.5745830000000001 0.01687500000000003 0.01749999999999996
2 0.438125 0.539167 0.013749999999999984 0.015000000000000013
2 0.454375 0.4916665 0.03125 0.06166699999999997
2 0.478125 0.4754165 0.00874999999999998 0.00916699999999998
2 0.4821875 0.537083 0.014375000000000027 0.022499999999999964
2 0.49124999999999996 0.48291700000000004 0.00874999999999998 0.017500000000000016
2 0.5678125 0.48125 0.013124999999999942 0.014166000000000012
2 0.569375 0.468333 0.007499999999999951 0.0050000000000000044
2 0.5790625 0.5433335 0.014375000000000027 0.016666999999999987
2 0.685 0.9458335 0.03874999999999995 0.061666999999999916
2 0.714375 0.8108335 0.036250000000000004 0.043333000000000066
2 0.7437499999999999 0.597917 0.036250000000000004 0.022499999999999964
