6 0.8209375 0.692199 0.109375 0.22462399999999993
6 0.2228125 0.595395 0.07187499999999997 0.11560199999999998
6 0.5546875 0.6080825 0.07937499999999997 0.17857100000000004
4 0.0609375 0.270207 0.120625 0.540414
4 0.27749999999999997 0.306861 0.11249999999999999 0.350564
4 0.3459375 0.242951 0.075625 0.485902
4 0.6965625 0.2086465 0.04562500000000003 0.417293
4 0.7946875 0.118891 0.078125 0.237782
4 0.8484375 0.174812 0.04437499999999994 0.349624
4 0.8996875 0.117481 0.10187500000000005 0.101504
4 0.91625 0.27161650000000004 0.10875000000000001 0.229323
