6 0.23062500000000002 0.607042 0.05750000000000002 0.19436600000000004
6 0.354375 0.5962445000000001 0.03125 0.084507
6 0.374375 0.596244 0.04749999999999999 0.0694840000000001
6 0.478125 0.532864 0.013749999999999984 0.089202
6 0.5818749999999999 0.553991 0.04500000000000004 0.10704200000000008
6 0.643125 0.517371 0.09124999999999994 0.18028200000000005
6 0.7296875 0.594366 0.09437499999999999 0.17276999999999998
6 0.8034375 0.4737085 0.03187499999999999 0.11737100000000006
6 0.9084375 0.4906105 0.026874999999999982 0.042252999999999985
6 0.9593750000000001 0.44507050000000004 0.07999999999999996 0.13708900000000002
