2 0.347571 0.5121875 0.14405400000000002 0.10562499999999997
0 0.1616415 0.4121875 0.144053 0.11937500000000001
2 0.21733650000000002 0.5725 0.15829100000000002 0.09375
2 0.330402 0.37031250000000004 0.19011799999999998 0.11812499999999998
2 0.39363499999999996 0.4240625 0.093802 0.05312499999999998
2 0.459799 0.37093750000000003 0.056952 0.043125000000000024
2 0.48408700000000005 0.3846875 0.08710200000000007 0.05687500000000001
2 0.502094 0.27875 0.034338000000000035 0.02749999999999997
2 0.663735 0.23249999999999998 0.02763799999999994 0.018750000000000017
2 0.6750419999999999 0.2121875 0.018425999999999942 0.011875000000000024
2 0.6762980000000001 0.22 0.020938000000000012 0.013749999999999984
2 0.6922109999999999 0.215625 0.020938000000000012 0.014999999999999986
2 0.8354269999999999 0.3759375 0.08291400000000004 0.104375
2 0.8969849999999999 0.5709375 0.13065399999999994 0.06687500000000002
2 0.917923 0.6315625 0.15745399999999998 0.09562499999999996
2 0.919179 0.8828125 0.15996599999999994 0.20187500000000003
2 0.9279729999999999 0.7015625000000001 0.142378 0.11312500000000003
2 0.5527635 0.2559375 0.03685099999999997 0.02562499999999998
2 0.589196 0.25375000000000003 0.032663999999999915 0.01874999999999999
