4 0.2753125 0.4633335 0.5493750000000001 0.926667
4 0.25875000000000004 0.3925 0.51 0.785
4 0.3178125 0.3908335 0.603125 0.781667
4 0.3178125 0.393333 0.32437499999999997 0.5599999999999999
4 0.42593749999999997 0.373333 0.14687500000000003 0.575
4 0.4484375 0.395833 0.12812499999999993 0.51
4 0.47375 0.49958349999999996 0.06749999999999995 0.27583299999999994
4 0.5415625 0.315 0.055624999999999925 0.616666
4 0.568125 0.32875 0.04125000000000001 0.6575
4 0.5965625 0.3375 0.059374999999999956 0.675
4 0.7028125000000001 0.3433335 0.249375 0.686667
4 0.6956249999999999 0.3608335 0.19624999999999992 0.721667
4 0.8153125 0.3858335 0.36812500000000004 0.771667
4 0.8868750000000001 0.4579165 0.22499999999999998 0.915833
3 0.075625 0.6491665 0.12125000000000001 0.10666700000000007
3 0.885 0.6145835 0.06875000000000009 0.04083300000000001
