4 0.083125 0.4608335 0.16625 0.098333
4 0.3053125 0.19875 0.610625 0.3975
4 0.048125 0.614583 0.08124999999999999 0.07250000000000001
4 0.32906250000000004 0.41041700000000003 0.400625 0.5525
4 0.2409375 0.46125000000000005 0.13937499999999997 0.1175
4 0.3765625 0.4391665 0.13187500000000002 0.11333300000000002
4 0.5009375 0.44916649999999997 0.17562499999999998 0.10666699999999996
4 0.9612499999999999 0.6654169999999999 0.07625000000000004 0.12249999999999994
4 0.9650000000000001 0.2916665 0.06874999999999998 0.301667
3 0.8834375 0.8254165 0.23187500000000005 0.24083300000000007
