11 0.2063265 0.6471875 0.05571300000000001 0.04062500000000002
4 0.1104815 0.3925 0.220963 0.785
4 0.4745045 0.3615625 0.18035899999999994 0.109375
4 0.6189805 0.4734375 0.2993390000000001 0.271875
4 0.9239850000000001 0.3625 0.1501420000000001 0.15500000000000003
2 0.2341835 0.5571875 0.06987699999999997 0.04437499999999994
2 0.222852 0.499375 0.02643999999999999 0.04125000000000001
2 0.27998100000000004 0.63625 0.08781800000000001 0.05125000000000002
2 0.325779 0.42000000000000004 0.056657999999999986 0.03250000000000003
2 0.36732750000000003 0.5384374999999999 0.08687499999999998 0.030625000000000013
2 0.3800755 0.5796874999999999 0.09348499999999998 0.04062500000000002
2 0.3829085 0.39249999999999996 0.040605 0.028749999999999998
2 0.413598 0.42 0.077432 0.036250000000000004
2 0.430595 0.6146875 0.09631800000000001 0.0568749999999999
2 0.42681749999999996 0.4378125 0.05665700000000001 0.026874999999999982
2 0.5288005 0.7621875 0.21907499999999996 0.12312499999999993
2 0.5245515000000001 0.5315624999999999 0.186025 0.14687499999999998
2 0.6458925 0.64875 0.06232300000000002 0.05249999999999999
2 0.6562795 0.6121875000000001 0.08309699999999998 0.020625000000000004
2 0.683664 0.6565624999999999 0.09065200000000007 0.06187500000000001
2 0.746931 0.7437499999999999 0.071766 0.07874999999999999
2 0.864967 0.8196875 0.268178 0.23062500000000008
