6 0.5486305 0.5565625 0.35882900000000006 0.24312499999999998
6 0.023607 0.5490625 0.047214 0.04437500000000005
6 0.0807365 0.5540624999999999 0.031160999999999994 0.030625000000000013
6 0.1713885 0.5609375 0.08215299999999998 0.06812499999999999
6 0.2459865 0.5540624999999999 0.06137899999999999 0.04062500000000002
6 0.3168085 0.5471874999999999 0.07459899999999997 0.05437499999999995
6 0.3895185 0.5565625 0.07459899999999997 0.015625
6 0.7672334999999999 0.5718749999999999 0.186025 0.12124999999999997
6 0.8437205 0.534375 0.038715000000000055 0.03874999999999995
6 0.9220965000000001 0.5359375 0.15391900000000003 0.128125
