9 0.494375 0.8644445000000001 0.05125000000000002 0.166667
4 0.1653125 0.327222 0.330625 0.654444
4 0.2759375 0.41500000000000004 0.08187500000000003 0.32333400000000007
4 0.3296875 0.497222 0.08187499999999998 0.20555599999999996
4 0.43656249999999996 0.182222 0.241875 0.364444
4 0.53375 0.44499999999999995 0.36 0.518888
4 0.7740625 0.373889 0.45062500000000005 0.747778
2 0.19124999999999998 0.605 0.037500000000000006 0.04777799999999999
2 0.2515625 0.641667 0.11437500000000003 0.14777799999999996
2 0.415625 0.6416664999999999 0.09625 0.13444500000000004
2 0.574375 0.6544445 0.09375 0.09111099999999994
