1 0.2240625 0.503788 0.161875 0.16077399999999997
1 0.4115625 0.3880475 0.06562500000000004 0.09090900000000002
1 0.5021875 0.713384 0.22812499999999997 0.372896
1 0.424375 0.458754 0.05500000000000005 0.06733999999999996
1 0.41875 0.421717 0.04125000000000001 0.042088000000000014
1 0.4090625 0.28367050000000005 0.01937500000000003 0.023569000000000007
1 0.45718749999999997 0.29335 0.023125000000000007 0.02609399999999995
1 0.46499999999999997 0.4027775 0.03875000000000001 0.037878999999999996
1 0.5778125000000001 0.29587549999999996 0.028125000000000067 0.034511000000000014
1 0.6275 0.37963 0.036250000000000004 0.06734000000000001
1 0.6225 0.31776099999999996 0.022500000000000075 0.03787800000000002
1 0.6609375 0.4381315 0.06687500000000002 0.125421
1 0.6453125 0.3194445 0.030625000000000013 0.034511000000000014
1 0.6609375 0.344276 0.04062500000000002 0.06229000000000001
1 0.731875 0.356902 0.039999999999999925 0.04713800000000001
1 0.7640625 0.367845 0.04937499999999995 0.06902400000000003
2 0.16 0.6708755 0.09875 0.079125
2 0.41000000000000003 0.29798 0.009999999999999953 0.008417999999999981
2 0.4228125 0.29377149999999996 0.010624999999999996 0.010100999999999971
2 0.431875 0.305556 0.010000000000000009 0.013468000000000035
2 0.438125 0.2891415 0.007500000000000007 0.009259000000000017
2 0.459375 0.31734 0.011250000000000038 0.011784000000000017
2 0.468125 0.327862 0.011249999999999982 0.015994000000000008
2 0.46968750000000004 0.2866165 0.004374999999999962 0.010943000000000036
2 0.475 0.29629649999999996 0.006250000000000033 0.005050999999999972
2 0.4853125 0.38131349999999997 0.020625000000000004 0.023569000000000007
2 0.4909375 0.31776099999999996 0.030624999999999958 0.032828000000000024
2 0.4828125 0.2916665 0.005624999999999991 0.010943000000000036
2 0.4915625 0.28914150000000005 0.009375000000000022 0.012627
2 0.511875 0.2954545 0.008750000000000036 0.010101000000000027
2 0.5196875000000001 0.36153199999999996 0.01937500000000003 0.021044000000000007
2 0.5190625 0.3409095 0.015625 0.01683499999999999
2 0.5234375 0.35185200000000005 0.016874999999999973 0.015151999999999999
2 0.5334375 0.30176749999999997 0.014375000000000027 0.017677
2 0.5425 0.29882149999999996 0.006249999999999978 0.010100999999999971
2 0.55875 0.32112799999999997 0.012499999999999956 0.015994000000000008
2 0.5765625 0.33207050000000005 0.015625 0.017677
2 0.5834375 0.32112799999999997 0.014374999999999916 0.015994000000000008
2 0.6021875 0.3190235 0.015625 0.01515099999999997
2 0.61625 0.34596000000000005 0.01749999999999996 0.020201999999999998
