6 0.046565999999999996 0.7075 0.031044 0.03749999999999998
6 0.1340545 0.8225 0.143933 0.05125000000000002
6 0.231891 0.7315625 0.046096000000000026 0.016874999999999973
6 0.28786449999999997 0.6496875 0.02069700000000002 0.013125000000000053
6 0.3033865 0.6487499999999999 0.015993000000000035 0.015000000000000013
6 0.321731 0.6487499999999999 0.01505200000000001 0.015000000000000013
6 0.383349 0.830625 0.11759200000000003 0.0525000000000001
6 0.47601099999999996 0.720625 0.07713999999999993 0.05249999999999999
6 0.488711 0.525 0.05173999999999995 0.023749999999999938
6 0.5517399999999999 0.74875 0.074318 0.03374999999999995
6 0.6340545 0.7521875 0.013170999999999933 0.024375000000000036
6 0.7149575 0.8428125 0.12417699999999998 0.04062500000000002
6 0.803857 0.75125 0.04421400000000009 0.015000000000000013
6 0.844779 0.7221875 0.018813999999999997 0.021874999999999978
6 0.928034 0.8343750000000001 0.046096000000000026 0.02749999999999997
