6 0.49201100000000003 0.8928125 0.43891 0.12062499999999998
8 0.50141 0.330625 0.177632 0.03749999999999998
6 0.068609 0.8078125 0.043234 0.03937500000000005
6 0.1405075 0.809375 0.089285 0.05249999999999999
6 0.1907895 0.8075 0.03007500000000002 0.04249999999999998
6 0.25375899999999996 0.7984375 0.07518799999999998 0.05812499999999998
6 0.725094 0.8025 0.06672999999999996 0.04249999999999998
6 0.8547929999999999 0.806875 0.10056399999999999 0.05499999999999994
6 0.9125939999999999 0.8171875 0.020676000000000028 0.048125000000000084
6 0.963346 0.8196875 0.07142799999999994 0.04562500000000003
4 0.39990600000000004 0.380625 0.632518 0.4375
4 0.797932 0.3234375 0.40225599999999995 0.646875
