11 0.2034375 0.681562 0.03187499999999999 0.05362200000000006
11 0.62 0.44590799999999997 0.25249999999999995 0.22389399999999998
11 0.8362499999999999 0.7187205000000001 0.039999999999999925 0.06020700000000001
4 0.1271875 0.648636 0.083125 0.16650999999999994
4 0.1965625 0.6218250000000001 0.05562499999999998 0.09595399999999998
4 0.3003125 0.6594545 0.085625 0.18250299999999997
4 0.35906249999999995 0.663217 0.075625 0.2257760000000001
4 0.4240625 0.6683915 0.07437499999999997 0.192851
4 0.5625 0.6632175 0.19999999999999996 0.17121300000000006
4 0.829375 0.7008464999999999 0.09375 0.208843
4 0.8421875 0.5757289999999999 0.08812500000000001 0.07337800000000005
4 0.9053125 0.6914395 0.13437500000000002 0.227657
