0 0.263125 0.5242765 0.035 0.05322100000000002
0 0.29593749999999996 0.5289444999999999 0.033125000000000016 0.04761899999999997
0 0.3334375 0.5284785000000001 0.034375000000000044 0.054155000000000064
0 0.3696875 0.5322125 0.026874999999999982 0.05415499999999995
0 0.3996875 0.529412 0.033125000000000016 0.052288
0 0.4359375 0.5298785 0.026875000000000038 0.04201699999999997
0 0.47 0.5373485 0.03750000000000003 0.04761900000000008
0 0.5109375 0.531746 0.041874999999999996 0.04015000000000002
0 0.5434375 0.535481 0.03312500000000007 0.036413999999999946
0 0.573125 0.535481 0.03875000000000006 0.036413999999999946
0 0.9371875000000001 0.605042 0.12437500000000001 0.10084000000000004
3 0.15 0.661998 0.3 0.386554
3 0.6115625 0.6479925 0.443125 0.319327
3 0.6268750000000001 0.745565 0.47125000000000006 0.29225
3 0.9290625 0.7478994999999999 0.140625 0.22595700000000007
