7 0.372811 0.8934375000000001 0.125104 0.114375
7 0.372811 0.8934375000000001 0.125104 0.114375
7 0.056714 0.1575 0.081734 0.08000000000000002
7 0.0646375 0.5334375 0.097581 0.09062500000000001
7 0.143036 0.1590625 0.195996 0.073125
7 0.180567 0.5290625 0.11592999999999999 0.11937500000000001
7 0.327773 0.7475 0.13678 0.08500000000000008
7 0.3849045 0.3403125 0.209341 0.11812499999999998
7 0.44537099999999996 0.714375 0.098416 0.14874999999999994
7 0.622602 0.7409375 0.23936599999999997 0.09562499999999996
7 0.8840705 0.9446875 0.205171 0.09062499999999996
