6 0.79 0.8208335 0.20375 0.18666699999999992
8 0.0103125 0.580833 0.018125 0.010000000000000009
8 0.305 0.3945835 0.04249999999999998 0.024166999999999994
8 0.7628125 0.379583 0.06937499999999996 0.02749999999999997
6 0.043125 0.8595835000000001 0.08625 0.1308330000000001
6 0.32 0.765417 0.1575 0.25249999999999995
6 0.3928125 0.7137500000000001 0.06312499999999999 0.129166
4 0.10437500000000001 0.5570835000000001 0.12375 0.21583300000000005
4 0.495625 0.58875 0.18874999999999997 0.09250000000000003
4 0.63375 0.580417 0.08250000000000002 0.08250000000000002
4 0.9684375000000001 0.50375 0.06187500000000001 0.11583400000000005
