0 0.2275 0.61375 0.455 0.39916599999999997
0 0.0621875 0.2675 0.121875 0.168334
0 0.1525 0.25625 0.12125000000000001 0.194166
0 0.244375 0.23041699999999998 0.12625 0.1775
0 0.3490625 0.2370835 0.13187499999999996 0.184167
0 0.656875 0.4425 0.42250000000000004 0.47
0 0.8049999999999999 0.8433335 0.34625000000000006 0.311667
1 0.0621875 0.27 0.124375 0.20833400000000002
1 0.0815625 0.61375 0.163125 0.295834
1 0.1390625 0.5058335 0.179375 0.156667
1 0.1578125 0.2475 0.14187500000000003 0.21166600000000002
1 0.22125 0.582917 0.23250000000000004 0.17249999999999993
1 0.2584375 0.6283335 0.21437499999999998 0.15333299999999994
1 0.289375 0.684167 0.2275 0.15500000000000003
1 0.248125 0.23625 0.14250000000000002 0.189166
1 0.345 0.740417 0.2375 0.14250000000000007
1 0.34625 0.23458299999999999 0.13124999999999998 0.19249999999999998
1 0.541875 0.2875 0.195 0.15666600000000003
1 0.576875 0.32875 0.20249999999999996 0.18416600000000002
1 0.6125 0.3741665 0.18875000000000008 0.161667
1 0.641875 0.4320835 0.19625000000000004 0.16416700000000006
1 0.7053125 0.50875 0.19937500000000008 0.1275
1 0.7390625 0.5629165 0.20937499999999998 0.145833
1 0.7893749999999999 0.9270835 0.30500000000000005 0.12416700000000003
1 0.8125 0.9733335000000001 0.31000000000000005 0.05166700000000002
1 0.81 0.8683335 0.29500000000000004 0.15833300000000006
1 0.8246875 0.80125 0.28812499999999996 0.134166
1 0.8318749999999999 0.7462500000000001 0.28375000000000006 0.15916600000000003
