2 0.23193350000000001 0.8604995 0.223633 0.22907500000000003
11 0.833008 0.5697505 0.05468799999999996 0.09691700000000003
11 0.869629 0.4096915 0.108398 0.13215900000000003
11 0.8339840000000001 0.6372979999999999 0.027343999999999924 0.02936799999999995
11 0.9057615 0.513216 0.0498050000000001 0.06607999999999997
4 0.132324 0.559471 0.264648 0.698972
4 0.2368165 0.552129 0.272461 0.42584400000000006
4 0.41699200000000003 0.5565344999999999 0.21484400000000003 0.425845
4 0.5537110000000001 0.643172 0.050781999999999994 0.37885399999999997
4 0.597656 0.550661 0.027344000000000035 0.05286400000000002
4 0.6489255 0.723201 0.10644500000000001 0.218796
4 0.6972659999999999 0.598385 0.10742200000000002 0.10132200000000002
4 0.732422 0.7158595 0.06835999999999998 0.19530099999999995
4 0.8168945000000001 0.6960355 0.18066499999999996 0.27900099999999994
2 0.03125 0.842878 0.0625 0.06754799999999994
2 0.45654300000000003 0.8560939999999999 0.041991999999999974 0.03817999999999999
2 0.493164 0.859031 0.050781999999999994 0.04699000000000009
2 0.585937 0.8480175 0.03125 0.03671099999999994
2 0.6430665 0.845815 0.040038999999999936 0.05580000000000007
2 0.714844 0.811307 0.10351600000000005 0.07782599999999995
2 0.6933595 0.856094 0.03906300000000007 0.05286400000000002
2 0.7558595 0.879589 0.09960900000000006 0.135096
2 0.792969 0.828194 0.009766000000000052 0.008809999999999985
