11 0.0684375 0.2481235 0.016875 0.05534700000000001
11 0.1171875 0.351313 0.01937499999999999 0.04596600000000001
11 0.28875 0.454972 0.01375000000000004 0.02626600000000001
11 0.37968749999999996 0.4831145 0.03937499999999999 0.06003699999999995
11 0.39437500000000003 0.3419325 0.06375000000000003 0.11538500000000002
11 0.42125 0.2800185 0.017500000000000016 0.053471000000000046
11 0.5084375 0.2762665 0.018124999999999947 0.06097500000000003
11 0.5315624999999999 0.2753285 0.02312499999999995 0.051595
11 0.7034374999999999 0.333959 0.02312499999999995 0.061914000000000025
11 0.699375 0.4188555 0.010000000000000009 0.03846099999999997
11 0.7490625 0.43198899999999996 0.06562499999999993 0.021575999999999984
11 0.7940625 0.229362 0.02562500000000001 0.10600400000000001
11 0.9859375 0.12148199999999999 0.026874999999999982 0.09099399999999999
4 0.0740625 0.217167 0.148125 0.432458
4 0.415625 0.286585 0.09125 0.5206379999999999
4 0.47968750000000004 0.3630395 0.060624999999999984 0.38086300000000006
4 0.5125 0.3954035 0.04625000000000001 0.331145
4 0.544375 0.4484055 0.03125 0.228893
4 0.7928125 0.3954035 0.41312499999999996 0.790807
2 0.13749999999999998 0.617261 0.2725 0.39587199999999995
2 0.9621875 0.5619135 0.07437499999999997 0.08067499999999994
