4 0.20122500000000001 0.2099715 0.32705 0.33848300000000003
6 0.0622055 0.32935400000000004 0.015081000000000004 0.01545000000000002
6 0.1310085 0.33637649999999997 0.020735000000000003 0.01544899999999999
6 0.30066000000000004 0.45575849999999996 0.03016000000000002 0.021067000000000002
6 0.319981 0.4424155 0.00848199999999999 0.025280999999999998
6 0.427427 0.5561795 0.042412000000000005 0.053370999999999946
6 0.4877475 0.6320224999999999 0.017907000000000006 0.047753000000000045
6 0.5400565 0.6875 0.10367500000000002 0.0828660000000001
6 0.618756 0.6783710000000001 0.06691800000000003 0.07865200000000006
6 0.66164 0.6221909999999999 0.013195999999999986 0.047751999999999906
6 0.6908575 0.5519665 0.024505 0.08707900000000002
4 0.0254475 0.1713485 0.050895 0.342697
4 0.6762485 0.318118 0.645617 0.636236
