2 0.7990625 0.745 0.07437500000000008 0.08333400000000002
0 0.0284375 0.6433335 0.056875 0.2583329999999999
0 0.4765625 0.5654165 0.5631250000000001 0.6341669999999999
2 0.059062500000000004 0.7108335 0.013125000000000005 0.05666700000000002
2 0.0684375 0.6895830000000001 0.020624999999999998 0.02749999999999997
2 0.079375 0.675 0.0325 0.043333999999999984
2 0.12312500000000001 0.6929164999999999 0.08375 0.08583299999999994
2 0.17093750000000002 0.6833335 0.024375000000000008 0.046667000000000014
2 0.750625 0.73875 0.010000000000000009 0.07916600000000007
2 0.804375 0.7170835 0.04125000000000001 0.030833
2 0.9903124999999999 0.7516665 0.018125000000000058 0.06166700000000003
