2 0.425625 0.5266664999999999 0.8475 0.478333
6 0.9125000000000001 0.4916665 0.09875 0.05166699999999996
2 0.046875 0.239583 0.09375 0.02749999999999997
2 0.1928125 0.25125000000000003 0.101875 0.037500000000000006
2 0.318125 0.256667 0.1225 0.04500000000000001
2 0.4878125 0.2729165 0.10062499999999996 0.03916700000000001
2 0.675 0.291667 0.10875000000000001 0.040000000000000036
2 0.7709375 0.2970835 0.10312500000000002 0.03916699999999995
2 0.869375 0.306667 0.07125000000000004 0.044999999999999984
2 0.9696875 0.31333350000000004 0.05937500000000007 0.048333000000000015
