4 0.09593750000000001 0.312778 0.143125 0.21222200000000002
1 0.9259375000000001 0.6316665 0.14812499999999995 0.305555
4 0.4996875 0.34055599999999997 0.999375 0.31
1 0.128125 0.5711109999999999 0.15375 0.193334
1 0.109375 0.443333 0.03249999999999999 0.057777999999999996
1 0.1971875 0.723333 0.18937500000000002 0.3400000000000001
1 0.1715625 0.484444 0.118125 0.12000000000000005
1 0.26937500000000003 0.8594445 0.30375 0.27888900000000005
1 0.2290625 0.5127775 0.110625 0.11888900000000002
1 0.2959375 0.4444445 0.13062500000000002 0.07333300000000004
1 0.3021875 0.5822225 0.135625 0.15333299999999994
1 0.318125 0.503333 0.09375 0.08222200000000002
1 0.4984375 0.3244445 0.23312499999999997 0.648889
1 0.5340625 0.5594445 0.09937499999999999 0.15666699999999995
1 0.7184375000000001 0.5916669999999999 0.2743749999999999 0.307778
