2 0.1940625 0.5641665 0.111875 0.098333
0 0.6365625 0.4408335 0.41562499999999997 0.6683330000000001
11 0.2496875 0.5620835 0.01937500000000003 0.019167000000000045
11 0.825 0.14375 0.07750000000000001 0.0875
4 0.0625 0.4304165 0.125 0.33083299999999993
4 0.2134375 0.48458349999999994 0.073125 0.18083299999999997
4 0.40437500000000004 0.3825 0.1225 0.36833400000000005
4 0.709375 0.09833349999999999 0.17999999999999994 0.161667
4 0.8915625 0.41125 0.14937500000000004 0.314166
2 0.38 0.5566665 0.04749999999999999 0.04166700000000001
2 0.4034375 0.5533330000000001 0.01937500000000003 0.03500000000000003
