1 0.7626645000000001 0.6174999999999999 0.20825499999999997 0.09500000000000008
0 0.4193245 0.620625 0.138837 0.08499999999999996
0 0.942777 0.61125 0.11257000000000006 0.17625000000000002
4 0.280957 0.31 0.561914 0.61
4 0.564728 0.2996875 0.6303939999999999 0.599375
4 0.41979350000000004 0.5615625 0.212945 0.07187500000000002
4 0.419794 0.5549999999999999 0.08536600000000005 0.07874999999999999
4 0.7340525 0.525625 0.24671700000000008 0.11624999999999996
4 0.893996 0.42499999999999993 0.17636000000000007 0.27999999999999997
4 0.9371484999999999 0.369375 0.12382700000000002 0.3400000000000001
2 0.5412755 0.6403125000000001 0.07504699999999997 0.045624999999999916
2 0.608349 0.636875 0.104128 0.04249999999999998
