6 0.0334375 0.8325 0.054375 0.07000000000000006
6 0.090625 0.8695835000000001 0.035 0.03416699999999995
6 0.27937500000000004 0.7833334999999999 0.03250000000000003 0.10333300000000001
6 0.33062499999999995 0.81375 0.065 0.08916599999999997
6 0.4515625 0.87375 0.049375 0.08416599999999996
6 0.5709375 0.8883335 0.05812499999999998 0.04833299999999996
6 0.6065625 0.79125 0.06437500000000007 0.04249999999999998
6 0.7915625 0.8783335 0.04937500000000006 0.05833299999999997
6 0.9768749999999999 0.8395835 0.04500000000000004 0.060833000000000026
4 0.42312500000000003 0.10375 0.84 0.2075
4 0.3578125 0.3466665 0.21687499999999998 0.693333
