11 0.40249999999999997 0.3930585 0.03875000000000001 0.054408999999999985
11 0.8209375 0.524859 0.35687500000000005 0.11163200000000006
4 0.0315625 0.2223265 0.063125 0.146341
4 0.43625 0.1158535 0.8725 0.231707
4 0.0925 0.243433 0.10499999999999998 0.130394
4 0.1809375 0.2242025 0.08937499999999998 0.146341
4 0.2390625 0.23592849999999999 0.07562499999999997 0.122889
4 0.495 0.170732 0.16625 0.17635999999999996
4 0.791875 0.30534700000000004 0.41500000000000004 0.319888
4 0.8225 0.109756 0.35375 0.213884
2 0.2553125 0.48546 0.13687499999999997 0.257974
2 0.49375 0.2856475 0.044999999999999984 0.03470899999999999
