1 0.8565 0.550225 0.275 0.38081000000000004
1 0.251 0.49250350000000004 0.19199999999999998 0.14242900000000003
1 0.425 0.4610195 0.11399999999999999 0.09445299999999995
2 0.2485 0.48650650000000006 0.19699999999999998 0.14542700000000003
2 0.4255 0.4632685 0.123 0.10494700000000001
2 0.6255 0.4415295 0.051000000000000045 0.061468999999999996
2 0.654 0.43478249999999996 0.014000000000000012 0.029984999999999984
2 0.6635 0.436282 0.013000000000000012 0.020989999999999953
2 0.69 0.437781 0.02399999999999991 0.02698600000000001
2 0.8545 0.5944525 0.28700000000000003 0.44527700000000003
