4 0.0290625 0.34500000000000003 0.058125 0.293334
4 0.16999999999999998 0.41500000000000004 0.3325 0.14666600000000002
4 0.0609375 0.3304165 0.066875 0.290833
4 0.075 0.36125 0.03125 0.32916599999999996
4 0.1028125 0.3470835 0.031875 0.33416700000000005
4 0.17375000000000002 0.3158335 0.06625 0.348333
4 0.40625 0.4120835 0.02749999999999997 0.030833
4 0.436875 0.295 0.03375 0.341666
4 0.4625 0.3033335 0.03375 0.306667
4 0.4896875 0.3658335 0.051875000000000004 0.248333
4 0.5115624999999999 0.3141665 0.04437499999999994 0.35166699999999995
4 0.6059375 0.4633335 0.083125 0.15333300000000005
4 0.834375 0.4079165 0.24 0.24916699999999997
4 0.9768749999999999 0.391667 0.04500000000000004 0.065
8 0.46749999999999997 0.5120830000000001 0.06874999999999998 0.02749999999999997
