1 0.07312500000000001 0.8659455 0.12125000000000001 0.23800500000000002
4 0.0859375 0.5983065 0.171875 0.30856100000000003
4 0.3071875 0.6980245 0.158125 0.156161
4 0.33218749999999997 0.5597365 0.07437500000000002 0.047036999999999995
4 0.4296875 0.5597365 0.06687500000000002 0.047036999999999995
4 0.6115625 0.557855 0.17437499999999995 0.054562
4 0.688125 0.719661 0.15375000000000005 0.24647200000000002
4 0.8803125 0.5451555 0.23812500000000003 0.44496699999999995
4 0.881875 0.6966135 0.15875000000000006 0.17779900000000004
1 0.568125 0.8965190000000001 0.15749999999999997 0.08466600000000002
