1 0.418125 0.54875 0.64875 0.434166
4 0.1396875 0.205 0.279375 0.41
4 0.27 0.2108335 0.345 0.421667
4 0.48375 0.4441665 0.6975 0.888333
4 0.2728125 0.27625 0.079375 0.149166
4 0.32343750000000004 0.264167 0.05562499999999998 0.16
4 0.38 0.25125 0.06125000000000003 0.16583399999999998
4 0.4253125 0.24958349999999999 0.060624999999999984 0.19583299999999998
4 0.4459375 0.2633335 0.08187499999999998 0.16833299999999998
4 0.46281249999999996 0.172083 0.06562499999999999 0.11750000000000001
4 0.489375 0.20750000000000002 0.07499999999999996 0.291666
4 0.5178125 0.2270835 0.10062499999999996 0.23416700000000001
4 0.7596875000000001 0.37125 0.479375 0.7425
4 0.6396875 0.199583 0.130625 0.3275
4 0.6984375 0.19166650000000002 0.083125 0.353333
4 0.7340625 0.217917 0.06812499999999999 0.3975
4 0.8278125000000001 0.3666665 0.06187500000000001 0.733333
3 0.40593749999999995 0.53375 0.661875 0.405834
