4 0.1178125 0.17625 0.235625 0.344166
4 0.1390625 0.5962500000000001 0.278125 0.805834
4 0.3190625 0.6212500000000001 0.16687500000000002 0.0675
4 0.4059375 0.61625 0.01937500000000003 0.060833999999999944
4 0.4309375 0.6225 0.030624999999999958 0.05500000000000005
4 0.500625 0.6429164999999999 0.015000000000000069 0.030833
4 0.5490625 0.64625 0.016874999999999973 0.02750000000000008
4 0.5665625000000001 0.6420835 0.018125000000000058 0.035833000000000004
4 0.7112499999999999 0.6258334999999999 0.03874999999999995 0.04166700000000001
4 0.8828125 0.6179165 0.16312499999999996 0.11583299999999996
4 0.8190625 0.5862499999999999 0.02937500000000004 0.07916599999999996
4 0.9512499999999999 0.6041665 0.03874999999999995 0.06666699999999992
4 0.9903124999999999 0.6383335 0.018125000000000058 0.046667000000000014
3 0.2915625 0.7333335 0.12187499999999998 0.14833300000000005
