2 0.603254 0.7560975 0.07008800000000004 0.10131299999999999
2 0.3523155 0.3001875 0.02127699999999999 0.033770999999999995
2 0.41802249999999996 0.349906 0.02753500000000003 0.03939999999999999
2 0.453692 0.3864915 0.02878599999999998 0.03752299999999997
2 0.4724655 0.41088199999999997 0.03379300000000002 0.041276000000000035
2 0.5062575 0.5478419999999999 0.04881099999999999 0.0637899999999999
2 0.49874799999999997 0.3752345 0.02878599999999998 0.03752300000000003
2 0.5131414999999999 0.4812385 0.04255299999999995 0.05065700000000001
2 0.5331665 0.7476545 0.055069000000000035 0.08067500000000005
2 0.54005 0.41275799999999996 0.03129000000000004 0.04877999999999999
2 0.5613269999999999 0.4849905 0.05131399999999997 0.05065699999999995
2 0.5550685 0.435272 0.036294999999999966 0.04877999999999999
2 0.650188 0.835835 0.06383000000000005 0.0919319999999999
2 0.7377975 0.693246 0.07884899999999995 0.065666
2 0.8003754999999999 0.8424015 0.076345 0.07879899999999995
2 0.953692 0.968105 0.08510600000000001 0.060038000000000036
2 0.9580725 0.704503 0.08135099999999995 0.06941799999999998
2 0.9593240000000001 0.9287055 0.07884799999999992 0.10131299999999999
