8 0.343125 0.36583299999999996 0.15500000000000003 0.05499999999999999
4 0.0521875 0.5883335 0.104375 0.088333
4 0.057812499999999996 0.6625 0.061875 0.11166600000000004
4 0.11531250000000001 0.77 0.060625 0.10999999999999999
4 0.5409375000000001 0.670417 0.17812499999999998 0.1725
4 0.49093749999999997 0.9750000000000001 0.05312499999999998 0.04833399999999999
4 0.5640625 0.974167 0.04937499999999995 0.050000000000000044
4 0.6434375 0.9525 0.05812499999999998 0.04499999999999993
4 0.753125 0.7020835 0.23375 0.13916700000000004
4 0.7184375000000001 0.9612499999999999 0.06062500000000004 0.06583400000000006
4 0.7887500000000001 0.9650000000000001 0.06500000000000006 0.058334
4 0.8612500000000001 0.965417 0.04874999999999996 0.0675
4 0.94 0.96375 0.05124999999999991 0.07083400000000006
