4 0.05625 0.5585935 0.10625 0.298437
4 0.04375 0.153125 0.056249999999999994 0.07499999999999998
4 0.0953125 0.1140625 0.10312500000000001 0.115625
4 0.125 0.565625 0.11249999999999999 0.29062599999999994
4 0.1539065 0.0984375 0.07343699999999999 0.156251
4 0.21171900000000002 0.58125 0.189062 0.346874
4 0.211719 0.0960935 0.11093799999999998 0.170313
4 0.272656 0.636719 0.15468799999999996 0.10156200000000004
4 0.290625 0.0921875 0.16875 0.171875
4 0.4812495 0.089844 0.265625 0.170312
4 0.625 0.109375 0.115626 0.15937600000000002
1 0.116406 0.7203125 0.204688 0.28749899999999995
1 0.351562 0.665625 0.33124999999999993 0.43124999999999997
