2 0.8615625 0.9296504999999999 0.156875 0.09726099999999993
2 0.2625 0.9225684999999999 0.1575 0.09442899999999999
2 0.42375 0.704438 0.09999999999999998 0.20963200000000004
2 0.44 0.8139755 0.05125000000000002 0.06421100000000002
2 0.5118750000000001 0.8130314999999999 0.04625000000000001 0.06232300000000002
2 0.479375 0.5816805 0.02124999999999999 0.02266299999999999
2 0.5 0.5812085 0.010000000000000009 0.016052999999999984
2 0.5140625 0.594901 0.015625 0.01888599999999996
2 0.5290625 0.596789 0.01937499999999992 0.02644000000000002
2 0.5309375000000001 0.621813 0.020625000000000004 0.019829999999999903
2 0.5834375 0.7544854999999999 0.038125000000000075 0.04910300000000001
