6 0.5640625 0.6140625 0.11687500000000006 0.10312500000000002
8 0.7153125 0.42125 0.04437500000000005 0.02124999999999999
4 0.115625 0.34968750000000004 0.1725 0.640625
4 0.204375 0.4028125 0.18624999999999997 0.288125
4 0.27718750000000003 0.464375 0.245625 0.32624999999999993
4 0.24375 0.2746875 0.14499999999999996 0.138125
4 0.28875 0.25875000000000004 0.15625 0.41875
4 0.32499999999999996 0.2559375 0.013749999999999984 0.455625
4 0.45906250000000004 0.28062499999999996 0.2543750000000001 0.48499999999999993
4 0.7453125 0.3840625 0.45062499999999994 0.711875
4 0.6240625 0.3071875 0.12687499999999996 0.213125
