4 0.0497185 0.544509 0.099437 0.13394400000000006
4 0.16166350000000002 0.535358 0.119449 0.12229599999999996
4 0.1635395 0.4613145 0.07692299999999999 0.02246300000000001
4 0.2776735 0.535358 0.107567 0.12562399999999996
4 0.3492805 0.503328 0.035646999999999984 0.06489199999999995
4 0.4552845 0.4600665 0.038775000000000004 0.034941
4 0.5018765000000001 0.5099835 0.12445300000000004 0.08652299999999996
4 0.7038770000000001 0.5091515 0.16823 0.08485899999999996
4 0.6916825 0.453411 0.09756100000000001 0.05490800000000001
4 0.8042525 0.7811980000000001 0.16135100000000002 0.08818599999999999
4 0.8126955 0.4392675 0.09818700000000002 0.04492499999999999
4 0.7757975 0.738353 0.021889000000000047 0.03910199999999997
4 0.8361475 0.5083195 0.10131299999999999 0.08985100000000001
4 0.8083175 0.735857 0.021889000000000047 0.020797999999999983
4 0.9102565 0.4284525 0.09193300000000004 0.04658899999999999
4 0.9071295 0.8157235 0.046904999999999974 0.04242899999999994
4 0.8980615000000001 0.770799 0.02626699999999993 0.067388
4 0.9371480000000001 0.502496 0.100688 0.09484199999999998
4 0.9546595 0.723794 0.08943100000000004 0.16139800000000004
4 0.9656035000000001 0.8302825 0.06754300000000002 0.04825299999999999
4 0.9687304999999999 0.47046599999999994 0.06128900000000004 0.09567399999999998
8 0.5706694999999999 0.4297005 0.08692899999999992 0.027455000000000007
