1 0.550344 0.584507 0.26891800000000005 0.19624400000000003
1 0.8930585 0.5666665 0.21263299999999996 0.153051
2 0.0465915 0.6713614999999999 0.093183 0.22723100000000007
2 0.1619765 0.612676 0.321451 0.267606
2 0.308005 0.606573 0.16322799999999998 0.23286400000000002
2 0.4465295 0.5676055 0.14884300000000006 0.19248900000000008
2 0.4161975 0.5666665 0.08692900000000003 0.12863900000000006
2 0.736398 0.5798125000000001 0.1769860000000001 0.16807500000000003
2 0.8339585 0.5230049999999999 0.101939 0.06197200000000003
2 0.873671 0.5948355000000001 0.07379599999999997 0.117371
2 0.9268295 0.5624415 0.14509099999999997 0.14460100000000004
