8 0.18406250000000002 0.7223795 0.030624999999999986 0.01888499999999993
8 0.2109375 0.583097 0.02562500000000001 0.019830000000000014
8 0.29093749999999996 0.5599620000000001 0.01687500000000003 0.00755399999999995
8 0.353125 0.4617565 0.006250000000000033 0.005664999999999976
8 0.40312499999999996 0.44570350000000003 0.007500000000000007 0.003776999999999975
8 0.6215625 0.627479 0.06062499999999993 0.03871599999999997
8 0.7703125 0.65203 0.06062500000000004 0.025495999999999963
8 0.8753124999999999 0.6237015 0.055624999999999925 0.03493900000000005
4 0.0596875 0.509915 0.119375 0.24362599999999995
4 0.226875 0.184608 0.45375 0.369216
4 0.4359375 0.3899905 0.21562499999999996 0.16619499999999998
