0 0.1809375 0.655929 0.07437500000000002 0.04015000000000002
0 0.4853125 0.525677 0.551875 0.832866
0 0.6153125 0.6265175000000001 0.02562500000000001 0.022409000000000012
0 0.6396875 0.6293185 0.020625000000000004 0.02054099999999992
0 0.6793750000000001 0.6437904999999999 0.028749999999999942 0.034546999999999994
0 0.7203124999999999 0.6330534999999999 0.030625000000000013 0.04108300000000009
0 0.7659374999999999 0.633987 0.04437499999999994 0.046686000000000005
0 0.8075 0.6391225 0.03875000000000006 0.04014899999999999
0 0.8515625 0.633987 0.03687499999999999 0.03361400000000003
0 0.9246875 0.631186 0.06562500000000004 0.044818000000000024
0 0.9759375 0.6269845000000001 0.046875 0.04761899999999997
