0 0.4771875 0.535714 0.030625000000000013 0.04095199999999999
0 0.9393750000000001 0.8838094999999999 0.12 0.20952300000000001
2 0.37875000000000003 0.504762 0.00874999999999998 0.013334000000000013
2 0.43625 0.5771425 0.027500000000000024 0.03238099999999999
2 0.5121875 0.5790475 0.02562500000000001 0.03238099999999999
2 0.5465625000000001 0.548095 0.01937500000000003 0.025714000000000015
2 0.6078125 0.6042855 0.034375000000000044 0.033332999999999946
2 0.6021875 0.568095 0.018124999999999947 0.023809999999999998
2 0.6503125 0.552857 0.026874999999999982 0.020000000000000018
2 0.8365625 0.6442855000000001 0.06687500000000002 0.042857000000000034
