4 0.2428125 0.608083 0.109375 0.48684200000000005
4 0.0953125 0.7185155000000001 0.190625 0.31860900000000003
4 0.44500000000000006 0.741541 0.14750000000000002 0.210526
4 0.6428125 0.6729324999999999 0.171875 0.31954899999999997
4 0.8934375 0.513158 0.21187500000000004 0.701128
2 0.435625 0.8406955 0.04249999999999998 0.042293000000000025
2 0.5040625 0.836936 0.038124999999999964 0.042294000000000054
2 0.5578125 0.8341164999999999 0.028125000000000067 0.03665499999999999
2 0.6184375 0.8406955 0.09437499999999999 0.059211000000000014
2 0.6725 0.8580825 0.053749999999999964 0.07142899999999996
2 0.7540625 0.869831 0.11812500000000004 0.09116599999999997
2 0.903125 0.8919175 0.1925 0.129699
