0 0.46562499999999996 0.8533335 0.15499999999999997 0.12166699999999997
0 0.5446875 0.79375 0.14687500000000003 0.09249999999999992
4 0.4996875 0.4995835 0.999375 0.999167
4 0.4871875 0.48458349999999994 0.11187499999999995 0.48416699999999996
4 0.593125 0.5700000000000001 0.13250000000000006 0.34833400000000003
4 0.6790625 0.5295835 0.059374999999999956 0.23916700000000007
4 0.8031250000000001 0.8945835 0.0675 0.209167
2 0.2346875 0.87125 0.17812499999999998 0.08250000000000002
2 0.24 0.8187500000000001 0.08249999999999999 0.04583400000000004
2 0.4125 0.7941670000000001 0.044999999999999984 0.05500000000000005
2 0.4059375 0.7420834999999999 0.026874999999999982 0.04083300000000001
