8 0.42593749999999997 0.09625 0.01687500000000003 0.013749999999999998
8 0.6575 0.12687500000000002 0.04249999999999998 0.01999999999999999
8 0.8153125 0.1534375 0.0631250000000001 0.011874999999999997
8 0.82875 0.0740625 0.05125000000000002 0.016875
8 0.975625 0.1184375 0.04749999999999999 0.016874999999999987
6 0.418125 0.5709375 0.22375 0.273125
6 0.6 0.3609375 0.14375000000000004 0.166875
6 0.6640625 0.3965625 0.13937500000000003 0.125625
6 0.8459375 0.4865625 0.22187500000000004 0.23062500000000002
6 0.978125 0.488125 0.04249999999999998 0.1825
