8 0.49687499999999996 0.7124999999999999 0.21874999999999994 0.06874999999999998
8 0.4875 0.40234400000000003 0.17499999999999993 0.06093799999999999
8 0.6546875000000001 0.408594 0.14687499999999998 0.04843799999999998
4 0.194531 0.3984375 0.389062 0.19062500000000004
4 0.41562499999999997 0.325781 0.25625 0.232812
4 0.6125005 0.2859375 0.1343749999999999 0.11875099999999997
4 0.800781 0.32421900000000003 0.14843799999999996 0.08593800000000001
4 0.8085935 0.4000005 0.14531300000000003 0.140625
4 0.921875 0.3273435 0.1531260000000001 0.14531300000000003
4 0.9695315 0.3796875 0.057813 0.20000099999999998
4 0.980469 0.16249999999999998 0.035938000000000025 0.056249999999999994
