6 0.02375 0.557223 0.0475 0.08442799999999995
6 0.0890625 0.4943715 0.09937500000000002 0.138837
6 0.06375 0.6031895 0.04125000000000001 0.13133300000000003
6 0.1396875 0.5928705000000001 0.02812500000000001 0.07504699999999997
6 0.19437500000000002 0.6252345 0.0925 0.08724299999999996
6 0.28031249999999996 0.6299245 0.08687499999999998 0.053471000000000046
6 0.369375 0.5914634999999999 0.0625 0.10037499999999999
6 0.46406250000000004 0.597561 0.070625 0.15009399999999995
6 0.5178125 0.557692 0.02937499999999993 0.04408999999999996
6 0.579375 0.6472795 0.06000000000000005 0.12382699999999991
6 0.6634375 0.5375235 0.04562500000000003 0.06941900000000001
6 0.7224999999999999 0.575985 0.05874999999999997 0.05816200000000005
6 0.8759375 0.608818 0.07937499999999997 0.050656000000000034
6 0.9540625 0.519231 0.028125000000000067 0.10600399999999999
