1 0.27375 0.73048 0.22125000000000003 0.3151459999999999
4 0.0421875 0.4670745 0.084375 0.390405
4 0.2059375 0.46989650000000005 0.19937499999999997 0.371589
4 0.33781249999999996 0.5230480000000001 0.08687499999999998 0.15428000000000003
4 0.5403125 0.5268105000000001 0.06187500000000001 0.08090300000000006
4 0.5934375000000001 0.5616185 0.05812500000000009 0.08090299999999995
4 0.733125 0.507526 0.11124999999999996 0.072436
4 0.7984374999999999 0.3156165 0.13687499999999997 0.12135499999999999
4 0.8868750000000001 0.1942615 0.20125000000000004 0.333961
4 0.9653125 0.2761055 0.06812499999999999 0.189087
2 0.0953125 0.738476 0.07187500000000001 0.06961400000000006
2 0.4996875 0.649577 0.041874999999999996 0.03856999999999999
2 0.9184375 0.8687675 0.161875 0.260583
