1 0.5273435 0.5167889999999999 0.828125 0.50892
1 0.176953 0.46274950000000004 0.353906 0.419727
2 0.1816405 0.45645349999999996 0.363281 0.40713499999999997
2 0.5195315 0.510493 0.821875 0.50682
2 0.21835949999999998 0.368835 0.094531 0.03672599999999998
2 0.6464845 0.3635885 0.05546899999999999 0.019936999999999983
2 0.734375 0.378279 0.07812599999999992 0.03462799999999999
2 0.809375 0.395593 0.05312600000000001 0.020986000000000005
2 0.8902345 0.398216 0.12734299999999998 0.03672599999999998
2 0.964844 0.398216 0.06874999999999998 0.03672599999999998
