6 0.5240535 0.520625 0.27523700000000006 0.13125000000000003
6 0.050079 0.6284375 0.100158 0.21687499999999993
6 0.223186 0.5615625 0.19873799999999997 0.19312499999999994
6 0.36987349999999997 0.485625 0.09936899999999999 0.16375
6 0.6522079999999999 0.42593749999999997 0.056782 0.14687500000000003
6 0.7137225 0.37875000000000003 0.10094700000000001 0.12125000000000002
6 0.778391 0.2928125 0.03627799999999992 0.020625000000000004
6 0.870268 0.345625 0.13801200000000002 0.12
6 0.9562305 0.318125 0.04337499999999994 0.08875
6 0.9885645 0.31562500000000004 0.021293000000000006 0.08000000000000002
