0 0.1049905 0.5487500000000001 0.08757099999999998 0.06500000000000006
0 0.490113 0.655 0.15724999999999995 0.11624999999999996
2 0.020245 0.70875 0.04049 0.04625000000000001
2 0.061676 0.8828125 0.123352 0.10812500000000003
2 0.072034 0.8356250000000001 0.12335199999999999 0.06500000000000006
2 0.1374765 0.71875 0.090395 0.0462499999999999
2 0.170904 0.6759375000000001 0.080038 0.03937500000000005
2 0.208098 0.590625 0.05649799999999999 0.028749999999999942
2 0.20291900000000002 0.5328125 0.03672400000000001 0.02562500000000001
2 0.27212800000000004 0.9803125 0.154426 0.03562500000000002
2 0.312147 0.9453125 0.193032 0.10562500000000008
2 0.295669 0.7634375 0.118644 0.06312499999999999
2 0.31497200000000003 0.6871875000000001 0.08945399999999998 0.04437499999999994
2 0.3083805 0.536875 0.051788999999999974 0.02750000000000008
2 0.32015099999999996 0.5984375 0.06402999999999998 0.03437499999999993
2 0.855461 0.55375 0.20244799999999996 0.06500000000000006
2 0.9354990000000001 0.646875 0.059321999999999986 0.03249999999999997
2 0.96516 0.6609375 0.06779599999999997 0.03937500000000005
