4 0.5578125 0.287222 0.236875 0.352222
0 0.4553125 0.502222 0.08437499999999998 0.07777800000000001
0 0.5859375 0.5194445 0.17687499999999995 0.11666700000000002
0 0.7115625 0.48277800000000004 0.028124999999999956 0.07444400000000001
0 0.878125 0.5033335 0.16125 0.15333299999999994
4 0.1171875 0.341667 0.234375 0.48777799999999993
4 0.274375 0.3655555 0.26 0.37555499999999997
4 0.7103125 0.2883335 0.02937499999999993 0.24333299999999997
4 0.8059375 0.3077775 0.02562500000000001 0.10888900000000001
4 0.830625 0.3633335 0.03500000000000003 0.16666699999999995
4 0.8934375 0.4055555 0.11187499999999995 0.07333299999999998
4 0.88375 0.34777800000000003 0.04625000000000001 0.16222200000000003
4 0.96 0.40833299999999995 0.057499999999999996 0.31
4 0.9696875 0.420556 0.038124999999999964 0.2899999999999999
