6 0.9496875 0.702905 0.07187500000000002 0.146204
6 0.17781249999999998 0.5431115 0.08937500000000001 0.11902500000000005
6 0.3053125 0.637301 0.075625 0.08809800000000001
6 0.37906249999999997 0.6719775 0.08687499999999998 0.164949
6 0.44437499999999996 0.592315 0.05375000000000002 0.09372000000000003
6 0.5090625 0.677132 0.06812499999999999 0.105904
6 0.5571875 0.602624 0.06937500000000008 0.1612
6 0.6615625 0.6579195 0.055624999999999925 0.09372099999999994
6 0.7646875 0.629803 0.07437499999999997 0.0918460000000001
6 0.8396874999999999 0.6279285 0.09312500000000001 0.1761950000000001
