8 0.3175 0.1669795 0.10499999999999998 0.05816100000000002
4 0.16125 0.118199 0.15499999999999997 0.236398
4 0.4071875 0.0595685 0.188125 0.119137
4 0.445625 0.1932455 0.04749999999999999 0.144465
4 0.473125 0.18667899999999998 0.08749999999999997 0.234522
4 0.54625 0.1336775 0.10499999999999998 0.267355
4 0.6190625000000001 0.15197 0.125625 0.30394
4 0.7871874999999999 0.1383675 0.31562499999999993 0.276735
4 0.711875 0.154784 0.15749999999999997 0.27955
4 0.9396875 0.18996249999999998 0.07937499999999997 0.19230699999999998
