1 0.222222 0.5231485 0.256944 0.537037
4 0.0243055 0.2743055 0.048611 0.08564900000000003
4 0.061632 0.28009249999999997 0.064236 0.06481500000000001
4 0.121528 0.275463 0.0625 0.06944399999999998
4 0.1770835 0.255787 0.05208299999999999 0.03009199999999998
4 0.363715 0.2604165 0.11979200000000001 0.07638900000000001
4 0.44704849999999996 0.26157400000000003 0.039930999999999994 0.04166600000000001
4 0.5425344999999999 0.25 0.14756899999999995 0.08796199999999998
4 0.6571185 0.2291665 0.078125 0.08796300000000001
4 0.7378475 0.224537 0.07638900000000004 0.13426000000000002
4 0.7942705 0.20486100000000002 0.05034699999999992 0.18287
4 0.8576385 0.21527749999999998 0.07638900000000004 0.13888899999999998
4 0.8871530000000001 0.17708349999999998 0.12847200000000003 0.168981
4 0.9722225 0.19444450000000002 0.05208299999999999 0.20833300000000002
1 0.861979 0.3622685 0.2725700000000001 0.21064899999999998
3 0.247396 0.503472 0.35243 0.511574
3 0.8628475 0.3634255 0.270833 0.212963
