6 0.25656249999999997 0.7614920000000001 0.165625 0.194276
6 0.0203125 0.671726 0.040625 0.056374000000000035
6 0.09468750000000001 0.6626195 0.038125000000000006 0.06071099999999996
6 0.5525 0.6075455000000001 0.011249999999999982 0.018212999999999924
6 0.57875 0.5962704999999999 0.010000000000000009 0.01647900000000002
2 0.148125 0.6101475000000001 0.04250000000000001 0.05637499999999995
2 0.155 0.611882 0.01874999999999999 0.035560000000000036
2 0.1940625 0.6118825 0.02562500000000001 0.028621000000000008
2 0.3353125 0.6023415000000001 0.02437499999999998 0.051170999999999967
2 0.384375 0.6066785 0.10874999999999996 0.04596700000000009
2 0.35343749999999996 0.6101475000000001 0.03937499999999999 0.049437000000000064
2 0.3828125 0.605811 0.04437500000000005 0.04423200000000005
2 0.416875 0.60928 0.05874999999999997 0.04770200000000002
2 0.669375 0.6049435 0.13875000000000004 0.08586300000000002
