2 0.890625 0.600541 0.1775 0.254054
2 0.249375 0.421081 0.016250000000000014 0.022702
2 0.295 0.4264865 0.04625000000000001 0.024865000000000026
2 0.7675000000000001 0.5924325 0.46375 0.337297
2 0.61625 0.5210809999999999 0.08124999999999993 0.11243199999999998
2 0.48625 0.42108100000000004 0.053750000000000075 0.035675999999999986
2 0.5459375 0.4416215 0.021874999999999978 0.04432499999999995
2 0.58125 0.4513515 0.04375000000000007 0.06162099999999998
2 0.7068749999999999 0.49189150000000004 0.09750000000000003 0.09297300000000003
2 0.8053125 0.532432 0.171875 0.174054
