4 0.08625 0.49530949999999996 0.07 0.15009299999999998
4 0.018125 0.545497 0.03625 0.113508
4 0.15031250000000002 0.5028140000000001 0.071875 0.09005600000000002
4 0.2353125 0.4732645 0.080625 0.13414699999999996
4 0.4878125 0.522045 0.02437499999999998 0.040337999999999985
4 0.5231250000000001 0.510788 0.01749999999999996 0.05534800000000001
4 0.813125 0.491557 0.0625 0.13696000000000003
4 0.8684375 0.5093810000000001 0.05812499999999998 0.09193200000000001
4 0.9234374999999999 0.464822 0.083125 0.19418400000000002
4 0.9746874999999999 0.47514100000000004 0.04937500000000006 0.17354600000000003
8 0.6499999999999999 0.4516885 0.04749999999999999 0.09662300000000001
