4 0.063125 0.4311875 0.10874999999999999 0.36736899999999995
0 0.5059375 0.5699225 0.599375 0.5005550000000001
4 0.27375 0.4211985 0.09875 0.22974499999999998
4 0.3015625 0.165372 0.06687500000000002 0.18646000000000001
4 0.42375 0.2297445 0.08875 0.19311899999999999
4 0.7078125 0.174806 0.13312500000000005 0.349612
4 0.7859375 0.281909 0.08437499999999998 0.18424
4 0.8384375 0.183685 0.07937500000000008 0.36737
4 0.871875 0.1981135 0.05125000000000002 0.20754700000000004
2 0.94 0.673696 0.11875000000000002 0.195338
