2 0.0803125 0.8498275 0.160625 0.13924100000000006
2 0.20156249999999998 0.8239354999999999 0.074375 0.08745700000000001
2 0.2378125 0.83832 0.12687500000000002 0.12082800000000005
2 0.345625 0.8578825000000001 0.11875000000000002 0.134637
2 0.3109375 0.800345 0.03437499999999999 0.04027599999999998
2 0.414375 0.822209 0.05625000000000002 0.07710000000000006
2 0.5521875 0.807825 0.026875000000000093 0.05523600000000006
2 0.5890625 0.8222095 0.073125 0.07249700000000003
2 0.6178125000000001 0.8055235000000001 0.04062500000000002 0.05983900000000009
2 0.7046874999999999 0.8590335 0.15812499999999996 0.18527099999999996
2 0.734375 0.8164555 0.06125000000000003 0.06559300000000001
2 0.8440624999999999 0.864787 0.17062499999999992 0.13463800000000004
2 0.94625 0.8659375 0.10625000000000007 0.11852700000000005
