2 0.5820825 0.6528125 0.38742899999999997 0.193125
2 0.064728 0.569375 0.129456 0.05125000000000002
2 0.562852 0.7446875 0.866792 0.421875
2 0.2035645 0.5803125 0.118199 0.078125
2 0.2410885 0.5940624999999999 0.07879900000000001 0.07187500000000002
2 0.282364 0.6059375 0.10506599999999999 0.078125
2 0.380863 0.621875 0.21013199999999999 0.12124999999999997
2 0.587242 0.5640624999999999 0.12570399999999993 0.021874999999999978
2 0.8105065 0.7453125 0.377111 0.374375
2 0.683396 0.5725 0.10225200000000001 0.018750000000000044
2 0.7246714999999999 0.5853125 0.10225099999999998 0.04437500000000005
2 0.8588180000000001 0.58375 0.25422200000000006 0.07499999999999996
