2 0.40625 0.7608334999999999 0.12375000000000003 0.11166700000000007
11 0.809375 0.482083 0.15000000000000002 0.22749999999999992
11 0.81125 0.6845829999999999 0.12250000000000005 0.1775000000000001
11 0.8484375 0.6333335 0.06187500000000001 0.15833300000000006
4 0.4996875 0.4141665 0.999375 0.828333
4 0.188125 0.4875 0.375 0.3516659999999999
4 0.3996875 0.6054165 0.05812500000000004 0.11583299999999996
2 0.1475 0.7508334999999999 0.15875 0.11666699999999997
2 0.28312499999999996 0.7591665000000001 0.1175 0.09666699999999995
2 0.5578125 0.7791665 0.10062500000000008 0.11833300000000002
2 0.7740625 0.7679165 0.109375 0.11083299999999996
2 0.938125 0.756667 0.12250000000000005 0.10499999999999998
