4 0.0903125 0.2266665 0.180625 0.453333
4 0.25125 0.4005555 0.14875 0.12111099999999997
4 0.26 0.242778 0.16625 0.485556
4 0.250625 0.553889 0.057499999999999996 0.14333400000000002
4 0.390625 0.4127775 0.09999999999999998 0.13666700000000004
4 0.4675 0.343889 0.03875000000000001 0.05444400000000005
4 0.5071875 0.401111 0.034375000000000044 0.07777800000000001
4 0.5534375 0.38 0.038124999999999964 0.09333400000000003
4 0.62 0.3544445 0.05875000000000008 0.166667
4 0.76875 0.291667 0.09999999999999998 0.23222199999999998
4 0.8878125 0.206111 0.038124999999999964 0.05666600000000002
8 0.1175 0.483889 0.04375 0.03222199999999997
