0 0.035625 0.6041275 0.07125 0.17823699999999998
0 0.193125 0.5520635 0.24624999999999997 0.274859
0 0.4865625 0.508443 0.5843750000000001 0.765478
0 0.4753125 0.533771 0.07687500000000003 0.024389999999999912
0 0.5640624999999999 0.5356475 0.03187499999999999 0.06003700000000001
0 0.674375 0.5347095 0.032500000000000084 0.05628500000000003
0 0.7728125 0.5469044999999999 0.024375000000000036 0.06003700000000001
0 0.9434374999999999 0.5586305 0.11187500000000006 0.18105099999999996
2 0.7581249999999999 0.5942775 0.011250000000000093 0.03470899999999999
2 0.7921875 0.5895874999999999 0.015625 0.029081000000000023
2 0.82875 0.5961540000000001 0.00374999999999992 0.015947999999999962
2 0.8509375 0.588649 0.015625 0.027204000000000006
2 0.889375 0.5905255 0.0050000000000000044 0.027205000000000035
