8 0.82875 0.61 0.33499999999999996 0.37666599999999995
4 0.080625 0.595 0.16125 0.313334
4 0.19 0.818333 0.38 0.36
4 0.2275 0.5366665 0.1325 0.206667
4 0.38749999999999996 0.5391665 0.175 0.18833300000000003
4 0.33687500000000004 0.46083300000000005 0.07124999999999998 0.07500000000000001
4 0.44375 0.8033330000000001 0.14250000000000002 0.39
4 0.41312499999999996 0.4583335 0.058750000000000024 0.08333299999999999
4 0.576875 0.5208335 0.18124999999999997 0.17833299999999996
4 0.66 0.7925 0.2925 0.411666
