2 0.503906 0.6645835 0.08906199999999997 0.10416700000000001
11 0.5234375 0.2125 0.05624899999999999 0.1375
11 0.76875 0.3854165 0.07500000000000007 0.08333299999999999
11 0.767969 0.45 0.05468800000000007 0.058334
11 0.8078125 0.5249999999999999 0.024998999999999993 0.03749999999999998
11 0.828125 0.44375 0.05624999999999991 0.07083400000000001
4 0.499219 0.3635415 0.998438 0.727083
2 0.169531 0.7052085 0.160938 0.14791700000000008
2 0.26171900000000003 0.690625 0.08593800000000001 0.11875000000000002
2 0.30859349999999997 0.655208 0.04531299999999999 0.08125000000000004
