4 0.12562500000000001 0.14627300000000001 0.17500000000000002 0.185654
4 0.019375 0.1068915 0.03875 0.213783
4 0.1490625 0.524613 0.029375000000000012 0.036567999999999934
4 0.2425 0.324191 0.06125 0.06047800000000003
4 0.30562500000000004 0.529536 0.01874999999999999 0.052040000000000086
4 0.33125 0.47890299999999997 0.03500000000000003 0.04360000000000003
4 0.3596875 0.471871 0.02937500000000004 0.029536000000000007
4 0.4765625 0.4113925 0.020625000000000004 0.04641300000000004
4 0.8106249999999999 0.2651195 0.37750000000000006 0.530239
1 0.5059375 0.580872 0.906875 0.770746
