0 0.38 0.55375 0.17125 0.329166
0 0.49124999999999996 0.6008335 0.03999999999999998 0.13833300000000004
4 0.249375 0.3216665 0.49875 0.643333
4 0.5528124999999999 0.590417 0.05937500000000007 0.0675
4 0.84875 0.27208350000000003 0.04125000000000001 0.08083299999999999
4 0.9284375 0.17875000000000002 0.14187499999999997 0.1675
4 0.9465625 0.1191665 0.10562499999999997 0.238333
2 0.4996875 0.4995835 0.999375 0.999167
2 0.5396875 0.6637500000000001 0.09312500000000007 0.10916599999999999
2 0.6015625 0.63625 0.023125000000000062 0.029166000000000025
2 0.6331249999999999 0.6458335 0.04999999999999993 0.05833300000000008
2 0.7215625 0.6675 0.12937500000000002 0.10499999999999998
