0 0.776875 0.703889 0.135 0.20999999999999996
2 0.0828125 0.6161110000000001 0.165625 0.04999999999999993
2 0.22468749999999998 0.878889 0.113125 0.15333399999999997
2 0.1990625 0.6327775 0.02562500000000001 0.02111099999999999
2 0.2709375 0.6511115000000001 0.02562500000000001 0.028889000000000054
2 0.310625 0.6599999999999999 0.03125 0.02444400000000002
2 0.35843749999999996 0.6794445 0.029374999999999984 0.04111100000000001
2 0.40593749999999995 0.7777780000000001 0.070625 0.09999999999999998
2 0.38749999999999996 0.6950000000000001 0.02250000000000002 0.041111999999999926
2 0.47906250000000006 0.9783335 0.18312500000000004 0.04111100000000001
2 0.41500000000000004 0.708889 0.044999999999999984 0.06444399999999995
2 0.485625 0.7 0.04249999999999998 0.07333400000000001
2 0.595 0.7083335 0.04874999999999996 0.05666699999999991
2 0.675 0.8844445 0.10625000000000007 0.151111
2 0.65 0.69 0.05125000000000002 0.07111199999999995
2 0.6734374999999999 0.786667 0.07437499999999997 0.08222200000000002
