6 0.7875 0.8570315 0.125 0.120313
6 0.160156 0.802344 0.117188 0.06718799999999991
6 0.1648435 0.24843749999999998 0.107813 0.03750099999999998
6 0.267969 0.255469 0.11093800000000001 0.104688
6 0.2749995 0.7859375 0.115625 0.17812499999999998
6 0.32890600000000003 0.3601565 0.054688000000000014 0.02968700000000002
6 0.4140625 0.9632815 0.13437500000000002 0.07031300000000007
6 0.420312 0.8039065000000001 0.125 0.07656300000000005
6 0.3984375 0.23281249999999998 0.024998999999999993 0.04687499999999997
6 0.4625 0.23984350000000002 0.10312600000000005 0.11093700000000001
6 0.5445315000000001 0.778125 0.12656300000000004 0.0625
6 0.6460935 0.242969 0.09218700000000002 0.10156200000000001
6 0.646094 0.813281 0.073438 0.11093799999999998
6 0.7367185 0.2265625 0.098437 0.03437499999999999
