8 0.20684799999999998 0.47562499999999996 0.060976 0.013749999999999984
8 0.4258915 0.41031249999999997 0.033770999999999995 0.00687500000000002
8 0.5806755 0.436875 0.05628499999999992 0.017500000000000016
8 0.681989 0.4465625 0.020638000000000045 0.005625000000000047
8 0.93621 0.306875 0.022513999999999923 0.010000000000000009
6 0.1819885 0.629375 0.14258899999999997 0.0675
6 0.295028 0.5678125 0.06472800000000001 0.08187500000000003
6 0.9080675 0.4196875 0.06941900000000001 0.02562500000000001
6 0.986398 0.4028125 0.025328000000000017 0.05687500000000001
4 0.5614445 0.38875 0.351783 0.14625
4 0.7640715 0.426875 0.09474700000000003 0.03249999999999997
