6 0.13437500000000002 0.5701590000000001 0.10500000000000001 0.11319000000000001
6 0.2409375 0.570627 0.085625 0.06548200000000004
6 0.3328125 0.528531 0.08187500000000003 0.06548199999999998
6 0.39156250000000004 0.5710945000000001 0.07437500000000002 0.11506099999999997
6 0.44625000000000004 0.6005615 0.06 0.05986899999999995
6 0.4890625 0.5556595 0.028125000000000067 0.08793300000000004
6 0.655625 0.6014965 0.04875000000000007 0.08044899999999999
6 0.683125 0.5958840000000001 0.018750000000000044 0.08045000000000002
6 0.7418750000000001 0.5556595 0.09875 0.168381
6 0.8446875 0.562208 0.08812500000000001 0.07857799999999993
6 0.916875 0.3587465 0.012499999999999956 0.028998999999999997
