4 0.5321875 0.274583 0.11937500000000006 0.11249999999999999
1 0.1146875 0.4658335 0.17812499999999998 0.18166700000000002
4 0.0184375 0.2975 0.036875 0.10666600000000001
4 0.0584375 0.2916665 0.073125 0.09166700000000003
4 0.14375 0.289167 0.08874999999999998 0.09
4 0.2021875 0.3520835 0.09812499999999996 0.145833
4 0.2978125 0.33625 0.09312500000000001 0.029166000000000025
4 0.3640625 0.3691665 0.06187500000000001 0.05666700000000002
4 0.4453125 0.291667 0.11062499999999997 0.16000000000000003
4 0.5203125 0.3641665 0.08812499999999995 0.07333299999999998
4 0.611875 0.2995835 0.04874999999999996 0.06916699999999998
4 0.6409374999999999 0.365 0.06062500000000004 0.03500000000000003
4 0.655 0.3045835 0.03500000000000003 0.06583300000000003
4 0.6971875000000001 0.2866665 0.04437499999999994 0.098333
4 0.7337499999999999 0.28 0.03749999999999998 0.05666600000000005
4 0.7578125 0.29874999999999996 0.06937499999999996 0.07416600000000001
4 0.8146875 0.286667 0.04937499999999995 0.040000000000000036
4 0.81 0.3175 0.03500000000000003 0.06
4 0.86 0.30374999999999996 0.07499999999999996 0.08083400000000002
4 0.9096875 0.28500000000000003 0.05062500000000003 0.04999999999999999
4 0.9546875 0.362083 0.08937499999999998 0.07750000000000001
4 0.959375 0.29625 0.03875000000000006 0.034165999999999974
