4 0.37875 0.4425 0.7575 0.8283339999999999
6 0.21875 0.7791665 0.07125000000000001 0.05666700000000002
6 0.344375 0.8108335 0.08250000000000002 0.093333
6 0.4296875 0.8287500000000001 0.07937499999999997 0.0675
6 0.8778125 0.8379165 0.059374999999999956 0.12583299999999997
6 0.9471875000000001 0.931667 0.104375 0.135
4 0.3334375 0.3991665 0.05812499999999998 0.358333
4 0.40125 0.3575 0.11875000000000002 0.36666600000000005
4 0.5974999999999999 0.4070835 0.27625 0.45583300000000004
4 0.8778125 0.37333299999999997 0.24312500000000004 0.46499999999999997
