1 0.896875 0.3241665 0.14500000000000002 0.12333299999999997
4 0.2353125 0.1479165 0.470625 0.295833
4 0.4940625 0.251667 0.125625 0.065
4 0.781875 0.1533335 0.43500000000000005 0.306667
1 0.5 0.305 0.03249999999999997 0.05166599999999999
2 0.490625 0.281667 0.007500000000000007 0.0050000000000000044
2 0.494375 0.27791699999999997 0.0050000000000000044 0.012500000000000011
2 0.5240625 0.30625 0.018124999999999947 0.014165999999999956
2 0.525625 0.3095835 0.008750000000000036 0.015832999999999986
2 0.5490625 0.31791650000000005 0.02187500000000009 0.01916699999999999
2 0.6875 0.32375 0.29875000000000007 0.07916600000000001
2 0.598125 0.3329165 0.04499999999999993 0.044166999999999956
2 0.6540625 0.31125 0.020625000000000004 0.012500000000000011
2 0.6821875 0.30625 0.026875000000000093 0.01583399999999996
2 0.75375 0.3095835 0.043749999999999956 0.025832999999999995
2 0.8940625 0.32625000000000004 0.145625 0.1325
