2 0.1965175 0.6522755 0.16252100000000003 0.16569499999999993
2 0.2537315 0.570595 0.08291899999999999 0.07234600000000002
2 0.272803 0.5379229999999999 0.06301800000000002 0.04667399999999999
2 0.29063 0.518086 0.04228799999999999 0.03267199999999992
2 0.3482585 0.6295215000000001 0.09286900000000003 0.13652300000000006
2 0.33955199999999996 0.5490079999999999 0.07379799999999997 0.057176000000000005
2 0.3349915 0.5215865 0.046435000000000004 0.025671
2 0.332504 0.5122519999999999 0.036484000000000016 0.02333799999999997
2 0.401327 0.555426 0.05141000000000001 0.06767800000000002
2 0.448176 0.6026835 0.10198999999999997 0.11785299999999999
2 0.4626865 0.546091 0.06301900000000005 0.04900799999999994
2 0.533582 0.5875144999999999 0.10696599999999995 0.09451500000000002
2 0.521144 0.531505 0.04892200000000002 0.03850599999999993
2 0.556799 0.5309215 0.047264000000000084 0.03967299999999996
2 0.6024050000000001 0.578763 0.08540599999999998 0.08167999999999997
2 0.599917 0.5227539999999999 0.04892200000000002 0.030338000000000087
2 0.6434489999999999 0.5233369999999999 0.04477600000000004 0.029172000000000087
2 0.6621065 0.5746789999999999 0.07048100000000002 0.08051400000000009
2 0.687811 0.5128355 0.04892200000000002 0.024505
2 0.704809 0.5589265 0.06965200000000005 0.07467899999999994
2 0.728441 0.5093345 0.03233799999999998 0.017503000000000046
2 0.748756 0.550175 0.051409999999999956 0.05950999999999995
2 0.7831675 0.5443405 0.04892300000000005 0.06651099999999999
2 0.8179935 0.5361724999999999 0.05058099999999999 0.054843000000000086
2 0.8441125 0.5350060000000001 0.03316700000000006 0.04550799999999999
