0 0.0345835 0.8990625000000001 0.069167 0.16562500000000002
0 0.8316669999999999 0.9021875 0.3350000000000001 0.13187499999999996
4 0.0383335 0.380625 0.076667 0.08875
4 0.0679165 0.47375 0.135833 0.08749999999999997
4 0.3141665 0.4003125 0.628333 0.281875
4 0.4995835 0.60875 0.999167 0.25750000000000006
4 0.13125 0.4146875 0.1275 0.10562500000000002
4 0.265833 0.6465625 0.15 0.07687500000000003
4 0.2975 0.683125 0.20500000000000002 0.06874999999999998
4 0.2383335 0.395 0.06833300000000003 0.09375
4 0.3091665 0.4353125 0.12833300000000003 0.078125
4 0.3 0.37125 0.03166599999999997 0.036250000000000004
4 0.4175 0.6634375 0.16166600000000003 0.11812500000000004
4 0.576667 0.6915625000000001 0.17499999999999993 0.07187500000000002
4 0.559583 0.40531249999999996 0.1275 0.09062500000000001
4 0.5700000000000001 0.33687500000000004 0.066666 0.05624999999999997
4 0.6533329999999999 0.335625 0.04999999999999993 0.08374999999999999
4 0.81375 0.4115625 0.370834 0.239375
4 0.700833 0.3565625 0.04999999999999993 0.06812499999999999
4 0.7558335 0.40125 0.11833299999999991 0.05499999999999999
4 0.7420835 0.353125 0.06416700000000009 0.05124999999999996
4 0.8545834999999999 0.653125 0.28916700000000006 0.15499999999999992
4 0.844583 0.4559375 0.12250000000000005 0.04812499999999997
4 0.8466665 0.40531249999999996 0.11833300000000002 0.06687499999999996
4 0.9275 0.445625 0.056665999999999994 0.05125000000000002
4 0.96625 0.44906250000000003 0.06583400000000006 0.05812500000000004
2 0.3558335 0.9684375000000001 0.5283329999999999 0.06187500000000001
