6 0.3470835 0.7753125 0.13416699999999998 0.03562500000000002
6 0.38125 0.5203125 0.027500000000000024 0.016875000000000084
6 0.40166650000000004 0.5134375 0.018332999999999988 0.020625000000000004
6 0.50875 0.4921875 0.014166000000000012 0.011874999999999969
6 0.6174999999999999 0.8778125 0.15499999999999992 0.08687500000000004
6 0.5487500000000001 0.490625 0.015834000000000015 0.0050000000000000044
6 0.575833 0.5034375 0.020000000000000018 0.011875000000000024
6 0.6320835 0.4890625 0.009167000000000036 0.011874999999999969
6 0.6429165 0.493125 0.009166999999999925 0.010000000000000009
6 0.9495834999999999 0.5590625 0.07083300000000003 0.04812499999999997
6 0.992917 0.54875 0.012500000000000067 0.020000000000000018
4 0.4995835 0.36812500000000004 0.999167 0.27125
