1 0.9081250000000001 0.6163225 0.13249999999999995 0.11819899999999994
4 0.0684375 0.6261725 0.136875 0.29924899999999993
4 0.3353125 0.5 0.13937500000000003 0.10881800000000003
4 0.4578125 0.5647275 0.08437499999999998 0.07692299999999996
4 0.49625 0.4845215 0.04625000000000001 0.053470999999999935
4 0.5353125 0.49624749999999995 0.024375000000000036 0.030018999999999962
4 0.669375 0.43574099999999993 0.16249999999999998 0.22232599999999997
4 0.7984375 0.4099435 0.401875 0.309569
4 0.8578125000000001 0.3311445 0.13437500000000002 0.15947500000000003
4 0.9603125 0.34756050000000005 0.078125 0.184803
1 0.5903125 0.5394 0.026874999999999982 0.020637999999999934
1 0.7984375 0.587711 0.12062499999999998 0.10225200000000001
2 0.5065625 0.5590995000000001 0.03812500000000002 0.05816100000000002
2 0.685 0.6360224999999999 0.14750000000000008 0.14258899999999997
2 0.645 0.5637894999999999 0.04875000000000007 0.05628500000000003
