3 0.0478125 0.6716664999999999 0.095625 0.03888900000000006
3 0.0709375 0.7311110000000001 0.141875 0.07999999999999996
3 0.18875 0.8744445000000001 0.3625 0.24888900000000003
3 0.27625 0.6966669999999999 0.24375 0.16222199999999998
3 0.311875 0.22777799999999998 0.05249999999999999 0.097778
3 0.3425 0.1744445 0.044999999999999984 0.08222299999999999
3 0.4825 0.7472224999999999 0.29999999999999993 0.156667
3 0.38593750000000004 0.291111 0.060624999999999984 0.10666599999999998
3 0.3778125 0.066111 0.028124999999999956 0.043334
3 0.39125 0.338333 0.05499999999999999 0.067778
3 0.40249999999999997 0.1783335 0.03750000000000003 0.04555500000000001
3 0.423125 0.445 0.0625 0.10999999999999999
3 0.42500000000000004 0.0794445 0.03875000000000001 0.043333
3 0.45125000000000004 0.2744445 0.044999999999999984 0.06888900000000003
3 0.44906250000000003 0.1683335 0.023125000000000007 0.03888900000000001
3 0.50375 0.3872225 0.05250000000000005 0.11666700000000002
3 0.5678125 0.5244445 0.10687499999999994 0.095555
3 0.6003125 0.1105555 0.03312499999999996 0.032223
3 0.62 0.513333 0.05125000000000002 0.117778
3 0.730625 0.492778 0.19625000000000004 0.20555599999999996
3 0.8865625 0.7377775 0.22562499999999996 0.20666700000000005
