4 0.0290625 0.530957 0.058125 0.281426
4 0.0875 0.708255 0.175 0.450282
4 0.255 0.423546 0.08875 0.11538399999999999
4 0.30125 0.6636960000000001 0.10624999999999998 0.37617200000000006
4 0.40218750000000003 0.6599435 0.18312500000000004 0.404315
4 0.4125 0.25797400000000004 0.17250000000000004 0.17636000000000002
4 0.5175 0.5253285 0.30875 0.600375
4 0.561875 0.1782365 0.26875000000000004 0.356473
4 0.6790625 0.27720449999999996 0.23187500000000005 0.357411
4 0.66875 0.547373 0.12124999999999997 0.26360200000000006
4 0.7749999999999999 0.5773919999999999 0.15000000000000002 0.134146
4 0.8734375000000001 0.546435 0.25187499999999996 0.438086
4 0.93875 0.641651 0.12124999999999997 0.20262599999999997
1 0.798125 0.741557 0.21625000000000005 0.27861199999999997
2 0.016875 0.8808635 0.03375 0.07692299999999996
2 0.64 0.8316135 0.01750000000000007 0.025328999999999935
2 0.6725 0.8076924999999999 0.040000000000000036 0.05816100000000002
