8 0.040315500000000004 0.4359375 0.026293000000000004 0.010624999999999996
8 0.0552145 0.366875 0.031550999999999996 0.0050000000000000044
8 0.058282 0.365 0.028922000000000003 0.0050000000000000044
8 0.086328 0.4240625 0.041192000000000006 0.010624999999999996
8 0.143734 0.36 0.045574 0.015000000000000013
8 0.24145450000000002 0.3825 0.030675000000000008 0.0050000000000000044
8 0.24320750000000002 0.38468749999999996 0.023663000000000017 0.00687500000000002
8 0.29360200000000003 0.42500000000000004 0.05784399999999995 0.01874999999999999
8 0.338738 0.3590625 0.028922000000000003 0.0068749999999999645
8 0.4347065 0.38875 0.019280999999999993 0.0050000000000000044
8 0.437774 0.3875 0.016652 0.0050000000000000044
8 0.5030675 0.43374999999999997 0.04557499999999998 0.013749999999999984
8 0.5245395 0.366875 0.030675000000000008 0.008750000000000036
8 0.579755 0.40625 0.016652 0.0050000000000000044
8 0.6389130000000001 0.4178125 0.08588999999999991 0.020625000000000004
8 0.724803 0.4221875 0.024540000000000006 0.0068749999999999645
8 0.760736 0.416875 0.033304 0.010000000000000009
8 0.8803685 0.38375000000000004 0.04294500000000001 0.00874999999999998
8 0.9596845 0.39468749999999997 0.024538999999999977 0.00687500000000002
8 0.989045 0.3903125 0.02015800000000001 0.011874999999999969
