4 0.923125 0.3158335 0.15375000000000005 0.41333299999999995
6 0.02625 0.7541665 0.0525 0.12333300000000003
6 0.1921875 0.7275 0.13437500000000002 0.176666
6 0.45562499999999995 0.7691665 0.10374999999999995 0.10833300000000001
6 0.5349999999999999 0.6491665 0.06874999999999998 0.093333
6 0.905625 0.605 0.02750000000000008 0.06000000000000005
6 0.9612499999999999 0.7108335 0.07625000000000004 0.088333
4 0.0940625 0.288333 0.188125 0.41500000000000004
4 0.2934375 0.31 0.22312500000000002 0.365
4 0.57125 0.4216665 0.20750000000000002 0.141667
4 0.8003125 0.4475 0.09062499999999996 0.08999999999999997
