2 0.8971875 0.7395830000000001 0.198125 0.3075
11 0.3396875 0.53125 0.015625 0.02083400000000002
11 0.42562500000000003 0.305 0.10500000000000004 0.155
11 0.6846874999999999 0.5216665 0.020625000000000004 0.036667000000000005
11 0.9290625 0.4254165 0.05687500000000001 0.029167
11 0.9906250000000001 0.48958349999999995 0.01749999999999996 0.024166999999999994
2 0.4790625 0.603333 0.10187500000000005 0.05499999999999994
2 0.5334375 0.6129165000000001 0.140625 0.06416699999999997
2 0.7290625 0.5800000000000001 0.13687499999999997 0.14333399999999996
2 0.7971874999999999 0.6025 0.09687499999999993 0.13666600000000007
2 0.89 0.6045834999999999 0.13250000000000006 0.12583299999999997
2 0.9534374999999999 0.58875 0.09187500000000004 0.06416599999999995
