6 0.0278125 0.4388885 0.020624999999999998 0.028888999999999998
6 0.08374999999999999 0.45166649999999997 0.01625 0.04111099999999995
6 0.16625 0.5072225 0.06125 0.06111099999999997
6 0.29375 0.5294445 0.057499999999999996 0.03444500000000006
6 0.38468749999999996 0.511667 0.06562499999999999 0.02999999999999997
6 0.4253125 0.47833349999999997 0.030625000000000013 0.05888899999999997
6 0.4865625 0.49555550000000004 0.06187499999999996 0.06666700000000003
6 0.596875 0.49 0.06625000000000003 0.040000000000000036
6 0.6859375 0.48277749999999997 0.059374999999999956 0.04333300000000001
6 0.8106249999999999 0.470556 0.053750000000000075 0.07
6 0.9221874999999999 0.5355555 0.07187500000000002 0.086667
