6 0.4909375 0.46860349999999995 0.10062500000000002 0.09184699999999996
6 0.1853125 0.5337395 0.029375000000000012 0.030927000000000038
6 0.2128125 0.5168695 0.015625 0.027179000000000064
6 0.2428125 0.5520149999999999 0.021874999999999978 0.05623199999999995
6 0.2846875 0.5299905 0.018125000000000002 0.03842500000000004
6 0.38 0.557638 0.14625 0.16119999999999995
6 0.5984375 0.47188399999999997 0.12687499999999996 0.13964400000000005
6 0.5503125 0.5581069999999999 0.024375000000000036 0.059043999999999985
6 0.6471875 0.5599815 0.015625 0.044049000000000005
6 0.704375 0.507029 0.012499999999999956 0.024368000000000056
6 0.7953125 0.5229619999999999 0.03562500000000002 0.05435800000000002
