2 0.60625 0.8217575 0.08999999999999997 0.10878699999999997
2 0.273125 0.7313805 0.08499999999999999 0.09707100000000002
2 0.2975 0.6594145 0.058750000000000024 0.06192500000000001
2 0.36812500000000004 0.770293 0.08749999999999997 0.09455999999999998
2 0.398125 0.6535565 0.04625000000000001 0.06192500000000001
2 0.41125 0.610042 0.03749999999999998 0.04016799999999998
2 0.4184375 0.5711299999999999 0.02562500000000001 0.030962000000000045
2 0.4609375 0.6602509999999999 0.046875 0.056903999999999955
2 0.45218749999999996 0.551883 0.026875000000000038 0.022594000000000003
2 0.4575 0.597908 0.03750000000000003 0.035984000000000016
2 0.479375 0.7916319999999999 0.08125000000000004 0.120502
2 0.4475 0.533891 0.015000000000000013 0.016736000000000084
2 0.47125 0.620084 0.036250000000000004 0.04686199999999996
2 0.46499999999999997 0.532636 0.011250000000000038 0.019246000000000096
2 0.47468750000000004 0.5493725 0.018125000000000002 0.02092100000000008
2 0.48343749999999996 0.577824 0.029374999999999984 0.030961999999999934
2 0.4925 0.545188 0.015000000000000013 0.022594000000000003
2 0.4978125 0.5251049999999999 0.013124999999999998 0.014225999999999961
2 0.5093749999999999 0.5292885 0.015000000000000013 0.015898999999999996
2 0.5271874999999999 0.6117155000000001 0.03187499999999999 0.04016699999999995
