1 0.485 0.552064 0.7887500000000001 0.7363980000000001
1 0.1509375 0.37429650000000003 0.301875 0.18011300000000002
1 0.6546875000000001 0.32926849999999996 0.08437499999999998 0.07879900000000001
1 0.8321875000000001 0.371013 0.334375 0.41369599999999995
1 0.850625 0.3001875 0.27375000000000005 0.166979
2 0.01125 0.370544 0.0225 0.065666
2 0.050937500000000004 0.384615 0.065625 0.10694199999999998
2 0.4790625 0.5501875 0.844375 0.822701
2 0.14250000000000002 0.333959 0.115 0.09005600000000002
2 0.6403125 0.321295 0.046875 0.06472800000000001
2 0.8521875 0.30300150000000003 0.28937499999999994 0.20637900000000003
