8 0.0890625 0.4678125 0.03750100000000001 0.015625
8 0.16210950000000002 0.54625 0.04296900000000001 0.03374999999999995
8 0.1765625 0.49 0.026563000000000003 0.016249999999999987
8 0.3398435 0.14406249999999998 0.089063 0.031875000000000014
8 0.475 0.5543750000000001 0.03593799999999997 0.01749999999999996
8 0.8144530000000001 0.6440625 0.028905999999999987 0.010624999999999996
8 0.851172 0.625625 0.02265600000000001 0.008750000000000036
8 0.8914065 0.6309374999999999 0.02187500000000009 0.009375000000000022
4 0.302344 0.4821875 0.31875 0.11562500000000003
4 0.7300785 0.536875 0.538281 0.185
