8 0.4615625 0.765537 0.13937500000000003 0.09981200000000001
4 0.06875 0.1379475 0.1375 0.275895
4 0.0978125 0.234934 0.186875 0.298494
4 0.0915625 0.43738200000000005 0.105625 0.21751400000000004
4 0.2265625 0.387006 0.17062500000000003 0.23728800000000005
4 0.259375 0.2066855 0.14125000000000001 0.262711
4 0.3753125 0.3328625 0.14687499999999998 0.191149
4 0.4934375 0.1294725 0.08062499999999995 0.258945
4 0.6481250000000001 0.27354049999999996 0.20375 0.245763
4 0.6578124999999999 0.1101695 0.03312499999999996 0.220339
4 0.80625 0.36064050000000003 0.10250000000000004 0.15630899999999998
4 0.9759375 0.4199625 0.046875 0.145009
