8 0.0385905 0.850727 0.020135 0.0050600000000000644
8 0.0989935 0.158444 0.03187899999999999 0.00695800000000002
8 0.1078025 0.8633774999999999 0.022651000000000004 0.006325000000000025
8 0.44001650000000003 0.2065145 0.047819 0.02593300000000001
8 0.4878355 0.9263125000000001 0.017616999999999994 0.006956999999999991
8 0.5188755 0.9623655 0.02097300000000002 0.003163000000000027
8 0.7072149999999999 0.175838 0.045302000000000064 0.01011999999999999
8 0.738255 0.9025935 0.030202000000000062 0.006325000000000025
8 0.822567 0.972802 0.015939999999999954 0.006325999999999943
8 0.8364095 0.3074005 0.03355699999999995 0.015181
8 0.942114 0.6480075 0.020134000000000096 0.010753000000000013
