2 0.0721875 0.5286925 0.13062500000000002 0.14299100000000003
2 0.09937499999999999 0.5550330000000001 0.15375 0.09031
2 0.13749999999999998 0.6312325000000001 0.19999999999999998 0.208843
2 0.3365625 0.481656 0.07437500000000002 0.06397000000000003
2 0.5515625 0.511289 0.09437499999999999 0.108184
2 0.59375 0.529163 0.10250000000000004 0.09689599999999998
2 0.665 0.549859 0.10124999999999995 0.11570999999999998
2 0.79375 0.575259 0.11249999999999993 0.12323600000000001
2 0.8859375 0.596425 0.125625 0.12793999999999994
2 0.9593750000000001 0.6006585 0.07999999999999996 0.18532499999999996
2 0.41937500000000005 0.650047 0.315 0.3857
