8 0.5956250000000001 0.238296 0.13374999999999992 0.060862
2 0.1746875 0.707397 0.349375 0.499064
2 0.1025 0.494382 0.19625 0.134832
2 0.08374999999999999 0.385768 0.04375 0.02808999999999995
2 0.12125 0.3904495 0.04875 0.014981000000000022
2 0.23062500000000002 0.397472 0.047500000000000014 0.04026200000000002
2 0.2921875 0.465824 0.16812499999999997 0.107678
2 0.286875 0.4021535 0.04999999999999999 0.03089900000000001
2 0.35562499999999997 0.4077715 0.05624999999999997 0.042135000000000034
2 0.796875 0.479869 0.15749999999999997 0.163858
2 0.893125 0.47331449999999997 0.06500000000000006 0.103933
