6 0.558125 0.7804690000000001 0.11250000000000004 0.11718799999999996
6 0.0146875 0.7984375 0.029375 0.323437
6 0.0821875 0.8628905 0.116875 0.2726569999999999
6 0.20781249999999998 0.835156 0.159375 0.135938
6 0.3725 0.8613284999999999 0.235 0.142969
6 0.49406249999999996 0.751172 0.016874999999999973 0.09140599999999999
6 0.6440625 0.7890625 0.09062499999999996 0.15937500000000004
6 0.7215625 0.7726565 0.01187500000000008 0.034375000000000044
6 0.7731250000000001 0.810547 0.0737500000000001 0.27109399999999995
6 0.9321875 0.799219 0.13437500000000002 0.17031200000000002
