6 0.11812500000000001 0.29408999999999996 0.012499999999999997 0.015948000000000018
6 0.163125 0.3757035 0.036250000000000004 0.032833
6 0.3259375 0.6036585 0.130625 0.11538500000000007
6 0.5928125 0.351313 0.026874999999999982 0.04409000000000002
6 0.7 0.6346155 0.11750000000000005 0.1116330000000001
2 0.0371875 0.326454 0.074375 0.15384599999999998
2 0.0940625 0.6810505 0.188125 0.636023
2 0.11249999999999999 0.2490615 0.020000000000000004 0.030956999999999985
2 0.24312499999999998 0.25562850000000004 0.046249999999999986 0.047843000000000024
2 0.7175 0.3100375 0.56375 0.267355
