6 0.11218750000000001 0.64375 0.141875 0.07083399999999995
6 0.479375 0.6 0.14874999999999994 0.11499999999999999
6 0.55625 0.5787500000000001 0.03875000000000006 0.02416600000000002
4 0.090625 0.1070835 0.18125 0.214167
4 0.2084375 0.05 0.09187500000000001 0.1
4 0.26375000000000004 0.37625 0.185 0.1875
4 0.3103125 0.190833 0.06562499999999999 0.15499999999999997
4 0.38125 0.3666665 0.07375000000000004 0.223333
4 0.4646875 0.1291665 0.219375 0.258333
4 0.5828125 0.24875 0.251875 0.22249999999999998
4 0.5718749999999999 0.04625 0.10875000000000001 0.0925
4 0.6699999999999999 0.13875 0.10875000000000001 0.2775
4 0.8275 0.0508335 0.12375000000000003 0.101667
2 0.03625 0.4095835 0.0725 0.390833
2 0.8059375 0.5370835 0.38687499999999997 0.769167
