6 0.6340625 0.724583 0.13187499999999996 0.2825
6 0.04625 0.47875 0.028749999999999998 0.04416599999999998
6 0.0721875 0.44 0.023125000000000007 0.046665999999999985
6 0.16031250000000002 0.45625000000000004 0.019375000000000003 0.04083399999999998
6 0.2575 0.5175000000000001 0.03500000000000003 0.036665999999999976
6 0.35843749999999996 0.40208299999999997 0.018125000000000002 0.012500000000000011
6 0.43374999999999997 0.4375 0.028749999999999998 0.04166599999999998
6 0.4840625 0.40625 0.015625 0.01749999999999996
6 0.5578125 0.6354165 0.10312500000000002 0.2658330000000001
6 0.84375 0.5 0.013749999999999929 0.011665999999999954
6 0.8678125000000001 0.43291650000000004 0.051875000000000004 0.06083299999999997
6 0.9934375 0.4320835 0.011874999999999969 0.05916699999999997
4 0.5121875 0.08125 0.17812499999999998 0.1625
4 0.7171875 0.202083 0.5643750000000001 0.3325
4 0.630625 0.0508335 0.14625 0.101667
4 0.72125 0.21 0.11750000000000005 0.42
4 0.7196875 0.2033335 0.06312499999999999 0.406667
4 0.8043750000000001 0.2083335 0.07500000000000007 0.416667
4 0.8553124999999999 0.0266665 0.01937500000000003 0.053333
4 0.9746874999999999 0.1283335 0.04937500000000006 0.256667
