4 0.3059375 0.307778 0.11437499999999998 0.344444
4 0.0390625 0.31666649999999996 0.031875 0.091111
4 0.056875 0.335 0.013749999999999998 0.067778
4 0.0978125 0.406667 0.053125000000000006 0.197778
4 0.2109375 0.3405555 0.023125000000000007 0.061111000000000026
4 0.23375 0.346667 0.037500000000000006 0.08222200000000002
4 0.4084375 0.318889 0.030625000000000013 0.08666599999999997
4 0.5025 0.268889 0.10124999999999995 0.182222
4 0.7040625 0.23333350000000003 0.18312499999999998 0.266667
4 0.8159375 0.242778 0.05437500000000006 0.134444
3 0.591875 0.513889 0.41750000000000004 0.34333400000000003
