2 0.44937499999999997 0.822702 0.20875 0.15572200000000003
1 0.6187499999999999 0.814728 0.21375 0.167918
1 0.7518750000000001 0.8222325 0.15374999999999994 0.14165099999999997
1 0.8609375 0.8273925 0.17437499999999995 0.14071299999999998
1 0.955625 0.751876 0.08750000000000002 0.04408999999999996
2 0.4875 0.7664165000000001 0.09999999999999998 0.07504699999999997
2 0.7071875000000001 0.74531 0.08562499999999995 0.02157600000000004
2 0.8034375 0.759381 0.07062500000000005 0.042213999999999974
2 0.8859375 0.7537525 0.05937500000000007 0.027205000000000035
2 0.9434374999999999 0.8306755 0.11187500000000006 0.126641
