11 0.4353125 0.29666 0.193125 0.1611
11 0.6428125 0.301572 0.16062500000000002 0.15520599999999998
4 0.20625 0.500982 0.10250000000000001 0.06876200000000005
4 0.42000000000000004 0.503438 0.10249999999999998 0.10117800000000005
4 0.624375 0.484283 0.18375000000000008 0.09430199999999994
4 0.7740625000000001 0.4759335 0.073125 0.09528500000000006
4 0.90375 0.47593299999999994 0.19125000000000003 0.06974399999999997
2 0.37124999999999997 0.5849705000000001 0.04124999999999995 0.050099000000000005
2 0.4096875 0.562868 0.013124999999999998 0.017681999999999976
2 0.4284375 0.5726915 0.02437499999999998 0.029468999999999967
2 0.4684375 0.564833 0.02562500000000001 0.021611999999999965
2 0.5225 0.5761295 0.048750000000000016 0.04420499999999994
2 0.569375 0.591847 0.0625 0.06777999999999995
2 0.67125 0.6222985 0.11250000000000004 0.12475499999999995
