4 0.0990625 0.423077 0.18562499999999998 0.31144399999999994
4 0.188125 0.345216 0.15 0.133208
4 0.31625 0.32598499999999997 0.3125 0.51501
4 0.3821875 0.409475 0.133125 0.130394
4 0.5615625 0.4291745 0.14187499999999997 0.24859300000000006
4 0.7109375 0.44136949999999997 0.213125 0.20731699999999997
4 0.9553125 0.4202625 0.08812500000000001 0.12195099999999998
3 0.250625 0.520169 0.09000000000000002 0.10600399999999999
3 0.36343749999999997 0.5121955 0.138125 0.09756100000000001
3 0.4609375 0.5046904999999999 0.11312499999999998 0.09380899999999992
