4 0.8882815 0.578125 0.192187 0.497916
1 0.1953125 0.573958 0.350001 0.81875
2 0.727344 0.884375 0.21718799999999994 0.18541600000000003
4 0.1390625 0.215625 0.278125 0.43125
4 0.4000005 0.7270835 0.078125 0.19583299999999992
4 0.6515625 0.715625 0.12187500000000007 0.17708400000000002
4 0.7640625 0.7208334999999999 0.08750100000000005 0.145833
1 0.6000000000000001 0.7916665 0.11875000000000002 0.17916699999999997
2 0.49453099999999994 0.8520829999999999 0.04531199999999996 0.03749999999999998
2 0.614063 0.8552085 0.050000000000000044 0.09791700000000003
2 0.895313 0.880208 0.20625000000000004 0.23124999999999996
