2 0.8353125 0.4604165 0.24187500000000006 0.30916699999999997
0 0.21875 0.342083 0.4375 0.2875
4 0.010625 0.19416699999999998 0.02125 0.04000000000000001
4 0.1978125 0.1816665 0.12312500000000001 0.128333
4 0.2815625 0.220833 0.06062500000000004 0.044999999999999984
4 0.3815625 0.26749999999999996 0.13937499999999997 0.065
4 0.6284375 0.2766665 0.14187499999999997 0.14666699999999996
4 0.75375 0.2891665 0.10375000000000001 0.10833300000000001
4 0.9178125 0.1216665 0.16312499999999996 0.243333
4 0.8821875 0.319167 0.055625000000000036 0.05499999999999999
4 0.931875 0.33541699999999997 0.043749999999999956 0.03250000000000003
2 0.9512499999999999 0.4404165 0.09625000000000006 0.18416699999999997
