4 0.770625 0.22001900000000002 0.2875000000000001 0.362606
1 0.5293749999999999 0.471671 0.34875 0.684608
11 0.700625 0.27101050000000004 0.015000000000000013 0.06987700000000002
11 0.821875 0.48205850000000006 0.008750000000000036 0.05004700000000001
11 0.8384375 0.473088 0.016875000000000084 0.06421200000000005
11 0.9453125 0.1798865 0.10812500000000003 0.359773
11 0.9081250000000001 0.4730875 0.01749999999999996 0.05665699999999996
11 0.931875 0.4693105 0.016249999999999987 0.060435000000000016
11 0.9771875 0.4806425 0.018124999999999947 0.05665699999999996
4 0.214375 0.315392 0.42875 0.630784
2 0.0628125 0.5717655 0.125625 0.08970699999999998
2 0.7275 0.5783755 0.08374999999999999 0.16147300000000003
2 0.730625 0.5882909999999999 0.08499999999999996 0.14542
2 0.933125 0.571766 0.11250000000000004 0.09726199999999996
