4 0.295 0.2678235 0.4774999999999999 0.402439
2 0.878125 0.6374295 0.20000000000000007 0.42120099999999994
8 0.2734375 0.551126 0.06812499999999999 0.04596599999999995
4 0.5774999999999999 0.316604 0.016249999999999987 0.040337999999999985
4 0.605625 0.317542 0.040000000000000036 0.042213999999999974
4 0.8453125 0.3250465 0.17312499999999997 0.357411
4 0.9009375 0.250938 0.19687500000000002 0.501876
2 0.2084375 0.6472800000000001 0.33062500000000006 0.24014999999999997
2 0.41000000000000003 0.5750470000000001 0.11874999999999997 0.10694199999999998
2 0.6434375 0.565666 0.12687500000000007 0.16135000000000005
2 0.950625 0.575985 0.04999999999999993 0.15572200000000003
