0 0.5523435 0.49735799999999997 0.696875 0.791282
4 0.042969 0.201453 0.085938 0.402906
4 0.3078125 0.2774105 0.31874900000000006 0.41743699999999995
4 0.7570315 0.2225895 0.09218700000000002 0.05944499999999997
4 0.8687495 0.3150595 0.140625 0.19154499999999997
2 0.0246095 0.5495375 0.049219 0.12153299999999995
2 0.125781 0.53963 0.13906200000000002 0.10171800000000003
2 0.096875 0.5059445 0.06875 0.03963100000000003
2 0.14375000000000002 0.6162485 0.154688 0.194187
2 0.19687500000000002 0.4953765 0.04843800000000001 0.03963099999999997
