0 0.288235 0.605684 0.11058799999999996 0.23801000000000005
0 0.4088235 0.5772645000000001 0.092941 0.20248699999999997
0 0.41000000000000003 0.46714 0.071764 0.035524
0 0.422353 0.4360565 0.065882 0.04440500000000003
2 0.3488235 0.5195385 0.029410999999999965 0.04795700000000003
2 0.735294 0.642096 0.43058799999999997 0.573712
2 0.596471 0.926288 0.12 0.12610999999999994
2 0.6370585 0.9786855 0.09764700000000004 0.03907700000000003
2 0.762941 0.9138545 0.12117599999999995 0.09769099999999997
2 0.7717645 0.9573715 0.12235300000000005 0.08170500000000003
2 0.87 0.9875665 0.10000000000000009 0.021314999999999973
2 0.892941 0.909414 0.10588200000000003 0.110124
2 0.931765 0.9573715 0.12 0.08170500000000003
