0 0.5296875000000001 0.501667 0.45687500000000003 0.685
4 0.0184375 0.0808335 0.036875 0.161667
4 0.2521875 0.3208335 0.33687500000000004 0.45666699999999993
4 0.15718749999999998 0.494167 0.03312499999999999 0.135
4 0.9225 0.4754165 0.06374999999999997 0.07583300000000004
4 0.9728125000000001 0.462083 0.05312499999999998 0.08749999999999997
2 0.0228125 0.6712499999999999 0.045625 0.139166
2 0.0403125 0.5879165 0.05562500000000001 0.019167000000000045
2 0.10093750000000001 0.5829165000000001 0.068125 0.029167000000000054
2 0.174375 0.579583 0.07874999999999999 0.022500000000000075
2 0.2625 0.5708335 0.06125000000000003 0.021666999999999992
2 0.750625 0.5941665 0.11499999999999999 0.141667
2 0.8615625 0.5408335 0.06062499999999993 0.04166700000000001
