4 0.1221875 0.625 0.244375 0.747778
4 0.12000000000000001 0.366667 0.07125000000000001 0.24000000000000002
4 0.20468750000000002 0.29000000000000004 0.13562500000000002 0.382222
4 0.3621875 0.38833300000000004 0.06937499999999996 0.21000000000000002
4 0.4603125 0.35277749999999997 0.11937500000000001 0.443333
4 0.5715625 0.2944445 0.08062499999999995 0.37777700000000003
4 0.620625 0.386111 0.10375000000000001 0.49222199999999994
4 0.700625 0.3622225 0.09249999999999992 0.548889
4 0.8665625 0.2694445 0.234375 0.538889
1 0.1315625 0.648333 0.069375 0.21222200000000002
1 0.3209375 0.6494445 0.329375 0.336667
1 0.7903125 0.763889 0.41812499999999997 0.47
2 0.4790625 0.7277775 0.323125 0.271111
