9 0.1659375 0.879715 0.080625 0.17015999999999998
9 0.266875 0.872171 0.0925 0.166806
9 0.721875 0.481978 0.04625000000000001 0.06202800000000003
9 0.7746875 0.5356245 0.024375000000000036 0.062029
9 0.838125 0.582146 0.050000000000000044 0.08298400000000006
4 0.0196875 0.35331100000000004 0.039375 0.11315999999999998
4 0.4525 0.2120705 0.28624999999999995 0.424141
4 0.33875 0.345767 0.04125000000000001 0.07795399999999997
4 0.3959375 0.3419945 0.026874999999999982 0.06370500000000001
4 0.435625 0.3327745 0.016249999999999987 0.038558999999999954
4 0.5184375 0.3361275 0.11562500000000003 0.048616999999999966
4 0.91875 0.2497905 0.16125 0.437553
