2 0.4996875 0.6757265 0.999375 0.646673
2 0.285 0.43486400000000003 0.15 0.10309200000000002
2 0.52125 0.42596049999999996 0.11249999999999999 0.09090899999999996
2 0.5315625 0.3851925 0.13062500000000005 0.076851
2 0.0996875 0.958763 0.199375 0.0806
2 0.1453125 0.6865045 0.285625 0.480787
2 0.5378125 0.730553 0.703125 0.53702
2 0.4040625 0.5445175 0.39562500000000006 0.238051
2 0.368125 0.39971900000000005 0.0625 0.038426000000000016
2 0.6709375 0.43955 0.12062499999999998 0.10871600000000003
2 0.7728124999999999 0.4559515 0.188125 0.11902500000000005
2 0.8634375000000001 0.6462045000000001 0.271875 0.43392700000000006
2 0.840625 0.4020615 0.05249999999999999 0.050609000000000015
2 0.923125 0.4451735 0.15249999999999997 0.06747899999999996
