4 0.5743750000000001 0.2316665 0.255 0.45666700000000005
1 0.7996875 0.83375 0.3531249999999999 0.19416600000000006
4 0.009375 0.725 0.01875 0.03166599999999997
4 0.0525 0.7229165 0.041249999999999995 0.030833
4 0.1328125 0.665417 0.08812500000000001 0.16749999999999998
4 0.1940625 0.6983334999999999 0.03437499999999999 0.05666699999999991
4 0.2271875 0.7216665 0.020624999999999977 0.05166700000000002
4 0.3025 0.664167 0.13 0.26
4 0.34968750000000004 0.6225 0.05937500000000001 0.125
4 0.5425 0.52 0.15625 0.138334
4 0.823125 0.3479165 0.35250000000000004 0.695833
2 0.113125 0.865 0.22625 0.2683340000000001
2 0.558125 0.844167 0.13000000000000006 0.09000000000000008
