4 0.6390625 0.15611049999999999 0.16062500000000002 0.281891
4 0.1809375 0.218555 0.116875 0.144514
4 0.29875 0.235058 0.10624999999999998 0.470116
4 0.3334375 0.159679 0.03187499999999999 0.14094600000000002
4 0.388125 0.1730595 0.043749999999999956 0.133809
4 0.75875 0.223015 0.10375000000000001 0.44603
4 0.9043749999999999 0.192239 0.04625000000000001 0.384478
4 0.9525 0.15566449999999998 0.09375 0.182873
3 0.13375 0.3474575 0.2675 0.17216700000000001
3 0.466875 0.24264049999999998 0.26749999999999996 0.14451299999999997
3 0.4828125 0.2609275 0.23312499999999997 0.10793899999999998
