2 0.900625 0.7258335 0.1812499999999999 0.18833299999999997
11 0.1640625 0.4758335 0.030625000000000013 0.04166700000000001
11 0.2028125 0.6387499999999999 0.02562500000000001 0.03583400000000003
11 0.39468749999999997 0.6725 0.02437499999999998 0.05499999999999994
11 0.5525 0.49416649999999995 0.03249999999999997 0.05666699999999997
2 0.4996875 0.6595835 0.10187500000000005 0.12583300000000008
2 0.558125 0.6604165 0.03749999999999998 0.08583299999999994
2 0.5890625 0.6370834999999999 0.055624999999999925 0.06416699999999997
2 0.6231249999999999 0.6291665 0.028749999999999942 0.031667
2 0.6321874999999999 0.5800000000000001 0.030625000000000013 0.039999999999999925
2 0.6659375 0.6599999999999999 0.08812500000000001 0.10999999999999999
2 0.6737500000000001 0.5862499999999999 0.03874999999999995 0.030833999999999917
2 0.7840625 0.69125 0.08437500000000009 0.09583399999999997
