1 0.246484 0.37291650000000004 0.464844 0.583333
2 0.4996095 0.499479 0.999219 0.998958
2 0.6804684999999999 0.425 0.07031299999999996 0.05208400000000002
2 0.7324219999999999 0.41874999999999996 0.042968000000000006 0.04375000000000001
2 0.758203 0.4161455 0.02265600000000001 0.028124999999999956
2 0.7875 0.416667 0.012499999999999956 0.01874999999999999
2 0.8203125 0.41510400000000003 0.046875 0.026041999999999954
2 0.875 0.421875 0.04687599999999992 0.03958399999999995
2 0.9066405 0.4140625 0.01484300000000005 0.017708999999999975
2 0.9277340000000001 0.41510400000000003 0.027343999999999924 0.026041999999999954
2 0.966016 0.42291650000000003 0.052343999999999946 0.04583299999999996
