6 0.3472225 0.9072915 0.30833299999999997 0.16041700000000003
8 0.55 0.1885415 0.10555600000000004 0.04791699999999999
6 0.0333335 0.37604150000000003 0.013889000000000002 0.03958299999999998
6 0.065278 0.38229199999999997 0.027778000000000004 0.04375000000000001
6 0.1416665 0.44375 0.061110999999999985 0.08749999999999997
6 0.60625 0.8833335 0.234722 0.229167
6 0.83125 0.565625 0.07638800000000001 0.14374999999999993
6 0.9416665 0.3979165 0.019445000000000046 0.02083299999999999
6 0.9916665 0.369792 0.01388900000000004 0.01874999999999999
8 0.390972 0.1927085 0.10694399999999998 0.04791699999999999
8 0.795833 0.3125 0.022221999999999964 0.012499999999999956
