8 0.0965625 0.1770835 0.066875 0.024166999999999994
8 0.17781249999999998 0.191667 0.06437499999999999 0.04999999999999999
8 0.54875 0.234167 0.04125000000000001 0.034999999999999976
8 0.8696875 0.18583300000000003 0.05812500000000009 0.035
6 0.31625000000000003 0.3645835 0.03250000000000003 0.025832999999999995
6 0.421875 0.7429165 0.15749999999999997 0.13416700000000004
6 0.6837500000000001 0.505417 0.036250000000000004 0.1275
6 0.9396875 0.4879165 0.013125000000000053 0.030833000000000055
6 0.9628125000000001 0.4916665 0.020625000000000004 0.05166699999999996
10 0.041875 0.8875 0.075 0.11666600000000005
10 0.11656249999999999 0.8641665 0.056874999999999995 0.098333
10 0.1653125 0.95 0.09687499999999999 0.056665999999999994
10 0.2453125 0.8770835 0.06062500000000001 0.05916699999999997
10 0.8296875 0.8854165 0.05437500000000006 0.06916700000000009
10 0.8834375 0.8279164999999999 0.034375000000000044 0.11583299999999996
