6 0.1990625 0.82625 0.09312500000000001 0.11416599999999999
6 0.0184375 0.800833 0.036875 0.05499999999999994
6 0.3728125 0.63125 0.0068749999999999645 0.012499999999999956
6 0.39468749999999997 0.6304164999999999 0.009374999999999967 0.010832999999999982
6 0.5446875 0.6345835 0.01187500000000008 0.019167000000000045
6 0.5543750000000001 0.6287499999999999 0.0050000000000000044 0.014166000000000012
6 0.61375 0.63125 0.010000000000000009 0.012499999999999956
6 0.730625 0.77125 0.08499999999999996 0.07583399999999996
6 0.770625 0.7033335000000001 0.008750000000000036 0.0466669999999999
6 0.88375 0.7991665 0.09124999999999994 0.1033329999999999
