6 0.62625 0.42850449999999995 0.14625 0.18344299999999997
6 0.34781249999999997 0.4082785 0.08812499999999995 0.14299099999999998
6 0.6540625 0.521637 0.03187499999999999 0.04421400000000003
6 0.703125 0.45296349999999996 0.03875000000000006 0.10818499999999998
6 0.80625 0.4073375 0.0625 0.09031099999999997
4 0.181875 0.143462 0.36375 0.286924
4 0.4590625 0.143462 0.24187499999999995 0.286924
4 0.7146875 0.2587015 0.109375 0.29350899999999996
4 0.8953125 0.3099715 0.16437500000000005 0.332079
4 0.9665625 0.40075249999999996 0.06562500000000004 0.135465
