6 0.07375 0.5473735 0.09125 0.12664099999999995
2 0.7109375 0.498593 0.379375 0.473734
6 0.14375 0.5187620000000001 0.059999999999999984 0.084428
6 0.3096875 0.521107 0.07687500000000003 0.12476599999999993
6 0.4240625 0.44371499999999997 0.033125000000000016 0.08817999999999998
6 0.953125 0.733114 0.09250000000000003 0.10975600000000008
2 0.5225 0.4108815 0.14375 0.253283
2 0.6793750000000001 0.337711 0.25749999999999995 0.150094
2 0.9003125000000001 0.4394935 0.12312500000000004 0.184803
2 0.9196875 0.3424015 0.06687500000000002 0.08255099999999999
