8 0.0753125 0.2673545 0.024374999999999994 0.01688500000000004
8 0.1265625 0.4530955 0.029374999999999984 0.016884999999999983
8 0.216875 0.48968100000000003 0.028749999999999998 0.02063799999999999
8 0.31656249999999997 0.262664 0.011875000000000024 0.018762
8 0.343125 0.4075985 0.01874999999999999 0.01594699999999999
8 0.393125 0.3883675 0.016249999999999987 0.015008999999999995
8 0.5159374999999999 0.260788 0.01937500000000003 0.015010000000000023
8 0.6453125 0.503283 0.03687499999999999 0.02345200000000003
8 0.6453125 0.2537525 0.02562500000000001 0.015947000000000017
8 0.76 0.291276 0.09499999999999997 0.049717999999999984
6 0.033125 0.393058 0.04 0.06379000000000001
6 0.066875 0.6144465 0.105 0.15572300000000006
6 0.140625 0.6833959999999999 0.08124999999999999 0.197936
6 0.194375 0.3963415 0.06 0.107879
6 0.4828125 0.4704505 0.06812499999999999 0.11350900000000003
6 0.5390625 0.47514100000000004 0.046875 0.10788000000000003
6 0.7840625 0.8292685 0.18062500000000004 0.22701700000000002
