4 0.3766665 0.09649150000000001 0.13333299999999998 0.137845
4 0.0433335 0.22807 0.086667 0.45614
4 0.125 0.260652 0.046666 0.32080200000000003
4 0.18583349999999998 0.29448599999999997 0.07833300000000001 0.298246
4 0.2241665 0.256892 0.05833299999999997 0.303258
4 0.305 0.264411 0.08333400000000002 0.283208
4 0.4316665 0.270677 0.13666699999999998 0.19047599999999998
4 0.475 0.2431075 0.07 0.275689
4 0.5833335 0.077694 0.14333300000000004 0.15037599999999998
4 0.5758335 0.0989975 0.11166699999999996 0.07769499999999999
4 0.5625 0.2994985 0.061666 0.27819499999999997
4 0.635833 0.273183 0.08499999999999996 0.260652
4 0.7408335 0.067669 0.10833300000000001 0.135338
4 0.7383335 0.2969925 0.08333299999999999 0.318295
4 0.780833 0.2406015 0.09499999999999997 0.35588899999999996
4 0.864167 0.066416 0.15500000000000003 0.132832
4 0.8625 0.235589 0.09833400000000003 0.31077600000000005
3 0.425 0.546366 0.316666 0.42606600000000006
3 0.745 0.4285715 0.07000000000000006 0.11528899999999997
3 0.8008335 0.39849599999999996 0.04833299999999996 0.04009999999999997
