2 0.9337500000000001 0.7589625 0.12124999999999997 0.19905700000000004
1 0.3375 0.6891510000000001 0.11125000000000002 0.11981199999999992
1 0.345 0.1882075 0.11625000000000002 0.112265
1 0.846875 0.1938675 0.10499999999999998 0.104717
1 0.8509375 0.7009434999999999 0.11312499999999992 0.11320699999999995
8 0.185 0.6448115 0.07750000000000001 0.029244999999999965
8 0.1915625 0.13537749999999998 0.075625 0.03490499999999999
8 0.7012499999999999 0.659906 0.08124999999999993 0.031131999999999938
8 0.704375 0.14339649999999998 0.08750000000000002 0.030188999999999994
2 0.036250000000000004 0.6693395 0.03875 0.051887000000000016
2 0.0390625 0.1768865 0.035625000000000004 0.03867900000000002
2 0.1015625 0.16650949999999998 0.02812500000000001 0.03301899999999999
2 0.136875 0.686321 0.06 0.044339999999999935
2 0.1375 0.1858495 0.056249999999999994 0.06415100000000001
2 0.2496875 0.690566 0.06062500000000004 0.05660399999999999
2 0.2528125 0.18962299999999999 0.03562500000000002 0.056604000000000015
2 0.42374999999999996 0.7099055 0.15250000000000002 0.095283
2 0.4175 0.208019 0.12125000000000002 0.11226400000000003
2 0.5475000000000001 0.6872645 0.036250000000000004 0.04245299999999996
2 0.55 0.185849 0.04125000000000001 0.049056000000000016
2 0.6078125 0.6886795 0.023125000000000062 0.032075000000000076
2 0.6103125 0.1759435 0.020625000000000004 0.02924500000000002
2 0.6384375 0.18962299999999999 0.06437500000000007 0.056604000000000015
2 0.645625 0.6971695 0.0625 0.054716999999999905
2 0.765625 0.1981135 0.04875000000000007 0.07358500000000001
2 0.7671875 0.7070755 0.03937499999999994 0.06886700000000001
