0 0.6496875 0.9104125000000001 0.13937500000000003 0.11726099999999995
4 0.1571875 0.628049 0.08187499999999999 0.10600399999999999
4 0.2275 0.7021575 0.048750000000000016 0.11163299999999998
4 0.2909375 0.5431520000000001 0.126875 0.08630400000000005
4 0.315625 0.6923079999999999 0.11375000000000002 0.28517800000000004
4 0.47062499999999996 0.544559 0.12125000000000002 0.094746
4 0.7075 0.6585365 0.08875 0.22514100000000004
4 0.8665625 0.6172605 0.265625 0.377111
4 0.7953125000000001 0.6824575 0.11312500000000003 0.484991
2 0.12281249999999999 0.67167 0.07187500000000001 0.07129399999999997
2 0.144375 0.758443 0.04375000000000001 0.038461999999999996
2 0.16875 0.718105 0.05124999999999999 0.03471000000000002
2 0.19125 0.664634 0.016249999999999987 0.01969999999999994
2 0.2575 0.7349905 0.04125000000000001 0.04033700000000007
2 0.2509375 0.7030955 0.020624999999999977 0.027204999999999924
2 0.305625 0.7743905 0.04749999999999999 0.057223000000000024
2 0.3546875 0.7232645 0.03562500000000002 0.035646999999999984
2 0.39 0.7781425 0.04999999999999999 0.04971899999999996
2 0.4315625 0.759381 0.04062500000000002 0.03658600000000001
2 0.4609375 0.8236395000000001 0.07687500000000003 0.07879899999999995
2 0.53 0.893527 0.09749999999999998 0.104128
2 0.5671875 0.968574 0.125625 0.06097600000000003
2 0.531875 0.7453095000000001 0.05249999999999999 0.04596699999999998
