0 0.46875 0.38375000000000004 0.20124999999999998 0.22916600000000004
4 0.15531250000000002 0.24875 0.255625 0.284166
4 0.094375 0.3616665 0.04874999999999999 0.11333300000000002
4 0.20500000000000002 0.3683335 0.047500000000000014 0.10333300000000001
4 0.3075 0.3416665 0.15749999999999997 0.19833299999999998
4 0.485 0.18958350000000002 0.31 0.23416700000000001
4 0.7865625 0.2583335 0.42562500000000003 0.516667
4 0.6403125000000001 0.37875 0.09687499999999993 0.120834
4 0.7465625 0.405 0.05687500000000001 0.05833400000000005
4 0.8371875 0.395 0.018124999999999947 0.046665999999999985
4 0.96 0.359167 0.07874999999999999 0.15999999999999998
2 0.1903125 0.425 0.020625000000000004 0.026665999999999968
2 0.1996875 0.4175 0.010624999999999996 0.008334000000000008
2 0.2134375 0.418333 0.011874999999999997 0.010000000000000009
2 0.2290625 0.4175 0.011874999999999997 0.01166600000000001
