4 0.2121095 0.422396 0.424219 0.7239580000000001
4 0.42734400000000006 0.434896 0.42343800000000004 0.869792
4 0.35976549999999996 0.583333 0.08515699999999998 0.05624999999999991
4 0.39023450000000004 0.7041664999999999 0.067969 0.09583299999999995
4 0.401953 0.579167 0.049217999999999984 0.07499999999999996
4 0.508203 0.701042 0.09765600000000008 0.09375
4 0.545703 0.5609375 0.167968 0.06979099999999994
4 0.513281 0.605729 0.06093799999999994 0.08020799999999995
4 0.726953 0.484896 0.30546799999999996 0.6302080000000001
4 0.9214845 0.4046875 0.15546899999999997 0.809375
3 0.6015625 0.7927085 0.19062500000000004 0.22708300000000003
