4 0.796484 0.581477 0.20234399999999997 0.33294199999999996
0 0.17539049999999998 0.6277845 0.255469 0.449003
4 0.0945315 0.274326 0.189063 0.548652
4 0.7089845 0.2098475 0.40078100000000005 0.11723299999999998
4 0.6937500000000001 0.095545 0.354688 0.19109
4 0.6015625 0.404455 0.02343699999999993 0.04220400000000002
4 0.6097655 0.3675265 0.03203100000000003 0.033997
4 0.66875 0.5 0.035937999999999914 0.03399799999999997
4 0.707813 0.2555685 0.018750000000000044 0.058617
4 0.796875 0.3182885 0.03281200000000006 0.071513
4 0.902344 0.6184055 0.19374999999999998 0.37162900000000004
