0 0.816875 0.49624999999999997 0.365 0.185834
2 0.2578125 0.41583349999999997 0.019375000000000003 0.018332999999999988
2 0.25687499999999996 0.393333 0.012500000000000011 0.015000000000000013
2 0.27625 0.394583 0.012499999999999956 0.017500000000000016
2 0.29374999999999996 0.3883335 0.00874999999999998 0.011666999999999983
2 0.2984375 0.39249999999999996 0.010624999999999996 0.013334000000000013
2 0.3034375 0.39625 0.013124999999999998 0.017500000000000016
2 0.3796875 0.4308335 0.020625000000000004 0.021666999999999992
2 0.389375 0.44625000000000004 0.03750000000000003 0.03583399999999998
2 0.3921875 0.41874999999999996 0.01687500000000003 0.012500000000000011
2 0.395 0.425 0.0050000000000000044 0.010000000000000009
2 0.4325 0.4520835 0.03125 0.030833
2 0.428125 0.426667 0.011250000000000038 0.015000000000000013
2 0.45625 0.4566665 0.03749999999999998 0.036667000000000005
2 0.48812500000000003 0.4675 0.04375000000000001 0.048334000000000044
2 0.483125 0.423333 0.03125 0.015000000000000013
2 0.5393749999999999 0.4758335 0.061249999999999916 0.04166700000000001
2 0.578125 0.485 0.04125000000000001 0.04499999999999993
2 0.5821875000000001 0.43625 0.020625000000000004 0.020833999999999964
