1 0.356875 0.41101699999999997 0.21375 0.28154399999999996
1 0.56375 0.43173249999999996 0.05625000000000002 0.08568700000000001
1 0.6690625 0.4336155 0.12062499999999998 0.18549899999999997
2 0.1 0.5291905 0.2 0.23540500000000003
2 0.521875 0.4618645 0.11000000000000004 0.10075299999999993
2 0.6018749999999999 0.451507 0.01375000000000004 0.04425599999999996
2 0.6096874999999999 0.450565 0.011874999999999969 0.03860600000000003
2 0.760625 0.468456 0.04125000000000001 0.055555999999999994
2 0.8284374999999999 0.5127120000000001 0.11562499999999998 0.13465200000000005
2 0.90875 0.717514 0.18125000000000002 0.44067800000000007
