1 0.4253125 0.5403755 0.671875 0.5305169999999999
1 0.025 0.39295800000000003 0.05 0.08168999999999998
1 0.0490625 0.4075115 0.090625 0.07887300000000003
1 0.0759375 0.413615 0.105625 0.11924800000000002
1 0.1478125 0.383568 0.07312500000000001 0.034741999999999995
1 0.3021875 0.370892 0.161875 0.067606
1 0.6365624999999999 0.415962 0.10562499999999997 0.05445999999999995
1 0.681875 0.46431900000000004 0.10875000000000001 0.134272
1 0.7334375 0.4732395 0.09062500000000007 0.14835699999999996
1 0.76 0.470892 0.09875 0.13615
1 0.8746875000000001 0.49108 0.249375 0.22910799999999998
1 0.8446875 0.471831 0.13437500000000002 0.13051600000000002
1 0.9128125 0.4192485 0.08562499999999995 0.051642999999999994
1 0.9690624999999999 0.4624415 0.06062500000000004 0.11549299999999996
2 0.0171875 0.3915495 0.034375 0.07136100000000001
2 0.036250000000000004 0.4070425 0.0625 0.07042299999999996
2 0.0721875 0.41877949999999997 0.085625 0.08638499999999999
2 0.1253125 0.386385 0.084375 0.03849799999999998
2 0.416875 0.5431925 0.645 0.556807
2 0.2528125 0.394366 0.041874999999999996 0.015024000000000037
2 0.8065625000000001 0.49765249999999994 0.385625 0.21220699999999998
