4 0.4996875 0.25 0.999375 0.5
8 0.014375 0.753333 0.02875 0.04500000000000004
8 0.07593749999999999 0.445 0.028124999999999997 0.010000000000000009
8 0.09 0.5654165 0.03375 0.030833
8 0.3309375 0.434583 0.021874999999999978 0.01749999999999996
8 0.5496875 0.4345835 0.01937499999999992 0.014166999999999985
8 0.5809375 0.45541699999999996 0.015625 0.017500000000000016
8 0.6178125 0.4129165 0.02937499999999993 0.015832999999999986
8 0.6496875 0.4145835 0.015625 0.010832999999999982
8 0.819375 0.689167 0.09375 0.040000000000000036
8 0.8071875 0.41125 0.015625 0.030834000000000028
8 0.9240625 0.44125000000000003 0.026874999999999982 0.020833999999999964
