6 0.4750005 0.682031 0.22812500000000002 0.104688
4 0.0328125 0.3078125 0.065625 0.07500099999999998
4 0.079687 0.3296875 0.03125 0.021875000000000033
4 0.107031 0.3335935 0.026562000000000002 0.017187000000000008
4 0.134375 0.3328125 0.02500000000000001 0.015625
4 0.16015649999999998 0.332031 0.02968699999999999 0.020311999999999997
4 0.1851565 0.336719 0.014062999999999992 0.01718799999999998
4 0.202344 0.3359375 0.01718799999999998 0.018750999999999962
4 0.3257815 0.3375 0.05468700000000004 0.03750000000000003
4 0.37031250000000004 0.35 0.02812500000000001 0.024999999999999967
4 0.3921875 0.349219 0.018751000000000018 0.020311999999999997
4 0.403125 0.342187 0.034374000000000016 0.03125
4 0.435156 0.35 0.029687999999999992 0.03437600000000002
4 0.591406 0.3585935 0.04843799999999998 0.020313000000000025
4 0.7867185 0.3492185 0.11718699999999993 0.04531299999999999
4 0.8523434999999999 0.353125 0.014063000000000048 0.01874999999999999
4 0.88125 0.35546849999999997 0.018750000000000044 0.014062999999999992
4 0.9 0.36250000000000004 0.018750000000000044 0.01874999999999999
4 0.9382809999999999 0.364844 0.06093800000000005 0.02343799999999996
4 0.973438 0.359375 0.050000000000000044 0.03749999999999998
