2 0.1878125 0.587917 0.33687500000000004 0.14749999999999996
1 0.3559375 0.526667 0.143125 0.08000000000000002
1 0.7415625 0.53125 0.14312499999999995 0.12916599999999995
1 0.8715625 0.5570835 0.25312500000000004 0.16083299999999995
2 0.010312499999999999 0.5120835 0.015624999999999998 0.025832999999999995
2 0.0328125 0.51875 0.045625 0.03583400000000003
2 0.0196875 0.4975 0.011874999999999998 0.00666599999999995
2 0.0703125 0.507083 0.011874999999999997 0.012500000000000067
2 0.355625 0.53125 0.15125 0.07749999999999996
2 0.5940625 0.5958330000000001 0.320625 0.1449999999999999
2 0.995625 0.5508335 0.007500000000000062 0.03833299999999995
