4 0.701875 0.71576 0.17125 0.24577799999999994
4 0.0909375 0.7406189999999999 0.028124999999999997 0.066604
4 0.1184375 0.7382735 0.029375 0.07504699999999997
4 0.1625 0.778143 0.04625000000000001 0.08911800000000003
4 0.2759375 0.7847095 0.041874999999999996 0.09474700000000003
4 0.42093749999999996 0.7049719999999999 0.029374999999999984 0.08161399999999996
4 0.5528125 0.7687615 0.06812499999999999 0.12288900000000003
3 0.4225 0.8663225 0.09499999999999997 0.12476500000000001
3 0.5115625 0.857411 0.03687500000000005 0.061914000000000025
3 0.6946875 0.8836775 0.18062500000000004 0.228893
