7 0.21625 0.43655700000000003 0.21750000000000003 0.39929000000000003
7 0.30375 0.3797695 0.10875000000000001 0.225377
7 0.3353125 0.33984000000000003 0.03562500000000002 0.131322
7 0.454375 0.3717835 0.08749999999999997 0.212955
7 0.5193749999999999 0.38553649999999995 0.10124999999999995 0.26175699999999996
7 0.608125 0.45164150000000003 0.20499999999999996 0.29281300000000005
7 0.8612500000000001 0.5070985 0.275 0.607809
4 0.02375 0.2954745 0.0475 0.220053
4 0.0890625 0.302573 0.178125 0.063886
4 0.38875000000000004 0.342502 0.09500000000000003 0.15439200000000003
4 0.3878125 0.4685005 0.01937500000000003 0.06743500000000008
4 0.569375 0.3025735 0.06125000000000003 0.060336999999999974
4 0.728125 0.30523500000000003 0.16874999999999996 0.07275999999999999
4 0.7262500000000001 0.41215599999999997 0.04250000000000009 0.031056000000000028
4 0.7253125 0.5097605 0.018124999999999947 0.03460499999999994
4 0.7603125 0.4139305 0.018125000000000058 0.027507000000000004
4 0.9906250000000001 0.287045 0.01749999999999996 0.04347800000000002
