2 0.3025 0.888333 0.36250000000000004 0.20000000000000007
2 0.6996875 0.8816665 0.475625 0.23666699999999996
2 0.004375 0.7395835 0.00875 0.025832999999999995
2 0.2528125 0.74125 0.054375000000000034 0.03249999999999997
2 0.28375 0.7620834999999999 0.11375000000000002 0.08416699999999999
2 0.3046875 0.734583 0.02312499999999995 0.022499999999999964
2 0.416875 0.8083335 0.23249999999999998 0.208333
2 0.59625 0.7645835 0.07500000000000007 0.05916699999999997
2 0.845 0.8033335 0.19999999999999996 0.10833300000000001
2 0.8134375 0.7462500000000001 0.09562499999999996 0.03583400000000003
2 0.8971875 0.890417 0.20437499999999997 0.21750000000000003
2 0.0975 0.849583 0.195 0.24750000000000005
2 0.18156250000000002 0.7629165 0.12062500000000001 0.12083299999999997
2 0.5309375000000001 0.77 0.14437500000000003 0.10333400000000004
2 0.7034374999999999 0.7583329999999999 0.15937499999999993 0.06500000000000006
2 0.933125 0.7541665 0.13250000000000006 0.06666700000000003
2 0.96625 0.766667 0.06500000000000006 0.05499999999999994
