9 0.80125 0.455405 0.135 0.17387399999999997
9 0.083125 0.2072075 0.105 0.133333
9 0.2184375 0.456757 0.12937500000000002 0.16216200000000003
9 0.28031249999999996 0.24414400000000003 0.133125 0.14054000000000003
9 0.42781250000000004 0.4873875 0.11812499999999998 0.13513499999999995
9 0.49124999999999996 0.259009 0.14499999999999996 0.163064
9 0.5140625 0.6536035 0.12687500000000002 0.13063099999999994
9 0.6440625 0.4855855 0.12812500000000004 0.149549
9 0.725625 0.27027049999999997 0.14500000000000002 0.13333299999999998
9 0.749375 0.6387385 0.11499999999999999 0.12072100000000008
9 0.9043749999999999 0.636937 0.14875000000000005 0.14234199999999997
9 0.9171875 0.21396400000000002 0.140625 0.15765800000000002
