1 0.46875 0.5469045 0.8062499999999999 0.6829270000000001
2 0.47374999999999995 0.56379 0.83875 0.7035640000000001
1 0.5778125000000001 0.3325515 0.08187500000000003 0.040336999999999956
1 0.6603125 0.34521599999999997 0.12187499999999996 0.06941800000000004
2 0.045 0.49953099999999995 0.09 0.28424
2 0.5762499999999999 0.384146 0.06500000000000006 0.06847999999999999
2 0.6471875 0.400563 0.171875 0.06754199999999999
2 0.7521875 0.4179175 0.24312500000000004 0.10600299999999996
2 0.755 0.4333955 0.24124999999999996 0.14071299999999998
2 0.8003125 0.347561 0.16562500000000002 0.042213999999999974
2 0.78375 0.3306755 0.09625000000000006 0.03658499999999998
2 0.8400000000000001 0.3320825 0.06999999999999995 0.033770999999999995
2 0.919375 0.46294599999999997 0.16000000000000003 0.17354599999999998
2 0.8815625 0.31003749999999997 0.02312499999999995 0.02532899999999999
2 0.9540625 0.347561 0.09062500000000007 0.06847999999999999
2 0.9521875 0.2987805 0.038124999999999964 0.029081000000000023
2 0.9859375 0.29549749999999997 0.026874999999999982 0.015008999999999995
