4 0.06875 0.2530345 0.1375 0.506069
4 0.1640625 0.2731095 0.17562500000000003 0.546219
4 0.210625 0.198413 0.10250000000000004 0.10924400000000001
4 0.38875000000000004 0.2054155 0.09000000000000002 0.28758100000000003
4 0.420625 0.1960785 0.048750000000000016 0.14565899999999998
4 0.4665625 0.2236225 0.075625 0.11671299999999998
4 0.5059374999999999 0.1741365 0.07562499999999994 0.11671300000000001
4 0.5703125 0.164332 0.07062499999999994 0.08963600000000001
4 0.6640625 0.3930905 0.1768749999999999 0.36414499999999994
4 0.6490625 0.1643325 0.06937499999999996 0.07469699999999999
4 0.7340625000000001 0.14986 0.083125 0.12231600000000001
4 0.8475 0.276377 0.15625 0.280112
4 0.846875 0.4505135 0.14500000000000002 0.21755299999999994
4 0.8578125 0.12511699999999998 0.059374999999999956 0.102708
4 0.933125 0.446312 0.13250000000000006 0.23716199999999998
4 0.9 0.3291315 0.06125000000000003 0.13538699999999998
4 0.921875 0.2464985 0.06374999999999997 0.10084099999999999
4 0.9584375 0.2282915 0.06312499999999999 0.12231500000000001
4 0.97375 0.266573 0.050000000000000044 0.10737600000000003
8 0.48906249999999996 0.409897 0.09937499999999994 0.05789
8 0.48375 0.40476199999999996 0.08625 0.03267999999999999
