1 0.65 0.6354165 0.19687600000000005 0.229167
4 0.091406 0.23125 0.182812 0.4625
4 0.1554685 0.321875 0.229687 0.385416
4 0.28828149999999997 0.329167 0.23906299999999997 0.575
4 0.389063 0.505208 0.15000000000000002 0.24374999999999997
4 0.484375 0.5395835 0.125 0.20833300000000005
4 0.550781 0.590625 0.06718800000000003 0.13541599999999998
4 0.74375 0.580208 0.028124000000000038 0.09375
4 0.7749995 0.5645834999999999 0.046875 0.08333299999999999
4 0.8132815 0.5489585 0.042186999999999975 0.06041699999999994
4 0.8515625 0.542708 0.028124999999999956 0.06874999999999998
4 0.8953125 0.532292 0.03437499999999993 0.043749999999999956
4 0.932031 0.5249999999999999 0.042188 0.03749999999999998
4 0.9656255 0.5875 0.06562500000000004 0.13749999999999996
