11 0.469375 0.39249999999999996 0.46875 0.278334
4 0.5774999999999999 0.7270835 0.12 0.23083300000000007
4 0.65625 0.8374999999999999 0.1100000000000001 0.09666600000000003
4 0.73125 0.815 0.12249999999999994 0.24166600000000005
4 0.815625 0.8245834999999999 0.04874999999999996 0.12583299999999997
4 0.909375 0.7308334999999999 0.18000000000000005 0.261667
2 0.7378125 0.912083 0.011874999999999969 0.01749999999999996
2 0.749375 0.920417 0.013749999999999929 0.01749999999999996
2 0.7640625000000001 0.9245829999999999 0.020625000000000004 0.022500000000000075
2 0.7746875 0.92125 0.015625 0.019166000000000016
2 0.7825 0.9179165 0.0050000000000000044 0.015832999999999986
2 0.8278125000000001 0.9275 0.018125000000000058 0.03166599999999997
2 0.8534375000000001 0.9316665 0.04437499999999994 0.043332999999999955
2 0.9015625 0.9583335 0.11687499999999995 0.07666699999999993
2 0.9834375 0.9616665 0.03187499999999999 0.06833299999999998
