4 0.2209375 0.257505 0.405625 0.43621
8 0.4815625 0.521576 0.06687500000000002 0.08067600000000003
8 0.6203125 0.4169795 0.08562499999999995 0.053471000000000046
4 0.0396875 0.1791745 0.079375 0.358349
4 0.46499999999999997 0.370075 0.06875000000000003 0.134146
4 0.5496875 0.371482 0.0618749999999999 0.159474
4 0.5990625 0.225141 0.114375 0.17448400000000003
4 0.7334375 0.1899625 0.188125 0.379925
4 0.7265625 0.394465 0.07937499999999997 0.12664200000000003
4 0.845 0.2359285 0.15500000000000003 0.471857
4 0.9403125 0.238743 0.11812500000000004 0.477486
