11 0.0806755 0.101799 0.10506499999999999 0.203598
11 0.12445300000000001 0.2179065 0.100062 0.036794999999999994
11 0.17229499999999998 0.23098950000000001 0.078174 0.041701000000000016
11 0.224828 0.2420275 0.03314600000000001 0.060507000000000005
11 0.225766 0.2444805 0.028768000000000016 0.055600999999999984
11 0.269856 0.091578 0.04065000000000002 0.068684
11 0.267042 0.1479965 0.03251999999999999 0.02780100000000002
11 0.2861165 0.2444805 0.03189500000000001 0.137367
11 0.3126955 0.263287 0.021262999999999976 0.062142
11 0.9521580000000001 0.2816845 0.036897999999999986 0.09076100000000001
11 0.973421 0.26574 0.04690400000000006 0.06704799999999997
