1 0.39869299999999996 0.9321895 0.24509799999999998 0.12254900000000002
2 0.386438 0.9289215 0.23039200000000004 0.12254900000000002
4 0.031046 0.8267975 0.062092 0.068627
4 0.2132355 0.8709150000000001 0.17483699999999996 0.16013
4 0.3398695 0.8464054999999999 0.10457499999999997 0.10457499999999997
4 0.4117645 0.602124 0.094771 0.174836
4 0.495915 0.8496735 0.19771200000000005 0.16013100000000002
4 0.615196 0.620098 0.18790799999999996 0.14869199999999994
4 0.6568625 0.8415035 0.143791 0.10130699999999992
4 0.734477 0.889706 0.08987 0.15522799999999992
4 0.8545754999999999 0.8276145 0.150327 0.09313700000000003
4 0.9411765 0.8864375 0.11437900000000001 0.11928099999999997
2 0.10049 0.9240195 0.20098 0.14869299999999996
2 0.629902 0.9428105 0.18137199999999998 0.11111099999999996
2 0.859477 0.9616015 0.22549000000000008 0.07352899999999996
2 0.8929739999999999 0.976307 0.21078399999999997 0.04084999999999994
2 0.9297385 0.986111 0.13071900000000003 0.021241999999999983
