2 0.190625 0.77125 0.11624999999999999 0.10416599999999998
2 0.016875 0.75375 0.03375 0.029166000000000025
2 0.057499999999999996 0.7204165 0.06625 0.05916699999999997
2 0.23625000000000002 0.7083335 0.07499999999999998 0.05833300000000008
2 0.2584375 0.7324999999999999 0.071875 0.068334
2 0.30125 0.7033335000000001 0.07 0.05833300000000008
2 0.4265625 0.5529165 0.01937500000000003 0.02083299999999999
2 0.47406250000000005 0.5800000000000001 0.018125000000000002 0.01833399999999996
2 0.5453125 0.59375 0.015625 0.019166000000000016
2 0.5721875000000001 0.6095835000000001 0.020625000000000004 0.025833000000000106
2 0.6484375 0.609583 0.018124999999999947 0.022499999999999964
2 0.836875 0.714167 0.07500000000000007 0.050000000000000044
2 0.9275 0.7462500000000001 0.10125000000000006 0.06916599999999995
2 0.9821875 0.7391665000000001 0.034375000000000044 0.06166700000000003
