1 0.3021875 0.4529165 0.17312499999999997 0.24083299999999996
2 0.055625 0.5416665 0.11 0.093333
2 0.1225 0.52875 0.0775 0.08083399999999996
2 0.165625 0.5204165000000001 0.05499999999999999 0.07083300000000003
2 0.2134375 0.51625 0.06437500000000002 0.0625
2 0.45625 0.5175 0.06374999999999997 0.09166599999999997
2 0.48343749999999996 0.5275000000000001 0.09687499999999999 0.10833400000000004
2 0.5140625 0.4983335 0.05812499999999998 0.05666700000000002
2 0.5215625 0.48750000000000004 0.049375 0.051666000000000045
2 0.536875 0.478333 0.04625000000000001 0.05499999999999999
2 0.5821875 0.5475 0.10812500000000003 0.2750000000000001
2 0.7884374999999999 0.5758335 0.406875 0.513333
