0 0.26968749999999997 0.7202435 0.394375 0.48828499999999997
4 0.5096875 0.4086225 0.838125 0.817245
4 0.9090625 0.396907 0.18062500000000004 0.793814
2 0.7109375 0.8130269999999999 0.5531250000000001 0.18275600000000003
2 0.5153125000000001 0.811153 0.13187500000000002 0.17713200000000007
2 0.6131249999999999 0.820525 0.08999999999999997 0.11527600000000005
2 0.6684375 0.808341 0.07687500000000003 0.105904
2 0.713125 0.8083415 0.05125000000000002 0.09090900000000002
2 0.7849999999999999 0.8289599999999999 0.09999999999999998 0.12277400000000005
2 0.849375 0.8172445 0.040000000000000036 0.08434900000000001
2 0.8859375 0.839269 0.02562500000000001 0.0403
2 0.9428125 0.8219305 0.073125 0.08622299999999994
