11 0.14968749999999997 0.0102995 0.014374999999999999 0.020599
11 0.5896874999999999 0.0365165 0.013124999999999942 0.031835
2 0.016875 0.082865 0.03375 0.044008000000000005
2 0.0515625 0.263577 0.103125 0.191948
2 0.0703125 0.074906 0.034374999999999996 0.028090000000000004
2 0.1209375 0.07397000000000001 0.033125000000000016 0.026218000000000005
2 0.3971875 0.07818349999999999 0.10437500000000005 0.034644999999999995
2 0.5059375 0.071161 0.026875000000000038 0.024344000000000005
2 0.53625 0.081929 0.04125000000000001 0.03464400000000001
2 0.5853125 0.09878300000000001 0.08062499999999995 0.057116000000000014
2 0.8259375 0.5046815 0.34687500000000004 0.6273409999999999
2 0.76875 0.10486899999999999 0.12374999999999992 0.05805199999999999
2 0.8821875 0.07818349999999999 0.08937499999999998 0.034644999999999995
