0 0.7903125 0.45065449999999996 0.41812499999999997 0.20443099999999997
2 0.0365625 0.9572005 0.073125 0.08358500000000002
2 0.108125 0.719033 0.21625 0.328298
2 0.2553125 0.523162 0.06937499999999999 0.07149999999999995
2 0.299375 0.493454 0.008750000000000036 0.012083999999999984
2 0.385 0.49597199999999997 0.15375 0.05136000000000002
2 0.3909375 0.4909365 0.01937500000000003 0.027190999999999965
2 0.4153125 0.4939575 0.02437499999999998 0.029205000000000036
2 0.4459375 0.4969785 0.044375 0.03927499999999995
2 0.500625 0.5080565 0.04750000000000004 0.04934500000000003
2 0.55125 0.49295049999999996 0.03875000000000006 0.03726099999999993
2 0.7121875 0.5765359999999999 0.250625 0.18026200000000003
