4 0.2759375 0.380639 0.339375 0.761278
11 0.4896875 0.3970865 0.08562499999999995 0.158835
11 0.49031250000000004 0.524436 0.06937500000000002 0.07330799999999998
4 0.04625 0.408365 0.0925 0.24906
4 0.1725 0.382519 0.09375 0.21616599999999997
4 0.46781249999999996 0.3477445 0.18937500000000002 0.528195
4 0.6225 0.32471799999999995 0.15499999999999992 0.35808199999999996
4 0.7396875 0.4102445 0.06937500000000008 0.202067
4 0.813125 0.411184 0.10624999999999996 0.288534
4 0.9553125 0.4854325 0.08812500000000001 0.217105
