1 0.346875 0.8097885 0.09750000000000003 0.11790900000000004
11 0.4084375 0.7658510000000001 0.01937500000000003 0.021134000000000097
11 0.7609375 0.7163515 0.078125 0.08231299999999997
4 0.05625 0.36818700000000004 0.1075 0.731924
4 0.15812500000000002 0.728031 0.1475 0.16128999999999993
4 0.3553125 0.5689655 0.23937499999999998 0.426029
4 0.6378125 0.6929924999999999 0.12812500000000004 0.209121
4 0.873125 0.5244715 0.25 0.497219
1 0.5359375 0.807564 0.046875 0.09121199999999996
2 0.3490625 0.804783 0.09187500000000004 0.13904399999999995
2 0.454375 0.80089 0.03999999999999998 0.06451600000000002
2 0.5028125 0.7992215 0.02562500000000001 0.054505000000000026
2 0.5349999999999999 0.807564 0.04625000000000001 0.07786400000000004
