0 0.49906249999999996 0.5280290000000001 0.28562499999999996 0.457504
2 0.14875 0.5944845 0.21875 0.241411
2 0.26468749999999996 0.5791139999999999 0.07687499999999997 0.10397800000000001
2 0.2815625 0.5723325 0.06562500000000002 0.08499100000000004
2 0.3121875 0.544304 0.03187499999999999 0.05605799999999994
2 0.6634375 0.5800179999999999 0.07687500000000003 0.10397800000000001
2 0.6334375 0.546564 0.014375000000000027 0.03707000000000005
2 0.7262500000000001 0.5818265 0.06874999999999998 0.10940300000000003
2 0.7525 0.5890599999999999 0.04749999999999999 0.12387000000000004
2 0.8378125000000001 0.6112115 0.19437500000000008 0.21338100000000004
