11 0.134698 0.7084375 0.040948 0.05437499999999995
11 0.4601295 0.5096875000000001 0.377155 0.06187500000000001
11 0.46497849999999996 0.4684375 0.37392299999999995 0.04812499999999997
11 0.4622845 0.22343749999999998 0.16163699999999998 0.11812499999999998
11 0.469289 0.2559375 0.17133600000000004 0.12812500000000002
11 0.46767250000000005 0.5921875000000001 0.129311 0.12687499999999996
11 0.47090550000000003 0.41312499999999996 0.12715500000000002 0.08000000000000002
11 0.47683149999999996 0.6896875 0.13254300000000002 0.06687500000000002
11 0.463362 0.3359375 0.0625 0.12687499999999996
4 0.2128235 0.6156250000000001 0.341595 0.19125000000000003
4 0.755388 0.48906249999999996 0.4418099999999999 0.430625
