2 0.1634375 0.7229165 0.158125 0.13583299999999998
0 0.584375 0.6775 0.39125000000000004 0.473334
2 0.1225 0.6345835 0.08 0.06416699999999997
2 0.318125 0.63375 0.06874999999999998 0.0625
2 0.81 0.5175000000000001 0.0837500000000001 0.036665999999999976
2 0.7809375 0.5654165 0.015625 0.029166999999999943
2 0.7971874999999999 0.5604165 0.021874999999999978 0.029166999999999943
2 0.806875 0.6008335 0.03875000000000006 0.05166700000000002
2 0.8009375 0.53625 0.016874999999999973 0.009166000000000007
2 0.8028124999999999 0.55125 0.020625000000000004 0.02416600000000002
2 0.83 0.5845835 0.03125 0.04583300000000001
2 0.8421875 0.5370835 0.016874999999999973 0.01416699999999993
2 0.8456250000000001 0.5249999999999999 0.01749999999999996 0.01666599999999996
2 0.8484375 0.575 0.020625000000000004 0.03166600000000008
2 0.8503125 0.5483335 0.021874999999999978 0.018333000000000044
2 0.865625 0.5595829999999999 0.030000000000000027 0.02749999999999997
