1 0.3621875 0.4692465 0.34312499999999996 0.484127
2 0.0428125 0.313988 0.06937499999999999 0.05853200000000003
2 0.175 0.286706 0.05875 0.06547599999999998
2 0.28625 0.23065449999999998 0.036250000000000004 0.042658999999999975
2 0.3921875 0.2093255 0.03937499999999999 0.04960300000000001
2 0.42593749999999997 0.20684550000000002 0.023125000000000007 0.04067499999999999
2 0.4978125 0.1929565 0.03562500000000002 0.048611000000000015
2 0.56875 0.29464250000000003 0.05499999999999994 0.04960300000000001
2 0.5565625 0.1483135 0.015625 0.02480099999999999
2 0.5759375 0.146329 0.015625 0.03273800000000002
2 0.5996874999999999 0.15625 0.024374999999999925 0.02480199999999999
2 0.6059375 0.128968 0.020625000000000004 0.023809999999999998
2 0.6059375 0.1299605 0.01937500000000003 0.011905000000000013
2 0.6637500000000001 0.11656749999999999 0.018749999999999933 0.01884899999999999
2 0.6912499999999999 0.109623 0.015000000000000013 0.016865999999999992
2 0.748125 0.0972225 0.011249999999999982 0.015872999999999998
2 0.7693749999999999 0.0843255 0.003750000000000031 0.007937
2 0.823125 0.0699405 0.09125000000000005 0.044642999999999995
2 0.8903125000000001 0.05357100000000001 0.03562499999999991 0.031746
