3 0.8603125 0.2352285 0.271875 0.45930899999999997
4 0.3071875 0.07079150000000001 0.09187500000000004 0.121517
4 0.47906249999999995 0.164437 0.169375 0.32664400000000005
4 0.529375 0.162765 0.05125000000000002 0.32553
4 0.521875 0.220736 0.012499999999999956 0.026756000000000002
4 0.6640625 0.251951 0.2906249999999999 0.503902
4 0.76 0.153846 0.47875 0.307692
4 0.5409375 0.23634349999999998 0.015625 0.06911900000000001
4 0.6018749999999999 0.1934225 0.05999999999999994 0.386845
3 0.605625 0.250836 0.10375000000000001 0.16276400000000002
