6 0.5815625 0.5929169999999999 0.11062499999999997 0.09750000000000003
6 0.4609375 0.41208350000000005 0.015625 0.029167
6 0.6428125 0.3941665 0.018124999999999947 0.016667000000000043
6 0.6853125 0.407917 0.015625 0.017500000000000016
6 0.7203125 0.59 0.04437500000000005 0.043333999999999984
6 0.745 0.438333 0.03125 0.03999999999999998
6 0.7965625000000001 0.4341665 0.03312499999999996 0.05833299999999997
6 0.8553125 0.5020830000000001 0.04562500000000003 0.07750000000000001
6 0.9071875 0.5175 0.05812499999999998 0.10499999999999993
6 0.9571875000000001 0.44666649999999997 0.021874999999999978 0.04666699999999996
6 0.9871875 0.429583 0.024375000000000036 0.057499999999999996
6 0.9921875 0.5545834999999999 0.014375000000000027 0.04083300000000001
