1 0.46875 0.4948495 0.655 0.5038630000000001
4 0.09218749999999999 0.538627 0.129375 0.05579400000000001
4 0.0540625 0.5403435000000001 0.015625 0.03175899999999998
4 0.89625 0.425322 0.20625000000000004 0.17768200000000006
4 0.8409375 0.5652365 0.030624999999999902 0.08154499999999998
4 0.8715625 0.560944 0.06687500000000002 0.09699600000000008
4 0.8971875 0.52618 0.05687500000000001 0.07382
4 0.9459375 0.5287554999999999 0.06437500000000007 0.15278899999999995
4 0.9796875 0.539056 0.03937500000000005 0.14764
1 0.751875 0.502575 0.16625 0.40085799999999994
2 0.014375 0.587983 0.013750000000000002 0.015449999999999964
