4 0.4615625 0.132173 0.070625 0.264346
4 0.5921875 0.042333 0.026874999999999982 0.084666
4 0.7303125 0.0954845 0.07687500000000003 0.190969
4 0.9628125000000001 0.1683915 0.073125 0.336783
8 0.131875 0.1237065 0.0050000000000000044 0.004702999999999999
8 0.20124999999999998 0.565381 0.024999999999999994 0.03386599999999995
8 0.2034375 0.2050795 0.006874999999999992 0.0037630000000000163
8 0.3140625 0.855127 0.104375 0.11853199999999997
8 0.3153125 0.1048915 0.009375000000000022 0.0065850000000000075
8 0.3484375 0.130762 0.010624999999999996 0.00564400000000001
8 0.3828125 0.712606 0.03937500000000005 0.044213999999999976
8 0.735625 0.1839135 0.006249999999999978 0.0065850000000000075
8 0.948125 0.21825050000000001 0.028750000000000053 0.02445899999999998
