8 0.1884375 0.29240849999999996 0.128125 0.06747900000000001
8 0.47843749999999996 0.1813495 0.116875 0.06279299999999999
8 0.73 0.202437 0.10250000000000004 0.08247399999999999
8 0.8103125 0.42783550000000004 0.03687499999999999 0.02717900000000001
8 0.8146875 0.2089975 0.04062499999999991 0.022492999999999985
8 0.8178125 0.371603 0.024374999999999925 0.02155600000000002
8 0.8203125 0.2417995 0.02937499999999993 0.022492999999999985
8 0.825625 0.26851 0.032500000000000084 0.019682000000000033
8 0.8215625 0.3388005 0.016874999999999973 0.025305000000000022
8 0.8334375 0.300375 0.016875000000000084 0.02155600000000002
8 0.8512500000000001 0.4597005 0.03749999999999998 0.017807000000000017
8 0.853125 0.4320525 0.04125000000000001 0.02624099999999996
8 0.85375 0.3955015 0.04249999999999998 0.022492999999999985
8 0.8556250000000001 0.36363650000000003 0.04625000000000001 0.024366999999999972
8 0.85375 0.3341145 0.040000000000000036 0.02717900000000001
8 0.85625 0.20806 0.03749999999999998 0.024368
8 0.856875 0.26851 0.03874999999999995 0.03092800000000001
8 0.858125 0.2455485 0.04125000000000001 0.02999099999999999
8 0.8584375 0.3022495 0.030625000000000013 0.025305000000000022
8 0.8909374999999999 0.4522025 0.03937500000000005 0.029052999999999995
8 0.8953125 0.309747 0.038125000000000075 0.025303999999999993
8 0.903125 0.492502 0.04375000000000007 0.021555999999999964
8 0.8978124999999999 0.247423 0.030625000000000013 0.026241999999999988
8 0.8996875 0.223524 0.03187499999999999 0.025303999999999993
8 0.904375 0.336926 0.04125000000000001 0.029054000000000024
8 0.905 0.3908155 0.040000000000000036 0.020619
8 0.90875 0.4194 0.03749999999999998 0.029054000000000024
8 0.9153125 0.6279285 0.01937500000000003 0.022493000000000096
8 0.9140625 0.5346765 0.014375000000000027 0.02530499999999991
8 0.9171875 0.573102 0.015625 0.025303999999999993
8 0.951875 0.3973755 0.036250000000000004 0.01499499999999998
