6 0.6980470000000001 0.821354 0.21171799999999996 0.19895799999999997
4 0.7523435 0.21927049999999998 0.464063 0.390625
6 0.2183595 0.4489585 0.025781 0.016666999999999987
6 0.2636715 0.4203125 0.017969000000000013 0.009374999999999967
6 0.3371095 0.3927085 0.011719000000000035 0.033333
6 0.372656 0.39166650000000003 0.014062000000000019 0.035416999999999976
6 0.491016 0.8682295 0.178906 0.20937499999999998
6 0.7523435 0.386979 0.015625 0.02604200000000001
6 0.9453125 0.40885400000000005 0.02968700000000002 0.017708
4 0.274609 0.3682295 0.08984400000000001 0.05312499999999998
4 0.410547 0.357292 0.035155999999999965 0.0625
