1 0.3296875 0.5387500000000001 0.194375 0.17916600000000005
2 0.51875 0.5787500000000001 0.10749999999999998 0.120834
1 0.0321875 0.5520835 0.045625 0.07416699999999998
1 0.1375 0.5233335 0.1525 0.30833299999999997
2 0.008125 0.549167 0.01625 0.010000000000000009
2 0.0578125 0.5495835 0.013125000000000005 0.0208330000000001
2 0.2115625 0.5520835 0.02312499999999998 0.025832999999999995
2 0.21968749999999998 0.5554165 0.024375000000000008 0.025832999999999995
2 0.250625 0.5554165 0.04249999999999998 0.03916699999999995
2 0.8534375000000001 0.5991664999999999 0.24812500000000004 0.11666699999999997
