0 0.909375 0.287194 0.16000000000000003 0.08286199999999999
4 0.03875 0.0828625 0.0775 0.165725
4 0.0375 0.1770245 0.03125 0.10357899999999998
4 0.063125 0.207156 0.06375 0.094162
4 0.1253125 0.1195855 0.124375 0.239171
4 0.24656250000000002 0.15113 0.141875 0.198682
4 0.36687499999999995 0.1106405 0.195 0.221281
4 0.3834375 0.38559299999999996 0.12937500000000002 0.189266
4 0.5700000000000001 0.789548 0.32500000000000007 0.41901999999999995
4 0.5078125 0.4665725 0.13187499999999996 0.13465099999999997
4 0.47750000000000004 0.390301 0.04375000000000001 0.059321999999999986
4 0.73625 0.1252355 0.31125 0.250471
4 0.6709375 0.6501885000000001 0.13312500000000005 0.1892649999999999
4 0.70625 0.43079100000000004 0.15499999999999992 0.20244800000000002
4 0.8671875 0.4510355 0.1968749999999999 0.23540499999999998
4 0.9456249999999999 0.1021655 0.10750000000000004 0.204331
4 0.9590624999999999 0.158663 0.08062500000000006 0.132768
