1 0.86875 0.49654000000000004 0.24249999999999994 0.36332200000000003
4 0.20875 0.2543255 0.4175 0.508651
4 0.455625 0.58218 0.053749999999999964 0.09342600000000001
4 0.528125 0.526384 0.029999999999999916 0.025086000000000053
1 0.5121875 0.594723 0.06187499999999996 0.11851199999999995
1 0.540625 0.612457 0.09749999999999998 0.13667799999999997
1 0.619375 0.6141865 0.04749999999999999 0.07958500000000002
1 0.674375 0.6167819999999999 0.06500000000000006 0.081314
2 0.5884375 0.6206745 0.016875000000000084 0.030277
2 0.6334375 0.625865 0.026874999999999982 0.0441180000000001
2 0.67625 0.6180795 0.06125000000000003 0.07525899999999996
2 0.733125 0.625865 0.06625000000000003 0.08736999999999995
