8 0.076875 0.17050500000000002 0.06875 0.07705999999999999
8 0.09 0.578388 0.06625 0.06908800000000004
8 0.1378125 0.25775 0.085625 0.06908800000000001
8 0.15375 0.669619 0.0825 0.06908800000000004
8 0.193125 0.4441985 0.04874999999999999 0.15500499999999995
8 0.20625 0.8569530000000001 0.06125 0.16386200000000006
8 0.3059375 0.159433 0.06687499999999996 0.079716
8 0.31875 0.5704165 0.057499999999999996 0.070859
8 0.37124999999999997 0.24889250000000002 0.07875000000000004 0.06554499999999999
8 0.383125 0.6567755 0.07874999999999999 0.05048700000000006
8 0.4284375 0.432241 0.05937500000000001 0.15589000000000003
8 0.434375 0.8476525 0.057499999999999996 0.152347
8 0.538125 0.145261 0.07125000000000004 0.07440200000000001
8 0.5434375 0.5562445 0.06062499999999993 0.06908700000000001
8 0.5965625 0.2302925 0.08062499999999995 0.072631
8 0.6103125 0.642604 0.08437499999999998 0.05934399999999995
8 0.65375 0.421169 0.06625000000000003 0.15677599999999997
8 0.6637500000000001 0.8286095 0.05625000000000002 0.1603190000000001
8 0.7646875 0.1275465 0.07187500000000002 0.076173
8 0.7753125000000001 0.5465015 0.06187500000000001 0.072631
8 0.8278125000000001 0.213463 0.08562499999999995 0.07617399999999999
8 0.8425 0.6324179999999999 0.07750000000000001 0.062002
8 0.8859375 0.408769 0.06437499999999996 0.15500400000000003
8 0.894375 0.8206374999999999 0.05249999999999999 0.16563300000000003
