4 0.7453125 0.4788135 0.3506250000000001 0.29284299999999996
1 0.36 0.8874765 0.2 0.1986810000000001
2 0.5387500000000001 0.8775895 0.18125000000000002 0.20527300000000004
4 0.1746875 0.5371935 0.349375 0.492467
4 0.9378124999999999 0.536723 0.12312500000000004 0.23352199999999995
1 0.09812499999999999 0.846516 0.15375 0.17137400000000003
2 0.0475 0.8338045000000001 0.095 0.13088500000000003
2 0.101875 0.8455745 0.1725 0.16949100000000006
2 0.22218749999999998 0.855461 0.18312499999999998 0.19303199999999998
2 0.3646875 0.8804145000000001 0.18312499999999998 0.21657300000000002
