4 0.540972 0.24531250000000002 0.4375 0.282291
8 0.625 0.5171875 0.16944399999999993 0.046875
4 0.0541665 0.3203125 0.108333 0.14895899999999998
4 0.056944499999999995 0.2322915 0.038889 0.064583
4 0.1548615 0.369792 0.076389 0.0625
4 0.1354165 0.239583 0.031945 0.03125
4 0.181944 0.251042 0.04999999999999999 0.03749999999999998
4 0.24027749999999998 0.365625 0.08333299999999996 0.0625
4 0.3631945 0.28437500000000004 0.234723 0.10208400000000001
4 0.45486150000000003 0.36406249999999996 0.048611000000000015 0.05520900000000001
4 0.73125 0.316146 0.07361200000000001 0.06770799999999999
4 0.8506945 0.3609375 0.23472300000000001 0.06770899999999996
4 0.8048615 0.2916665 0.07361100000000009 0.09166700000000003
4 0.8708335 0.278125 0.088889 0.095834
4 0.9375 0.268229 0.08888800000000008 0.17395800000000003
4 0.9798610000000001 0.34010399999999996 0.03749999999999998 0.05520799999999998
