11 0.45625000000000004 0.23974900000000002 0.19 0.275314
11 0.4709375 0.46569 0.19687499999999997 0.14476999999999995
4 0.0775 0.461088 0.155 0.19246799999999997
4 0.1490625 0.5506275 0.029375000000000012 0.04351500000000008
4 0.1809375 0.5569040000000001 0.02562500000000001 0.030962000000000045
4 0.26749999999999996 0.5552305 0.03999999999999998 0.03765699999999994
4 0.33562499999999995 0.55523 0.04999999999999999 0.03431000000000006
4 0.40718750000000004 0.5569040000000001 0.07687499999999997 0.04100399999999993
4 0.47468750000000004 0.5577405 0.019374999999999976 0.019247000000000014
4 0.510625 0.5569035 0.013749999999999929 0.027614999999999945
4 0.5665625000000001 0.5464435 0.018125000000000058 0.016737000000000002
4 0.72875 0.5644355 0.12375000000000003 0.04602499999999998
4 0.8065625 0.574477 0.014375000000000027 0.02928799999999998
4 0.884375 0.5677825000000001 0.09499999999999997 0.042676999999999965
4 0.96875 0.5677825000000001 0.06125000000000003 0.03598299999999999
