8 0.3499995 0.0937495 0.265625 0.146875
8 0.5484374999999999 0.161719 0.14687499999999998 0.15156199999999997
4 0.086719 0.664062 0.173438 0.1875
4 0.11875 0.045312 0.07812600000000001 0.05
4 0.21718749999999998 0.059375500000000005 0.06875099999999998 0.034375
4 0.43437499999999996 0.736719 0.11249999999999999 0.11093799999999998
4 0.6421875 0.7234375 0.09062499999999996 0.07187500000000002
4 0.785938 0.7289065 0.19999999999999996 0.08593699999999993
4 0.861719 0.09375 0.27343800000000007 0.07500000000000001
4 0.9078124999999999 0.0609375 0.05312499999999998 0.043751
