4 0.895 0.6214820000000001 0.16999999999999993 0.39118200000000003
1 0.60625 0.870075 0.29124999999999995 0.158536
2 0.3146875 0.8855535 0.23312500000000003 0.14446500000000007
4 0.2009375 0.768762 0.05437500000000001 0.10788000000000009
4 0.24906250000000002 0.760788 0.05812500000000001 0.16135
4 0.4009375 0.558161 0.33562499999999995 0.609756
4 0.295625 0.7415575000000001 0.048750000000000016 0.16228900000000002
4 0.34624999999999995 0.738274 0.065 0.07879999999999998
4 0.339375 0.7973735 0.04375000000000001 0.05065700000000006
4 0.378125 0.7579735000000001 0.05249999999999999 0.14446499999999995
4 0.471875 0.7293620000000001 0.10124999999999995 0.197936
4 0.594375 0.7298309999999999 0.10250000000000004 0.09193200000000001
4 0.698125 0.7570355 0.1100000000000001 0.15759900000000004
4 0.9640625 0.6149155 0.07062500000000005 0.430581
2 0.4996875 0.8958725000000001 0.999375 0.20637899999999998
