0 0.34625 0.3820835 0.6925 0.36083299999999996
2 0.0346875 0.0458335 0.069375 0.038333000000000006
2 0.22875 0.555833 0.37625 0.24
2 0.671875 0.585 0.38625 0.21500000000000002
2 0.57875 0.0225 0.11499999999999999 0.036666000000000004
2 0.6253124999999999 0.390833 0.17312500000000008 0.09499999999999997
2 0.68375 0.0170835 0.07125000000000004 0.029167000000000002
2 0.87 0.39166650000000003 0.25875000000000004 0.15166700000000005
2 0.806875 0.0091665 0.08000000000000007 0.018333
2 0.881875 0.0108335 0.04375000000000007 0.021667
