9 0.124183 0.846405 0.218954 0.25817
9 0.123366 0.508987 0.246732 0.24999999999999994
9 0.119281 0.1805555 0.232026 0.269607
9 0.36928099999999997 0.1870915 0.22875799999999996 0.243465
9 0.371732 0.8570260000000001 0.23365999999999998 0.21732000000000007
9 0.372549 0.49673200000000006 0.22875800000000002 0.27124200000000004
9 0.616013 0.5302290000000001 0.22875800000000002 0.20424800000000004
9 0.618464 0.196895 0.23365999999999998 0.25
9 0.8545750000000001 0.533497 0.24836599999999998 0.26634
9 0.871732 0.19035950000000001 0.227124 0.325163
9 0.8848039999999999 0.8676470000000001 0.227124 0.2418300000000001
10 0.120915 0.180556 0.238562 0.26634
10 0.123366 0.505719 0.243464 0.26634
10 0.369281 0.1911765 0.24183000000000002 0.23856300000000003
10 0.36601300000000003 0.49509800000000004 0.22875799999999996 0.284314
10 0.625 0.191176 0.259804 0.248366
10 0.85866 0.527778 0.24019599999999997 0.25816999999999996
10 0.870915 0.1887255 0.2483660000000001 0.325163
10 0.879902 0.8684639999999999 0.23692800000000003 0.243464
