1 0.35250000000000004 0.721572 0.15999999999999998 0.19565199999999994
1 0.0940625 0.6613715 0.031875 0.035117000000000065
1 0.6803125000000001 0.692308 0.135625 0.14046800000000004
1 0.9325 0.7031775 0.13375000000000004 0.202341
2 0.064375 0.6881269999999999 0.05625 0.08862800000000004
2 0.0940625 0.664716 0.033125 0.06856200000000001
2 0.171875 0.7817725 0.14375 0.192307
2 0.140625 0.6697325000000001 0.0625 0.09197299999999997
2 0.19187500000000002 0.664716 0.04000000000000001 0.06856200000000001
2 0.2290625 0.712375 0.07562499999999997 0.09699000000000002
2 0.2725 0.7023415 0.05250000000000002 0.10367899999999997
2 0.310625 0.6613715 0.04625000000000001 0.048494999999999955
2 0.36375 0.7483275 0.14750000000000002 0.202341
2 0.371875 0.659699 0.06625000000000003 0.065218
2 0.47250000000000003 0.6923079999999999 0.08375000000000005 0.09699000000000002
2 0.48531250000000004 0.6563545 0.06812500000000005 0.06521699999999997
2 0.5840624999999999 0.7257525 0.12437500000000001 0.150501
2 0.620625 0.674749 0.06125000000000003 0.04180600000000001
2 0.6965625 0.685619 0.12687499999999996 0.15050200000000002
2 0.7525 0.6563545 0.04874999999999996 0.05852899999999994
2 0.815 0.681438 0.1050000000000001 0.10200600000000004
2 0.9303125 0.7073579999999999 0.13812500000000005 0.23745800000000006
