6 0.1759375 0.5262175 0.140625 0.211611
4 0.0584375 0.2823035 0.116875 0.347379
4 0.4996875 0.226592 0.999375 0.453184
4 0.0825 0.070693 0.0925 0.141386
4 0.21812499999999999 0.14794000000000002 0.2 0.282772
4 0.3534375 0.1100185 0.18312499999999998 0.220037
4 0.406875 0.2911985 0.20124999999999993 0.303371
4 0.5178125 0.116573 0.140625 0.233146
4 0.6328125 0.139045 0.1343749999999999 0.11516799999999999
4 0.9196875 0.2911985 0.073125 0.149813
4 0.9771875000000001 0.2832395 0.041874999999999996 0.103933
