4 0.4134945 0.1178385 0.08304499999999998 0.10546900000000001
8 0.46929050000000005 0.4010415 0.17214500000000005 0.08854099999999998
4 0.194204 0.499349 0.388408 0.998698
4 0.302768 0.122396 0.129758 0.244792
4 0.5333045000000001 0.481771 0.038927000000000045 0.13281200000000004
4 0.6146195000000001 0.37109349999999997 0.12716300000000003 0.16406300000000001
4 0.805363 0.2415365 0.202422 0.464843
4 0.8953285 0.2317705 0.11072700000000002 0.427083
4 0.9394465000000001 0.25065149999999997 0.11937699999999996 0.32942699999999997
4 0.965398 0.066406 0.06747400000000003 0.132812
8 0.6327855 0.5683595 0.1254329999999999 0.14453100000000002
