8 0.109375 0.30018750000000005 0.03249999999999999 0.013133000000000006
8 0.1940625 0.35975599999999996 0.080625 0.047841999999999996
8 0.3065625 0.32879899999999995 0.083125 0.047841999999999996
8 0.47 0.3081615 0.06374999999999997 0.036585000000000034
8 0.604375 0.3850845 0.05125000000000002 0.025329000000000046
8 0.60875 0.3846155 0.05249999999999999 0.01313299999999995
8 0.675 0.336773 0.03874999999999995 0.028142
8 0.676875 0.337711 0.03750000000000009 0.015010000000000023
8 0.8240624999999999 0.4620075 0.021874999999999978 0.02532899999999999
8 0.9165625 0.4404315 0.02937500000000004 0.021574999999999955
8 0.9184375 0.4394935 0.02562500000000001 0.012195000000000011
