6 0.10125 0.98 0.2025 0.03833399999999998
6 0.04625 0.5025 0.04125000000000001 0.058334
6 0.3353125 0.9120835 0.21937500000000001 0.17416700000000007
6 0.5484375 0.9283335 0.22187500000000004 0.141667
6 0.5078125 0.4075 0.055625000000000036 0.10166599999999998
6 0.58125 0.1370835 0.06999999999999995 0.070833
6 0.6215625 0.106667 0.014375000000000027 0.07499999999999998
6 0.655 0.11791650000000001 0.04749999999999999 0.03916700000000001
6 0.7203125 0.1104165 0.05437500000000006 0.030833
6 0.825625 0.945417 0.23624999999999996 0.10750000000000004
