2 0.075 0.65875 0.10874999999999999 0.11083399999999999
0 0.23531249999999998 0.5879165 0.08687500000000001 0.145833
0 0.2884375 0.5933335 0.026874999999999982 0.098333
0 0.534375 0.515 0.475 0.7333339999999999
0 0.8825000000000001 0.59375 0.23375 0.1825000000000001
0 0.9775 0.5620835 0.04375000000000007 0.24583300000000008
2 0.0159375 0.637917 0.031875 0.04249999999999998
2 0.0184375 0.73875 0.036875 0.1825
2 0.0421875 0.6266670000000001 0.030625000000000003 0.03500000000000003
2 0.135 0.6308335 0.03875000000000001 0.053332999999999964
