4 0.3803125 0.3333335 0.760625 0.666667
4 0.2315625 0.6716664999999999 0.125625 0.2033330000000001
4 0.6065625 0.49041650000000003 0.40687500000000004 0.38083300000000003
4 0.7928125 0.2679165 0.41312499999999996 0.535833
1 0.565625 0.7233335000000001 0.13374999999999992 0.12333300000000003
2 0.158125 0.74625 0.03125 0.07250000000000001
2 0.2340625 0.7195834999999999 0.019375000000000003 0.030833
2 0.27156250000000004 0.7008335000000001 0.02437499999999998 0.031667
2 0.3678125 0.7054165 0.020625000000000004 0.025832999999999995
2 0.39437500000000003 0.7166669999999999 0.044999999999999984 0.04999999999999993
2 0.4265625 0.7224999999999999 0.05812499999999998 0.058334
2 0.484375 0.7262500000000001 0.07875000000000004 0.07583400000000007
