4 0.070625 0.27791699999999997 0.14125 0.3725
4 0.2671875 0.3158335 0.255625 0.47666699999999995
4 0.44843750000000004 0.33499999999999996 0.12312499999999998 0.46666599999999997
4 0.7784375 0.1929165 0.441875 0.385833
4 0.6209374999999999 0.4366665 0.12437500000000001 0.311667
4 0.7353125 0.495 0.125625 0.22500000000000003
4 0.8887499999999999 0.47250000000000003 0.15125 0.20166599999999996
8 0.2496875 0.9354165 0.11812500000000004 0.05916699999999997
2 0.129375 0.7616665 0.25875 0.24833300000000003
2 0.4603125 0.6583330000000001 0.18562499999999998 0.15499999999999992
2 0.621875 0.6441665 0.12625000000000008 0.10833300000000001
