1 0.156753 0.23095700000000002 0.25898400000000005 0.13379
1 0.2608425 0.3891605 0.288723 0.196289
1 0.39715 0.171875 0.26641800000000004 0.13867200000000002
1 0.5266419999999999 0.3598635 0.446096 0.22753900000000002
1 0.506815 0.5288085 0.361834 0.19042900000000001
1 0.6672859999999999 0.7949215000000001 0.635688 0.408203
1 0.6598515 0.671387 0.615861 0.510742
1 0.5650555 0.184082 0.22800500000000007 0.243164
1 0.700124 0.23144549999999997 0.24783199999999994 0.185547
1 0.8587359999999999 0.282715 0.28005 0.217774
3 0.1493185 0.23632799999999998 0.246593 0.12499999999999997
3 0.683395 0.354004 0.35068200000000005 0.15918
