1 0.18156250000000002 0.705589 0.22812500000000002 0.12973999999999997
2 0.0503125 0.9296405 0.100625 0.13872299999999993
2 0.0715625 0.8507985 0.143125 0.276447
2 0.38749999999999996 0.684631 0.013749999999999984 0.005987999999999993
2 0.4390625 0.686627 0.03687499999999999 0.04391199999999995
2 0.46781249999999996 0.689122 0.026875000000000038 0.028942000000000023
2 0.6834375 0.67016 0.07937499999999997 0.04091800000000001
2 0.8296875 0.684132 0.181875 0.12275400000000003
2 0.9234375 0.8243514999999999 0.15187499999999998 0.349301
2 0.9575 0.67515 0.008750000000000036 0.024950000000000028
