4 0.031875 0.6675 0.06375 0.061666
4 0.22625 0.6858335 0.3275 0.07833299999999999
4 0.828125 0.7308330000000001 0.15874999999999995 0.06500000000000006
1 0.4175 0.6625000000000001 0.09749999999999998 0.16166599999999998
1 0.678125 0.7091665 0.15874999999999995 0.141667
1 0.963125 0.725833 0.07125000000000004 0.1050000000000001
2 0.681875 0.7466665 0.06125000000000003 0.053333000000000075
2 0.7893749999999999 0.7533335 0.05625000000000002 0.046667000000000014
2 0.92625 0.7558335 0.057499999999999996 0.05166700000000002
2 0.986875 0.7625 0.02375000000000005 0.04166599999999998
