6 0.878125 0.6285175000000001 0.14 0.1613509999999999
8 0.1375 0.2964355 0.01125000000000001 0.005628999999999995
8 0.165625 0.271107 0.013749999999999984 0.00938
8 0.19906249999999998 0.2673545 0.016875 0.009380999999999973
8 0.229375 0.2861165 0.0050000000000000044 0.0037530000000000063
8 0.274375 0.2462475 0.05249999999999996 0.027205000000000035
8 0.825 0.2457785 0.04249999999999998 0.030019000000000018
6 0.022187500000000002 0.41182 0.039375 0.06379000000000001
6 0.0534375 0.39821799999999996 0.025625000000000002 0.04409000000000002
6 0.081875 0.3761725 0.03375 0.04690500000000003
6 0.115625 0.3850845 0.039999999999999994 0.029081000000000023
6 0.1421875 0.386961 0.015625 0.02157600000000004
6 0.16593750000000002 0.39165099999999997 0.021875000000000006 0.03095600000000004
6 0.295625 0.5980300000000001 0.1 0.13227
6 0.7796875000000001 0.34943749999999996 0.02937500000000004 0.05347099999999999
2 0.06 0.253752 0.08875 0.04596600000000001
2 0.52625 0.358349 0.31625 0.305816
2 0.8656250000000001 0.1815195 0.20375 0.05534699999999998
