6 0.0200195 0.27964849999999997 0.040039 0.07613500000000001
6 0.2021485 0.29282600000000003 0.06445300000000001 0.07027800000000001
6 0.27441400000000005 0.308199 0.054688000000000014 0.03953200000000001
6 0.3120115 0.28916549999999996 0.016600999999999977 0.030747000000000024
6 0.326172 0.3001465 0.009765999999999997 0.029283000000000003
6 0.350098 0.30893099999999996 0.03417999999999999 0.023426000000000002
6 0.39501949999999997 0.34407 0.06542900000000001 0.08784799999999998
6 0.46533199999999997 0.416545 0.051758000000000026 0.021962000000000037
6 0.4780275 0.3426065 0.030272999999999994 0.03221099999999999
6 0.5371095 0.4260615 0.08593699999999999 0.040995000000000004
6 0.615723 0.366032 0.01074200000000003 0.026354000000000044
6 0.8413085 0.3770135 0.03417899999999996 0.03660300000000005
6 0.891113 0.417277 0.03417999999999999 0.023426000000000002
