1 0.3427735 0.5424599999999999 0.341797 0.253294
2 0.078125 0.4802345 0.146484 0.12298700000000001
2 0.2431645 0.523426 0.140625 0.13323600000000002
2 0.49902349999999995 0.489019 0.039063000000000014 0.06442199999999998
2 0.54834 0.490483 0.05175800000000008 0.04685199999999995
2 0.65332 0.49634 0.027344000000000035 0.023426000000000002
2 0.681152 0.4948755 0.02050799999999997 0.029283000000000003
2 0.7128909999999999 0.5285504999999999 0.058593999999999924 0.06442099999999995
2 0.7578125 0.5117130000000001 0.027342999999999895 0.03074600000000005
2 0.776367 0.5117130000000001 0.013672000000000017 0.03953200000000001
2 0.7958985 0.5065885 0.01757900000000001 0.017568999999999946
2 0.9614255 0.5702780000000001 0.07519500000000001 0.09809600000000007
