6 0.20500000000000002 0.6374299999999999 0.08499999999999999 0.1060040000000001
6 0.8087500000000001 0.6022514999999999 0.04500000000000004 0.071295
4 0.143125 0.2875235 0.28625 0.575047
4 0.310625 0.3330205 0.2225 0.666041
4 0.4684375 0.2781425 0.23812500000000003 0.556285
4 0.6565624999999999 0.193246 0.24312499999999992 0.386492
4 0.7565625 0.20262650000000001 0.09187500000000004 0.384615
4 0.8284374999999999 0.1491555 0.13812499999999994 0.298311
4 0.933125 0.1472795 0.13250000000000006 0.294559
4 0.9199999999999999 0.1857415 0.09625000000000006 0.20637899999999998
4 0.9753125 0.302064 0.04812499999999997 0.219512
