4 0.133606 0.214222 0.22903800000000002 0.350222
11 0.841513 0.5640000000000001 0.012951999999999964 0.025777999999999968
4 0.4597815 0.2782225 0.24062700000000004 0.474667
4 0.617928 0.516444 0.126108 0.192
4 0.884458 0.363111 0.22972000000000004 0.260444
4 0.88923 0.542222 0.126108 0.11555599999999999
2 0.738241 0.628 0.12542600000000004 0.10577799999999993
2 0.8009545 0.599111 0.04226299999999994 0.051556000000000046
2 0.8912745 0.627111 0.102931 0.09333400000000003
2 0.973074 0.6471115000000001 0.05248800000000009 0.18488899999999997
