1 0.1025 0.11374999999999999 0.17875 0.1275
2 0.615 0.4808335 0.64375 0.701667
1 0.43374999999999997 0.0770835 0.15749999999999997 0.13416699999999998
1 0.6596875 0.08833350000000001 0.20687500000000003 0.153333
2 0.1259375 0.13 0.209375 0.151666
2 0.27749999999999997 0.100417 0.15875 0.1275
2 0.43 0.07208300000000001 0.15125 0.1325
2 0.5571875 0.07375000000000001 0.10312500000000002 0.1125
2 0.6628125 0.095 0.208125 0.15166600000000002
2 0.640625 0.035833000000000004 0.08624999999999994 0.060000000000000005
2 0.9606250000000001 0.2191665 0.07750000000000001 0.248333
