1 0.122656 0.427083 0.245312 0.60625
2 0.428906 0.590625 0.15625 0.12708400000000009
4 0.151172 0.1822915 0.302344 0.364583
4 0.2785155 0.3984375 0.139843 0.26145900000000005
4 0.3898435 0.3921875 0.06562499999999999 0.09062500000000001
4 0.4578125 0.422396 0.08593700000000004 0.130208
4 0.523828 0.4088545 0.05234400000000006 0.078125
4 0.6312500000000001 0.391146 0.06874999999999998 0.05729200000000001
4 0.830859 0.4609375 0.25390599999999997 0.14687500000000003
4 0.78125 0.3755205 0.103124 0.171875
4 0.8957035 0.42291650000000003 0.08203099999999997 0.216667
4 0.9503904999999999 0.42656249999999996 0.09296899999999997 0.18229099999999993
2 0.269922 0.594271 0.099218 0.08854200000000001
2 0.63125 0.5520835 0.10781200000000002 0.135417
2 0.7210935 0.5739585 0.06093699999999991 0.08541699999999997
2 0.7875 0.5609375 0.06093799999999994 0.055209000000000064
2 0.8339844999999999 0.5625 0.04453099999999999 0.05833400000000011
2 0.8855465 0.558854 0.050780999999999965 0.038541999999999965
2 0.9234375 0.5546875 0.046875 0.05312500000000009
2 0.951172 0.553125 0.02578199999999997 0.050000000000000044
2 0.975 0.546875 0.02187399999999995 0.04583399999999993
