0 0.7985295 0.5831249999999999 0.20098100000000008 0.12
2 0.4553925 0.4915625 0.048039 0.02062499999999995
2 0.49901950000000006 0.4865625 0.013725000000000043 0.0068749999999999645
2 0.504412 0.5078125 0.024509999999999976 0.01187500000000008
2 0.5289215 0.5028125 0.01862700000000006 0.011875000000000024
2 0.5357845 0.528125 0.02647099999999991 0.022500000000000075
2 0.5475490000000001 0.495 0.008824000000000054 0.010000000000000009
2 0.5705880000000001 0.5178125 0.015685999999999978 0.015625
2 0.5745095 0.5009375 0.007843000000000044 0.008124999999999993
2 0.6039215 0.55625 0.029411000000000076 0.023749999999999938
2 0.6627449999999999 0.5359375 0.04509799999999997 0.024374999999999925
2 0.6882349999999999 0.551875 0.015685999999999978 0.018750000000000044
2 0.7014705 0.5221875 0.016666999999999987 0.010624999999999996
2 0.8642160000000001 0.5034375 0.04019600000000001 0.02437499999999998
2 0.912255 0.5393749999999999 0.05588199999999999 0.02375000000000005
2 0.9254905 0.5828125 0.06666700000000003 0.03187499999999999
