11 0.2284375 0.717019 0.164375 0.169184
11 0.5678125 0.7321249999999999 0.03312499999999996 0.07653600000000005
4 0.0059375 0.4838875 0.011875 0.03524700000000003
4 0.1321875 0.4199395 0.264375 0.13494500000000004
4 0.0540625 0.4939575 0.015625 0.031218999999999997
4 0.07906250000000001 0.4919435 0.01937499999999999 0.027190999999999965
4 0.1125 0.49395749999999994 0.04250000000000001 0.03524699999999997
4 0.14656249999999998 0.4994965 0.020624999999999977 0.032225000000000004
4 0.16375 0.484894 0.016249999999999987 0.017120000000000024
4 0.1771875 0.4979855 0.04062500000000002 0.03927500000000006
4 0.2175 0.5025175 0.04249999999999998 0.04833900000000002
4 0.2384375 0.5090635 0.020625000000000004 0.03121899999999994
4 0.26625 0.478852 0.05500000000000002 0.03323200000000004
4 0.2590625 0.5100705 0.02812500000000001 0.03726099999999999
4 0.3334375 0.5367569999999999 0.150625 0.08257799999999993
4 0.3225 0.3811685 0.11875000000000002 0.043303000000000036
4 0.3540625 0.5055385 0.12312500000000004 0.07049299999999997
4 0.3046875 0.6137965000000001 0.01937500000000003 0.03927500000000006
4 0.32343750000000004 0.626385 0.023125000000000007 0.04430999999999996
4 0.36406249999999996 0.63142 0.023125000000000007 0.024170000000000025
4 0.45 0.3882175 0.14875000000000005 0.03323300000000001
4 0.468125 0.5936555 0.16375000000000006 0.11379699999999993
4 0.4171875 0.520141 0.01937500000000003 0.03323200000000004
4 0.4603125 0.5221549999999999 0.05437500000000001 0.03725999999999996
4 0.499375 0.5271905 0.03249999999999997 0.03524700000000003
4 0.5378125 0.5322255 0.04437500000000005 0.04128900000000002
4 0.578125 0.5417925 0.03875000000000006 0.05236700000000005
4 0.5653125000000001 0.3856995 0.010624999999999996 0.01611299999999999
4 0.5978125 0.3806645 0.026874999999999982 0.018127000000000004
4 0.6059375 0.5584085 0.021874999999999978 0.03524700000000003
4 0.605 0.5312185 0.012499999999999956 0.023162999999999934
4 0.629375 0.5523665 0.03374999999999995 0.031218999999999997
4 0.6384375 0.60574 0.04062499999999991 0.08962799999999993
4 0.6453125 0.5332325 0.024374999999999925 0.027190999999999965
4 0.745625 0.4108765 0.20124999999999993 0.06243700000000002
4 0.6671875 0.5906345 0.01937500000000003 0.04128900000000002
4 0.680625 0.5352465 0.01749999999999996 0.031218999999999997
4 0.68375 0.5725075 0.011249999999999982 0.027191000000000076
4 0.6965625 0.5694865 0.01937500000000003 0.03726099999999999
4 0.6984375 0.5407854999999999 0.018125000000000058 0.024168999999999996
4 0.7209375 0.6359520000000001 0.03687499999999999 0.025175999999999976
4 0.7140625 0.5342395 0.020625000000000004 0.03726099999999999
4 0.7146874999999999 0.5886205 0.021874999999999978 0.03726099999999999
4 0.7209375 0.601712 0.01187500000000008 0.04733200000000004
4 0.7359375 0.5397784999999999 0.02562500000000001 0.0302110000000001
4 0.7324999999999999 0.5901305 0.01375000000000004 0.05840899999999993
4 0.759375 0.5911375000000001 0.04249999999999998 0.060423000000000004
4 0.7575000000000001 0.5407854999999999 0.015000000000000013 0.024168999999999996
4 0.7703125 0.636959 0.020625000000000004 0.027189999999999936
4 0.781875 0.538268 0.03125 0.03323200000000004
4 0.7884375 0.5996980000000001 0.018124999999999947 0.059416000000000024
4 0.801875 0.5986910000000001 0.013749999999999929 0.049346
4 0.80375 0.5407854999999999 0.012500000000000067 0.03222500000000006
4 0.81125 0.5926484999999999 0.015000000000000013 0.053373000000000004
4 0.82875 0.5438065 0.03499999999999992 0.030210999999999988
4 0.826875 0.5896275 0.012499999999999956 0.03927499999999995
4 0.84875 0.611279 0.0462499999999999 0.08257800000000004
4 0.91625 0.417422 0.16625 0.04330400000000001
4 0.8715625 0.5427995 0.05687500000000001 0.03222499999999995
4 0.88375 0.6087615 0.02124999999999999 0.04934500000000008
4 0.90875 0.5478345 0.01749999999999996 0.026183000000000067
4 0.9521875 0.578046 0.09437499999999999 0.15709999999999996
4 0.9246875 0.549849 0.01937499999999992 0.026183999999999985
