6 0.0871875 0.8455254999999999 0.059375000000000004 0.056809
6 0.201875 0.829961 0.05375000000000002 0.04280200000000001
6 0.2621875 0.6727624999999999 0.126875 0.13774300000000006
6 0.3125 0.7680935 0.03749999999999998 0.098055
6 0.43062500000000004 0.6684825 0.1325 0.08715899999999999
6 0.5603125 0.610506 0.17437499999999995 0.193774
6 0.6940625 0.785603 0.05812499999999998 0.09104999999999996
6 0.6975 0.635798 0.03499999999999992 0.06692600000000004
6 0.7693749999999999 0.650584 0.10875000000000001 0.08249000000000006
6 0.8715625 0.6393 0.11187499999999995 0.07393000000000005
6 0.954375 0.5509725 0.08999999999999997 0.13073899999999994
