8 0.583125 0.3474575 0.11125000000000007 0.06214700000000001
8 0.7228125000000001 0.283898 0.11187500000000006 0.053672
4 0.2675 0.815913 0.24500000000000002 0.26271200000000006
4 0.2475 0.33521650000000003 0.03874999999999998 0.007532999999999956
4 0.290625 0.3380415 0.04750000000000004 0.009417000000000009
4 0.3234375 0.3371 0.02562500000000001 0.011299999999999977
4 0.36625 0.3323915 0.057499999999999996 0.02824899999999997
4 0.401875 0.33521650000000003 0.03750000000000003 0.018833000000000044
4 0.4328125 0.33615799999999996 0.021874999999999978 0.020716000000000012
4 0.46281249999999996 0.3258005 0.03812500000000002 0.04708100000000004
4 0.499375 0.306968 0.040000000000000036 0.06591399999999997
4 0.4890625 0.336629 0.016874999999999973 0.025424000000000002
4 0.5090625 0.3112055 0.028124999999999956 0.05178900000000003
4 0.6525 0.307439 0.022499999999999964 0.04048999999999997
4 0.884375 0.31214699999999995 0.22999999999999998 0.11205199999999998
4 0.891875 0.48587549999999996 0.21499999999999997 0.23540499999999998
