1 0.1515625 0.4834105 0.10437499999999998 0.11496899999999999
1 0.1584375 0.5 0.113125 0.069444
1 0.1528125 0.6084105 0.090625 0.14737699999999998
1 0.1975 0.4502315 0.09625 0.07947499999999996
1 0.21968749999999998 0.4251545 0.11812500000000001 0.06018499999999999
1 0.5515625 0.5273920000000001 0.726875 0.233796
1 0.2409375 0.4035495 0.05562499999999998 0.047838999999999965
1 0.55375 0.457176 0.6637500000000001 0.11342600000000003
1 0.53 0.4598765 0.575 0.10493899999999995
1 0.26125 0.3962195 0.015000000000000013 0.025463000000000013
1 0.28718750000000004 0.3942905 0.019374999999999976 0.029320999999999986
1 0.5140625 0.44482999999999995 0.47312499999999996 0.054784
1 0.53125 0.442515 0.5 0.077932
1 0.566875 0.4606485 0.55125 0.07253100000000001
1 0.3003125 0.3881175 0.009374999999999967 0.016974999999999962
1 0.603125 0.4286265 0.6125 0.06404300000000002
1 0.3109375 0.3877315 0.005624999999999991 0.008487000000000022
1 0.3996875 0.3831015 0.02812500000000001 0.017747000000000013
1 0.40625 0.383102 0.03749999999999998 0.027005999999999974
1 0.41875 0.3900465 0.03500000000000003 0.02083299999999999
1 0.44343750000000004 0.3908175 0.043125000000000024 0.025463000000000013
1 0.4609375 0.37770099999999995 0.016874999999999973 0.023919999999999997
1 0.48875 0.384645 0.024999999999999967 0.023919999999999997
1 0.5 0.3854165 0.016250000000000042 0.02237699999999998
1 0.5209375 0.3823305 0.030625000000000013 0.025463000000000013
1 0.54375 0.3966045 0.07124999999999992 0.04475299999999999
1 0.555625 0.3877315 0.03874999999999995 0.02237699999999998
1 0.575 0.364583 0.025000000000000022 0.023919999999999997
1 0.5900000000000001 0.3942905 0.03749999999999998 0.029320999999999986
1 0.6225 0.3900465 0.02749999999999997 0.02083299999999999
1 0.65375 0.3900465 0.028749999999999942 0.02083299999999999
1 0.68625 0.3892745 0.050000000000000044 0.067129
1 0.6790625 0.3942905 0.02937499999999993 0.029320999999999986
1 0.7115625 0.397762 0.06437500000000007 0.047068
1 0.7106250000000001 0.4417435 0.04874999999999996 0.040895000000000015
1 0.7546875 0.41010800000000003 0.06687500000000002 0.06712999999999997
1 0.808125 0.413966 0.08499999999999996 0.11034
1 0.8259375 0.443287 0.11687500000000006 0.13811799999999996
1 0.8612500000000001 0.45409 0.08750000000000002 0.12885799999999997
1 0.8825000000000001 0.482253 0.04749999999999999 0.12191399999999997
