4 0.0990625 0.5183335 0.198125 0.20833300000000005
4 0.2615625 0.5129165 0.165625 0.19083300000000003
4 0.28 0.5779164999999999 0.11249999999999999 0.08083300000000004
4 0.3621875 0.5766665 0.059374999999999956 0.011666999999999983
4 0.484375 0.48541650000000003 0.07125000000000004 0.035833000000000004
4 0.5540625 0.46458350000000004 0.09687500000000004 0.07083299999999998
4 0.6225 0.48291649999999997 0.022500000000000075 0.020833000000000046
4 0.789375 0.389583 0.22875 0.23750000000000004
4 0.79625 0.5475 0.11624999999999996 0.25333399999999995
4 0.9165625 0.35 0.16562500000000002 0.365
3 0.385 0.612083 0.1225 0.07250000000000001
3 0.5053125 0.6379165 0.14062500000000006 0.08583300000000005
3 0.669375 0.6375 0.08124999999999993 0.061666
3 0.9237500000000001 0.6420835 0.15125 0.22583299999999995
