1 0.1025 0.3133335 0.205 0.48166699999999996
1 0.15468749999999998 0.3908335 0.265625 0.281667
1 0.33843749999999995 0.39749999999999996 0.138125 0.21666599999999997
1 0.4396875 0.4120835 0.060624999999999984 0.12583299999999997
1 0.4740625 0.42 0.016874999999999973 0.068334
1 0.494375 0.4245835 0.02624999999999994 0.03916699999999995
1 0.5700000000000001 0.421667 0.029999999999999916 0.044999999999999984
1 0.594375 0.4108335 0.04499999999999993 0.046667000000000014
1 0.6353125 0.4166665 0.06437499999999996 0.05833299999999997
1 0.6809375 0.40958300000000003 0.05812499999999998 0.08249999999999996
1 0.7334375 0.40541649999999996 0.06687500000000002 0.090833
1 0.7828125 0.40208350000000004 0.055625000000000036 0.11583300000000002
1 0.8734375 0.38916649999999997 0.13812500000000005 0.15166700000000005
1 0.9665625 0.382083 0.06562500000000004 0.1925
