2 0.77125 0.6058330000000001 0.33875 0.37
2 0.0446875 0.505417 0.089375 0.13749999999999996
2 0.1578125 0.485 0.150625 0.10499999999999998
2 0.40249999999999997 0.46458350000000004 0.08500000000000002 0.07083299999999998
2 0.4596875 0.4616665 0.05937500000000001 0.06166699999999997
2 0.5009375 0.4575 0.05437499999999995 0.066666
2 0.52625 0.4525 0.040000000000000036 0.05333399999999999
2 0.5659375 0.44708349999999997 0.04562500000000003 0.06083299999999997
2 0.59125 0.4445835 0.03375000000000006 0.04083300000000001
2 0.6168750000000001 0.439583 0.036250000000000004 0.03749999999999998
2 0.6409374999999999 0.4333335 0.03437499999999993 0.046667000000000014
2 0.6578124999999999 0.425417 0.03187499999999999 0.03749999999999998
2 0.8696875 0.520833 0.125625 0.20500000000000002
2 0.9134375 0.49624999999999997 0.09687500000000004 0.16583399999999998
2 0.9459375000000001 0.47750000000000004 0.06312499999999999 0.09333400000000003
