10 0.3639935 0.4140625 0.727987 0.307291
10 0.061321 0.222396 0.122642 0.10104200000000002
10 0.087264 0.2552085 0.174528 0.145833
10 0.3105345 0.55625 0.621069 0.147916
10 0.36242149999999995 0.5921875 0.718553 0.14270899999999997
10 0.47248450000000003 0.694792 0.812893 0.21875
10 0.5927675 0.7604165 0.7547170000000001 0.208333
10 0.625 0.799479 0.746856 0.192708
10 0.5400945 0.159896 0.5738989999999999 0.242708
10 0.573113 0.1859375 0.60849 0.253125
10 0.821541 0.48020799999999997 0.35377400000000003 0.41874999999999996
10 0.849843 0.2625 0.29716999999999993 0.17708400000000002
10 0.8380505 0.190104 0.26729499999999995 0.19895799999999997
