1 0.505 0.35291700000000004 0.7375 0.5625
4 0.070625 0.1591665 0.14125 0.266667
4 0.144375 0.0379165 0.065 0.06916699999999999
4 0.1953125 0.036666500000000005 0.04062500000000002 0.056667
4 0.8146875 0.03 0.36187499999999995 0.06
4 0.6615625 0.07125000000000001 0.024374999999999925 0.025834000000000003
2 0.0828125 0.0970835 0.049374999999999995 0.064167
2 0.11 0.1020835 0.010000000000000009 0.03583299999999999
2 0.661875 0.087083 0.04125000000000001 0.02750000000000001
2 0.8421875000000001 0.0975 0.05062500000000003 0.03833400000000001
2 0.8981250000000001 0.093333 0.10625000000000007 0.04999999999999999
