11 0.274375 0.5567545 0.04625000000000001 0.055346999999999924
11 0.6121875 0.247186 0.694375 0.417448
11 0.3315625 0.5295495 0.013124999999999998 0.029080999999999912
11 0.4109375 0.47514100000000004 0.010624999999999996 0.04221400000000003
11 0.4825 0.477017 0.0050000000000000044 0.027204000000000006
4 0.4996875 0.478893 0.999375 0.25984999999999997
4 0.233125 0.491557 0.09749999999999998 0.21576
4 0.385625 0.53424 0.04625000000000001 0.11163200000000001
4 0.7590625 0.4085365 0.48062499999999997 0.817073
2 0.0603125 0.639775 0.120625 0.08630399999999994
2 0.16 0.6941835000000001 0.20124999999999998 0.1613509999999999
2 0.24374999999999997 0.621482 0.046249999999999986 0.042213999999999974
2 0.30437499999999995 0.6144465 0.04999999999999999 0.05253299999999994
2 0.34562499999999996 0.6167914999999999 0.02999999999999997 0.03658499999999998
2 0.3721875 0.6036585000000001 0.02562500000000001 0.03470899999999999
2 0.39749999999999996 0.5952155 0.012500000000000011 0.014070999999999945
2 0.8240625 0.6247655 0.35062499999999996 0.08442700000000003
