0 0.3175 0.6491975 0.24625 0.43909299999999996
4 0.200625 0.3111425 0.40125 0.5429649999999999
4 0.47625 0.46695 0.16125 0.359774
4 0.5409375000000001 0.48536350000000006 0.12187500000000007 0.31161500000000003
4 0.7050000000000001 0.443815 0.24749999999999994 0.360718
4 0.828125 0.335222 0.3425 0.670444
2 0.1265625 0.7747875 0.253125 0.26723299999999994
2 0.03375 0.6463645 0.06625 0.023606999999999934
2 0.041875 0.6539185000000001 0.053750000000000006 0.021718999999999933
2 0.6156250000000001 0.7190749999999999 0.39 0.263456
2 0.95 0.7681775 0.09750000000000003 0.19546699999999995
