11 0.0925 0.6112500000000001 0.028749999999999998 0.03416600000000003
11 0.125625 0.53125 0.0325 0.07749999999999996
11 0.6040625 0.48125 0.12312500000000004 0.06583400000000006
11 0.849375 0.38916649999999997 0.03374999999999995 0.096667
4 0.033125 0.5645835 0.06625 0.13916700000000004
4 0.129375 0.480833 0.06749999999999999 0.46499999999999997
4 0.141875 0.26625 0.07375 0.459166
4 0.2196875 0.6179165 0.09562500000000002 0.11583299999999996
4 0.22375 0.5854170000000001 0.036250000000000004 0.12249999999999994
4 0.40249999999999997 0.61375 0.10000000000000003 0.16916599999999993
4 0.45625 0.6083335000000001 0.04125000000000001 0.06166700000000003
4 0.47281249999999997 0.6491665 0.059374999999999956 0.09166699999999994
4 0.636875 0.5791665 0.09250000000000003 0.13833300000000004
4 0.7090624999999999 0.595 0.06187500000000001 0.05166599999999999
4 0.749375 0.5825 0.07499999999999996 0.10333400000000004
4 0.828125 0.6358334999999999 0.12874999999999992 0.2033330000000001
4 0.8615625 0.5683335 0.17062500000000003 0.10166700000000006
4 0.9875 0.5604165 0.02375000000000005 0.07916699999999999
