1 0.4590625 0.61625 0.46687500000000004 0.22916599999999998
4 0.4240625 0.3020835 0.411875 0.510833
4 0.6699999999999999 0.449583 0.07750000000000001 0.1825
4 0.7540625000000001 0.377917 0.09562499999999996 0.08750000000000002
2 0.1209375 0.546667 0.094375 0.09999999999999992
2 0.47375 0.6120835 0.49124999999999996 0.21583299999999994
2 0.6628125 0.5308335 0.020625000000000004 0.04166700000000001
2 0.6837500000000001 0.5354165 0.03749999999999998 0.030833
2 0.8471875 0.55875 0.20937499999999998 0.08416599999999996
2 0.7790625 0.55 0.06937499999999996 0.058334
2 0.838125 0.5604165 0.07750000000000001 0.06583300000000003
2 0.8971875 0.5791664999999999 0.11187499999999995 0.08333299999999999
