1 0.0771875 0.2712265 0.11812500000000001 0.11981099999999997
1 0.0446875 0.154717 0.030625 0.07924600000000001
2 0.2053125 0.31132099999999996 0.073125 0.06603799999999999
2 0.22 0.2674525 0.058750000000000024 0.03867899999999999
2 0.48343749999999996 0.2023585 0.029374999999999984 0.03301900000000002
2 0.518125 0.1858495 0.018749999999999933 0.026415000000000022
2 0.5309375 0.20330199999999998 0.03687499999999999 0.04622600000000002
2 0.5974999999999999 0.18490600000000001 0.02749999999999997 0.02830200000000002
2 0.5975 0.1009435 0.008750000000000036 0.007546999999999998
2 0.6121875000000001 0.174528 0.020625000000000004 0.018867999999999996
2 0.62 0.105189 0.010000000000000009 0.012263999999999997
2 0.6303125 0.1773585 0.02312499999999995 0.024529000000000023
2 0.641875 0.1070755 0.007499999999999951 0.012264999999999998
2 0.6621874999999999 0.133019 0.010624999999999996 0.013207999999999998
2 0.6634375 0.15 0.008124999999999938 0.009433999999999998
2 0.6775 0.151887 0.015000000000000013 0.009433999999999998
2 0.67625 0.110849 0.007500000000000062 0.016037999999999997
2 0.6821875 0.131132 0.011874999999999969 0.013207999999999998
2 0.683125 0.1150945 0.006249999999999978 0.007546999999999998
2 0.6865625 0.1070755 0.008125000000000049 0.016036999999999996
