2 0.375625 0.8574999999999999 0.29125 0.28500000000000003
0 0.51625 0.5295835 0.5700000000000001 0.935833
2 0.1684375 0.8025 0.336875 0.3933340000000001
2 0.8209375 0.6095835000000001 0.05437500000000006 0.11083300000000007
2 0.8690625000000001 0.6741665 0.14437500000000003 0.14333299999999993
2 0.8421875 0.5725 0.055625000000000036 0.07000000000000006
2 0.8596874999999999 0.548333 0.02312499999999995 0.039999999999999925
2 0.9296875 0.555417 0.046875 0.0675
2 0.9553125 0.5404165 0.05437500000000006 0.06916699999999998
2 0.9746874999999999 0.6104165 0.04937500000000006 0.10916700000000001
2 0.9871875 0.5366664999999999 0.024375000000000036 0.053332999999999964
