1 0.6003125 0.5676370000000001 0.6543749999999999 0.6815060000000001
4 0.08 0.286815 0.16 0.57363
4 0.15000000000000002 0.2684075 0.16 0.536815
4 0.2928125 0.234161 0.238125 0.468322
4 0.3159375 0.339469 0.133125 0.303938
4 0.35062499999999996 0.3690065 0.09249999999999997 0.27568499999999996
4 0.45 0.26455449999999997 0.12124999999999997 0.273973
4 0.560625 0.077911 0.14625000000000005 0.155822
4 0.6940625 0.0753425 0.145625 0.150685
4 0.855 0.165668 0.14749999999999996 0.331336
4 0.9550000000000001 0.3150685 0.08875 0.630137
2 0.2159375 0.5393835 0.02812500000000001 0.05821900000000002
2 0.25375 0.5393835 0.06249999999999997 0.08219099999999996
