4 0.038125 0.3258335 0.06999999999999999 0.178333
1 0.6775 0.44875 0.59375 0.434166
4 0.0471875 0.10625 0.094375 0.2125
4 0.1971875 0.1320835 0.22062500000000002 0.264167
4 0.23062500000000002 0.1408335 0.04250000000000001 0.281667
4 0.3178125 0.2291665 0.02562500000000001 0.458333
4 0.46375 0.2679165 0.07499999999999996 0.535833
4 0.6384375 0.1683335 0.059374999999999956 0.153333
4 0.6828125 0.1279165 0.05312499999999998 0.165833
2 0.041875 0.290833 0.08375 0.065
2 0.12687500000000002 0.294583 0.07875000000000001 0.07250000000000001
