1 0.756875 0.895 0.4275 0.15166599999999997
4 0.0140625 0.1654165 0.028125 0.02083299999999999
4 0.0559375 0.33749999999999997 0.111875 0.326666
4 0.0215625 0.885 0.020625 0.06499999999999995
4 0.08406250000000001 0.9370835 0.135625 0.12416700000000003
4 0.0809375 0.8783335 0.015625 0.06833299999999998
4 0.0859375 0.286667 0.015625 0.050000000000000044
4 0.0925 0.850833 0.010000000000000009 0.05500000000000005
4 0.555 0.36874999999999997 0.88875 0.589166
4 0.1196875 0.8245834999999999 0.010624999999999996 0.030833
4 0.1596875 0.1695835 0.013124999999999998 0.01916699999999999
4 0.30781250000000004 0.9125 0.02437499999999998 0.05499999999999994
4 0.3303125 0.905 0.023125000000000007 0.050000000000000044
4 0.3371875 0.83 0.021875000000000033 0.07166600000000001
4 0.3559375 0.8345834999999999 0.013124999999999998 0.08416699999999999
4 0.4146875 0.8558330000000001 0.014375000000000027 0.06500000000000006
4 0.4225 0.84625 0.006249999999999978 0.06416600000000006
4 0.4409375 0.847917 0.021875000000000033 0.07750000000000001
4 0.5478125 0.81375 0.024375000000000036 0.07750000000000001
4 0.5640624999999999 0.7120835000000001 0.020625000000000004 0.07083300000000003
4 0.588125 0.566667 0.04499999999999993 0.14500000000000002
4 0.5796874999999999 0.79625 0.020625000000000004 0.09083400000000008
4 0.59 0.7595835 0.010000000000000009 0.03416699999999995
4 0.5984375 0.7875 0.016875000000000084 0.05333399999999999
4 0.6071875 0.8204165 0.026874999999999982 0.06416700000000009
4 0.6228125 0.5708335 0.024375000000000036 0.06333300000000008
4 0.650625 0.5670835000000001 0.023749999999999938 0.07083300000000003
4 0.685 0.55 0.04500000000000004 0.11166599999999993
4 0.7378125 0.582083 0.04062500000000002 0.13749999999999996
4 0.7625 0.5604165 0.029999999999999916 0.10916700000000001
4 0.8159375 0.5974999999999999 0.03562500000000002 0.08666600000000002
4 0.8999999999999999 0.5945835 0.10875000000000001 0.23583300000000001
1 0.598125 0.9112499999999999 0.18125000000000002 0.130834
2 0.7959375 0.88 0.29437499999999994 0.14666599999999996
