0 0.360625 0.674015 0.3225 0.389306
2 0.125625 0.6674485 0.035 0.0347090000000001
2 0.1359375 0.6796435000000001 0.016875 0.04784299999999997
2 0.1834375 0.6857415 0.029374999999999984 0.05253299999999994
2 0.18125000000000002 0.651032 0.01999999999999999 0.028142
2 0.5265625 0.7354594999999999 0.04437499999999994 0.14446499999999995
2 0.5387500000000001 0.69606 0.05625000000000002 0.08067599999999997
2 0.565 0.6894935 0.04500000000000004 0.06003700000000001
2 0.5843750000000001 0.674953 0.04500000000000004 0.05722399999999994
2 0.7003125 0.736398 0.171875 0.13508399999999998
2 0.669375 0.675422 0.09999999999999998 0.06941799999999998
2 0.84375 0.7645405 0.1412500000000001 0.17823699999999998
2 0.9440625 0.7969045 0.11062499999999997 0.333021
