4 0.859414 0.5971875 0.241004 0.430625
1 0.5774060000000001 0.8103125 0.15899600000000003 0.11312499999999992
11 0.380335 0.10968750000000001 0.283682 0.12312500000000001
11 0.44728049999999997 0.393125 0.14644300000000005 0.09375
11 0.553975 0.2559375 0.33807600000000004 0.104375
11 0.78159 0.6740625 0.06359800000000004 0.020625000000000004
11 0.837657 0.76 0.036820000000000075 0.022499999999999964
4 0.141004 0.485625 0.282008 0.185
4 0.5217575 0.6668750000000001 0.402511 0.3175
1 0.7221759999999999 0.776875 0.056903999999999955 0.04625000000000001
2 0.288703 0.8246875 0.16066999999999998 0.073125
2 0.691632 0.8146875 0.06108800000000003 0.03687499999999999
2 0.722594 0.7887500000000001 0.02928799999999998 0.01749999999999996
2 0.758159 0.78125 0.03180000000000005 0.03249999999999997
