1 0.17124999999999999 0.43000000000000005 0.32 0.262222
8 0.5393749999999999 0.3155555 0.10999999999999999 0.07555499999999998
4 0.0921875 0.2316665 0.171875 0.22555499999999998
4 0.246875 0.203889 0.16125 0.22555599999999998
4 0.44281249999999994 0.307778 0.128125 0.382222
4 0.614375 0.302222 0.15749999999999997 0.35777800000000004
4 0.8121875000000001 0.2533335 0.17937499999999995 0.291111
4 0.98 0.21222249999999998 0.03875000000000006 0.208889
2 0.0784375 0.4555555 0.156875 0.24888899999999997
2 0.86625 0.46 0.2025 0.30444400000000005
