4 0.0896875 0.4187675 0.145625 0.609711
4 0.2046875 0.5901025 0.083125 0.16806699999999997
4 0.3115625 0.5494865 0.16687500000000002 0.260505
4 0.4890625 0.5182074999999999 0.188125 0.323063
4 0.603125 0.586368 0.050000000000000044 0.171802
4 0.7884375 0.6629320000000001 0.03312500000000007 0.06535999999999997
4 0.8928125 0.6451915 0.09062499999999996 0.08403300000000002
4 0.96625 0.631186 0.061249999999999916 0.12885199999999997
3 0.6950000000000001 0.7021475 0.15000000000000002 0.09897299999999998
3 0.8728125 0.6830065000000001 0.08562500000000006 0.056957000000000035
