1 0.6146875 0.5137499999999999 0.166875 0.130834
2 0.589375 0.5070835 0.12624999999999997 0.14083299999999999
2 0.059687500000000004 0.28 0.014375000000000006 0.009999999999999953
2 0.0821875 0.2745835 0.010624999999999996 0.010833000000000037
2 0.091875 0.28083349999999996 0.0050000000000000044 0.013332999999999984
2 0.0996875 0.2833335 0.008124999999999993 0.00833299999999998
2 0.1065625 0.292083 0.009375000000000008 0.012500000000000011
2 0.1178125 0.29374999999999996 0.010624999999999996 0.012500000000000011
2 0.130625 0.29875 0.0050000000000000044 0.019166000000000016
2 0.13624999999999998 0.29875 0.0062500000000000056 0.019166000000000016
2 0.1446875 0.30333350000000003 0.013124999999999998 0.013332999999999984
2 0.17343750000000002 0.5700000000000001 0.045625 0.09666600000000003
2 0.38656250000000003 0.415 0.05937500000000001 0.061666
2 0.4478125 0.43666649999999996 0.09187500000000004 0.08166699999999999
2 0.420625 0.33958299999999997 0.03250000000000003 0.017500000000000016
2 0.496875 0.47625 0.07625000000000004 0.08083399999999996
2 0.9846874999999999 0.4558335 0.02937500000000004 0.05666700000000002
