11 0.1674405 0.8151595 0.03912499999999999 0.055850999999999984
11 0.5056365 0.3723405 0.31763900000000006 0.106383
4 0.0062995 0.7402485 0.012599 0.06205700000000003
4 0.012268 0.7446809999999999 0.00862 0.05319200000000002
4 0.0278515 0.746011 0.011937000000000003 0.05053200000000002
4 0.041777 0.7513295 0.011936000000000002 0.03280099999999997
4 0.0765915 0.7344855 0.016578999999999997 0.03280100000000008
4 0.099138 0.7340425 0.017904000000000003 0.039007000000000014
4 0.1283155 0.870124 0.07095499999999999 0.09840399999999994
4 0.11803749999999999 0.7322695 0.014589000000000005 0.019503000000000048
4 0.212865 0.694592 0.030503999999999976 0.04698599999999997
4 0.24137950000000002 0.6875 0.04376700000000003 0.08776600000000001
4 0.2665785 0.6644505 0.034483000000000014 0.110815
4 0.297414 0.662234 0.01657799999999998 0.12056800000000001
4 0.349138 0.6564715000000001 0.01657799999999998 0.061170999999999975
4 0.3813 0.649823 0.053049999999999986 0.07446799999999998
4 0.429045 0.636525 0.04244000000000003 0.04078000000000004
4 0.4738065 0.6582445 0.03912500000000002 0.109043
4 0.515252 0.630319 0.04907200000000006 0.129432
4 0.549735 0.6272165000000001 0.049072000000000005 0.11613499999999999
4 0.5978114999999999 0.611702 0.08023900000000006 0.08510600000000001
4 0.6375995000000001 0.6307625 0.05371300000000001 0.039892999999999956
4 0.7718835 0.8789895 0.2732089999999999 0.24024899999999993
4 0.6807030000000001 0.6648940000000001 0.0762600000000001 0.257092
4 0.7344165 0.6476065 0.06697699999999995 0.29521299999999995
4 0.7569625 0.6294325000000001 0.029841000000000006 0.25531899999999996
4 0.782162 0.602837 0.03381999999999996 0.30496399999999996
4 0.7977455 0.6294325000000001 0.02785100000000007 0.26241100000000006
4 0.8312335 0.6134755 0.039124999999999965 0.27127699999999993
4 0.860411 0.6054965 0.03249400000000002 0.26241099999999995
4 0.8862734999999999 0.8439715000000001 0.07095499999999999 0.18617099999999998
4 0.8892575 0.6187944999999999 0.03846099999999997 0.26063899999999995
4 0.955902 0.6400705 0.08687 0.22163100000000002
4 0.9578915 0.833333 0.08289100000000005 0.17198599999999997
