11 0.1853125 0.4191665 0.019375000000000003 0.036667000000000005
11 0.3075 0.34125 0.040000000000000036 0.07916599999999996
11 0.6453125 0.4495835 0.018125000000000058 0.030833
11 0.94 0.334583 0.03874999999999995 0.07750000000000001
11 0.9840625000000001 0.39416700000000005 0.020625000000000004 0.05499999999999999
2 0.055 0.51125 0.11 0.07083400000000001
2 0.2571875 0.490417 0.163125 0.04249999999999998
2 0.44343750000000004 0.525833 0.09562500000000002 0.07499999999999996
2 0.48 0.50625 0.05499999999999994 0.07083400000000001
2 0.57375 0.505 0.07000000000000006 0.048334000000000044
2 0.58125 0.54125 0.08500000000000008 0.08583399999999997
