8 0.1034375 0.450658 0.023125000000000007 0.010337999999999958
8 0.22375 0.2852445 0.06625000000000003 0.029135000000000022
8 0.2596875 0.39661650000000004 0.030625000000000013 0.020677
8 0.3384375 0.355263 0.06062500000000004 0.02255600000000002
8 0.37124999999999997 0.660714 0.06875000000000003 0.035714000000000024
8 0.3884375 0.348684 0.044375 0.024436000000000013
8 0.45125000000000004 0.351504 0.03999999999999998 0.02255600000000002
8 0.5190625 0.4168235 0.04187500000000005 0.031015000000000015
8 0.52625 0.6240600000000001 0.05125000000000002 0.028196
8 0.5446875 0.3909775 0.01937499999999992 0.020677
8 0.6331249999999999 0.38110900000000003 0.018749999999999933 0.029135999999999995
8 0.6868749999999999 0.456297 0.03749999999999998 0.03289399999999998
8 0.73875 0.361842 0.04125000000000001 0.01691799999999999
8 0.760625 0.468045 0.043749999999999956 0.028196
8 0.8200000000000001 0.4403195 0.04749999999999999 0.027254999999999974
8 0.9212499999999999 0.4149435 0.04749999999999999 0.027254999999999974
