2 0.108846 0.6539790000000001 0.125384 0.182238
0 0.0115385 0.343137 0.023077 0.17416400000000004
0 0.0296155 0.2866205 0.059231 0.13725500000000002
0 0.1584615 0.21395599999999998 0.095385 0.128028
0 0.1746155 0.2324105 0.089231 0.144175
0 0.741923 0.415225 0.1299999999999999 0.20069199999999998
0 0.8653845 0.7727795 0.26769299999999996 0.4036909999999999
0 0.8084614999999999 0.4734715 0.14153899999999997 0.24567499999999998
0 0.890385 0.420415 0.18999999999999995 0.22029999999999994
0 0.9069229999999999 0.49942349999999996 0.184616 0.15224899999999997
0 0.9365384999999999 0.55594 0.12538499999999997 0.16147599999999995
11 0.2196155 0.548443 0.06538499999999997 0.10034600000000005
11 0.7765385 0.1493655 0.33923100000000006 0.298731
2 0.388846 0.4971165 0.777692 0.747405
