0 0.169375 0.6584650000000001 0.33875 0.12426999999999999
0 0.3959375 0.650542 0.05312499999999998 0.06005000000000005
0 0.44906250000000003 0.649708 0.05562499999999998 0.06171800000000005
0 0.504375 0.645538 0.050000000000000044 0.06338600000000005
0 0.5528124999999999 0.6447039999999999 0.041874999999999996 0.05504600000000004
0 0.5971875 0.6430359999999999 0.05812499999999998 0.058382000000000045
0 0.6509375 0.6447039999999999 0.046875 0.05504600000000004
0 0.7109375 0.6638865 0.11187499999999995 0.11342700000000006
0 0.6799999999999999 0.6309425 0.01375000000000004 0.034194999999999975
0 0.7825 0.6592990000000001 0.10875000000000001 0.11259399999999997
0 0.86625 0.6542950000000001 0.11624999999999996 0.129274
0 0.93875 0.6672225 0.12124999999999997 0.16180099999999997
4 0.08375 0.4845705 0.1675 0.22518700000000003
4 0.2721875 0.5638035 0.21187499999999998 0.215179
4 0.5865625 0.497498 0.421875 0.24770599999999998
4 0.8984375 0.5150125 0.20187500000000003 0.19599699999999998
