6 0.0209375 0.688609 0.041875 0.09617200000000004
6 0.0234375 0.39589149999999995 0.014374999999999999 0.05415500000000001
6 0.0403125 0.464986 0.034375 0.06162400000000001
6 0.104375 0.7091505 0.11125 0.10550900000000007
6 0.0646875 0.48786150000000006 0.024375 0.05322100000000002
6 0.169375 0.525677 0.05249999999999999 0.07656399999999997
6 0.21125 0.8006535 0.13375 0.142857
6 0.27031249999999996 0.4407095 0.018125000000000002 0.05602299999999999
6 0.29375 0.4495795 0.03500000000000003 0.05322100000000002
6 0.32406250000000003 0.4486465 0.03812500000000002 0.04761899999999997
6 0.36250000000000004 0.6031745 0.05375000000000002 0.07843100000000003
6 0.4125 0.822596 0.10500000000000004 0.13445400000000007
6 0.48593749999999997 0.4673205 0.03187499999999999 0.04761900000000002
6 0.568125 0.939776 0.1775 0.11858000000000002
6 0.5278125 0.598506 0.06687500000000002 0.08776800000000007
6 0.6571875 0.5499529999999999 0.03312499999999996 0.06349199999999999
6 0.6903125 0.6363209999999999 0.08937499999999998 0.10924400000000001
6 0.7384375000000001 0.5 0.02937500000000004 0.05882399999999999
6 0.7890625 0.712885 0.09937499999999999 0.10924400000000001
6 0.90625 0.7759105 0.10125000000000006 0.12885099999999994
6 0.8915625 0.6073765 0.010624999999999996 0.028945
