1 0.5015625 0.4975 0.903125 0.9049999999999999
1 0.1096875 0.03958299999999999 0.059375 0.06249999999999999
1 0.15125 0.0591665 0.12125000000000001 0.10166700000000001
1 0.2684375 0.0241665 0.126875 0.041666999999999996
1 0.34875 0.0258335 0.08999999999999997 0.051667
1 0.599375 0.03875 0.12375000000000003 0.0775
1 0.6690625 0.0233335 0.10562500000000008 0.046667
1 0.740625 0.0625 0.16874999999999996 0.101666
1 0.8356250000000001 0.0241665 0.12875000000000003 0.048333
1 0.8878125 0.2729165 0.22312500000000002 0.229167
2 0.4996875 0.4829165 0.999375 0.965833
