2 0.171303 0.47705050000000004 0.22254800000000002 0.133789
3 0.0534405 0.49609400000000003 0.106881 0.134766
3 0.174231 0.4921875 0.20205 0.13281300000000001
3 0.2869695 0.45214849999999995 0.10248900000000002 0.056641
3 0.44289900000000004 0.4228515 0.174232 0.078125
3 0.6010249999999999 0.5087889999999999 0.20058600000000004 0.18359399999999998
3 0.8023425 0.5146485 0.16691099999999992 0.320313
3 0.9150805 0.5590820000000001 0.16691100000000003 0.405274
2 0.6098095 0.504883 0.19472899999999993 0.19726600000000005
2 0.808199 0.5097655 0.18447999999999998 0.324219
2 0.9165445 0.5590820000000001 0.163983 0.40136800000000006
