4 0.060625 0.30874999999999997 0.09125 0.320834
4 0.3071875 0.53625 0.614375 0.559166
4 0.5834375 0.394583 0.831875 0.5925
4 0.635625 0.6608335000000001 0.06875000000000009 0.05166700000000002
4 0.863125 0.472083 0.26 0.5375
1 0.6950000000000001 0.6758329999999999 0.04500000000000004 0.08999999999999997
1 0.911875 0.7270835 0.15625 0.18916700000000009
2 0.7028125000000001 0.698333 0.024374999999999925 0.050000000000000044
2 0.7128125000000001 0.7116665 0.018125000000000058 0.053332999999999964
2 0.91 0.7241664999999999 0.15749999999999997 0.18833299999999997
2 0.9515625000000001 0.7925 0.09562499999999996 0.20666600000000002
