11 0.47625 0.7523455 0.011249999999999982 0.013133000000000061
11 0.5206249999999999 0.687148 0.0050000000000000044 0.017824000000000062
11 0.6653125 0.7110695 0.010624999999999996 0.01500900000000005
11 0.7818750000000001 0.6909004999999999 0.015000000000000013 0.025329000000000046
11 0.9271875 0.45919350000000003 0.06562499999999993 0.05722299999999997
11 0.9759375 0.4620075 0.046875 0.10225099999999993
2 0.0284375 0.794559 0.056875 0.14634199999999997
2 0.039375 0.7551595 0.039999999999999994 0.07879900000000006
2 0.1040625 0.769231 0.09187499999999998 0.08817999999999993
2 0.2534375 0.7790809999999999 0.139375 0.19230800000000003
2 0.551875 0.7682925 0.04499999999999993 0.07504699999999997
