11 0.4108335 0.428125 0.24833300000000003 0.1775
11 0.596667 0.1984375 0.3 0.248125
11 0.9720835 0.7528125 0.054167000000000076 0.07187499999999991
2 0.0945835 0.916875 0.139167 0.04249999999999998
2 0.33375 0.9059375000000001 0.08916599999999997 0.03437499999999993
2 0.3783335 0.9015625 0.018332999999999988 0.02937500000000004
2 0.3804165 0.9040625 0.009167000000000036 0.020625000000000004
2 0.453333 0.9034375 0.05499999999999999 0.02937499999999993
2 0.5333335 0.89625 0.06833299999999998 0.03249999999999997
2 0.8545834999999999 0.940625 0.26916700000000005 0.11750000000000005
2 0.9379165 0.9203125 0.08416699999999999 0.04937499999999995
2 0.9491665 0.9025000000000001 0.06166700000000003 0.02749999999999997
