11 0.176758 0.32771249999999996 0.308594 0.15102699999999997
11 0.23584 0.760264 0.174804 0.151026
11 0.5190429999999999 0.213343 0.38183599999999995 0.139296
11 0.4643555 0.30718449999999997 0.11621099999999995 0.195015
11 0.504883 0.7507330000000001 0.16210999999999998 0.13783
4 0.067383 0.4516125 0.134766 0.11143699999999995
4 0.234863 0.453812 0.20800799999999997 0.10703799999999997
4 0.515137 0.4589445 0.194336 0.079179
4 0.789551 0.27785899999999997 0.35058600000000006 0.48827
4 0.93457 0.1517595 0.12890599999999997 0.303519
