8 0.039375 0.6516664999999999 0.035 0.02111099999999999
8 0.233125 0.6805555 0.06124999999999997 0.03888899999999995
8 0.29374999999999996 0.6172225 0.03375 0.016666999999999987
8 0.3365625 0.6105555 0.041874999999999996 0.025554999999999994
8 0.44625 0.646111 0.03125 0.02777800000000008
8 0.47062499999999996 0.7394445 0.03375 0.036667000000000005
8 0.6012500000000001 0.607222 0.03375000000000006 0.03222199999999997
8 0.6871875000000001 0.648889 0.03562499999999991 0.015556000000000014
8 0.815625 0.9088890000000001 0.11750000000000005 0.0822219999999999
8 0.8409375 0.766111 0.08687500000000004 0.050000000000000044
