0 0.7965625000000001 0.80881 0.22187499999999993 0.226804
0 0.916875 0.808341 0.04249999999999998 0.13214599999999999
0 0.9490625 0.7881915 0.034375000000000044 0.069353
4 0.020625 0.655108 0.04125 0.281162
4 0.065625 0.5417055 0.13125 0.511715
4 0.065 0.6579195 0.06 0.27928700000000006
4 0.09375 0.692596 0.06125 0.2080599999999999
4 0.67625 0.6504215 0.06499999999999995 0.12371100000000002
4 0.74875 0.656045 0.05874999999999997 0.09184599999999998
4 0.9253125 0.1059045 0.14812500000000006 0.209935
4 0.94875 0.4615745 0.10125000000000006 0.923149
