4 0.265625 0.2532835 0.5 0.429643
6 0.058124999999999996 0.531895 0.034999999999999996 0.022513999999999923
6 0.10468749999999999 0.519231 0.033125 0.040337999999999985
6 0.161875 0.52439 0.037500000000000006 0.065666
6 0.23875 0.5192304999999999 0.02999999999999997 0.051594999999999946
6 0.3675 0.52955 0.01749999999999996 0.038461999999999996
6 0.411875 0.621013 0.0625 0.06754199999999999
6 0.460625 0.510788 0.006249999999999978 0.02345200000000003
6 0.49312500000000004 0.548311 0.04375000000000001 0.066604
6 0.5271875 0.5257974999999999 0.026874999999999982 0.04596699999999998
6 0.6090625000000001 0.596154 0.0668749999999999 0.038461999999999996
4 0.7878125 0.2645405 0.423125 0.529081
