2 0.09531250000000001 0.39625 0.180625 0.21083399999999997
6 0.5778125000000001 0.8975 0.25187499999999996 0.20333400000000001
2 0.0115625 0.495 0.023125 0.10000000000000003
2 0.064375 0.3329165 0.12875 0.08083300000000004
2 0.3315625 0.4354165 0.22187500000000002 0.17916700000000002
2 0.4109375 0.3375 0.12062499999999998 0.05166599999999999
2 0.53125 0.415 0.3425 0.24833399999999994
2 0.825 0.49 0.34875 0.311666
2 0.7709375 0.3666665 0.21187499999999992 0.10333300000000001
2 0.94125 0.3408335 0.11624999999999996 0.086667
