9 0.27656250000000004 0.487839 0.05937500000000001 0.04209599999999997
9 0.3675 0.888681 0.125 0.16464
9 0.4175 0.847521 0.10749999999999998 0.16651000000000005
9 0.565 0.8189895 0.05625000000000002 0.12441500000000005
9 0.62 0.8437790000000001 0.06125000000000003 0.13657599999999992
4 0.08 0.1997195 0.16 0.399439
4 0.26625 0.222638 0.0925 0.445276
4 0.6915625000000001 0.2698785 0.11312500000000003 0.539757
4 0.7928124999999999 0.25304 0.145625 0.50608
4 0.9346875 0.2647335 0.12937500000000002 0.529467
