8 0.79125 0.3385785 0.26249999999999996 0.10862899999999998
4 0.0446875 0.253807 0.089375 0.507614
4 0.23249999999999998 0.3522845 0.04749999999999999 0.14010100000000003
4 0.27125 0.40152299999999996 0.048750000000000016 0.22842599999999996
4 0.2875 0.38578650000000003 0.034999999999999976 0.201015
4 0.314375 0.3923855 0.02124999999999999 0.20609100000000002
4 0.345 0.42081199999999996 0.03999999999999998 0.21827400000000002
4 0.37093750000000003 0.3715735 0.070625 0.32690299999999994
4 0.399375 0.4390865 0.04125000000000001 0.19593899999999997
4 0.423125 0.411675 0.05499999999999999 0.30355399999999993
4 0.4890625 0.4939085 0.135625 0.26497499999999996
4 0.4775 0.32538100000000003 0.04625000000000001 0.21827400000000002
4 0.5446875 0.6284265 0.07562500000000005 0.17461900000000008
4 0.62 0.45583799999999997 0.16375000000000006 0.257868
4 0.5925 0.562437 0.09375 0.16852799999999996
4 0.659375 0.094416 0.04874999999999996 0.097462
4 0.849375 0.3507615 0.30000000000000004 0.701523
