9 0.3434375 0.6822475 0.21187500000000004 0.554297
9 0.088125 0.469311 0.16874999999999998 0.691218
9 0.21500000000000002 0.4782815 0.15125000000000002 0.739377
9 0.5353125 0.4400375 0.391875 0.21907500000000002
9 0.5059374999999999 0.663834 0.186875 0.41359799999999997
9 0.6 0.606704 0.25500000000000006 0.401322
9 0.569375 0.36307849999999997 0.17000000000000004 0.43531699999999995
9 0.800625 0.575543 0.39749999999999996 0.342776
9 0.6621874999999999 0.325307 0.10562499999999997 0.355996
9 0.795625 0.3663835 0.09999999999999998 0.319169
9 0.905625 0.332861 0.10749999999999993 0.248348
