2 0.7039065 0.849299 0.07656299999999994 0.100468
2 0.1093745 0.7897195 0.12187499999999998 0.07943900000000004
2 0.3101565 0.8457945 0.07343699999999997 0.07943900000000004
2 0.31328100000000003 0.7990655 0.07031199999999999 0.060746999999999995
2 0.332031 0.665888 0.042188 0.04205599999999998
2 0.36015600000000003 0.8726635 0.07968800000000004 0.086449
2 0.397656 0.844626 0.06718800000000003 0.09579399999999993
2 0.4125 0.8189255 0.0625 0.086449
2 0.4960935 0.5759345 0.026563000000000003 0.030372999999999983
2 0.551563 0.603972 0.050000000000000044 0.03504600000000002
