4 0.16749999999999998 0.25875 0.308334 0.3625
1 0.5716669999999999 0.6312500000000001 0.82 0.5875
4 0.6241665000000001 0.198125 0.748333 0.35624999999999996
4 0.305 0.214375 0.07999999999999996 0.14875
4 0.33333349999999995 0.185625 0.033333 0.09625
4 0.3808335 0.168125 0.07166700000000004 0.12625000000000003
4 0.405 0.1125 0.04666600000000004 0.10250000000000001
4 0.4441665 0.15875 0.048333000000000015 0.09999999999999999
4 0.5 0.140625 0.063334 0.10875000000000001
2 0.5758335 0.6387499999999999 0.8416669999999999 0.5599999999999999
