2 0.3425 0.83145 0.19 0.20150599999999996
2 0.12937500000000002 0.86064 0.19125 0.21845599999999998
2 0.015 0.600753 0.03 0.06403000000000003
2 0.084375 0.793785 0.16625 0.16760799999999998
2 0.201875 0.4962335 0.08625 0.08097899999999997
2 0.298125 0.43032000000000004 0.04124999999999995 0.03954799999999997
2 0.309375 0.4548025 0.05625000000000002 0.050846999999999976
2 0.385625 0.4114875 0.03875000000000001 0.04331499999999999
2 0.411875 0.3719395 0.03875000000000001 0.03578100000000001
2 0.445625 0.53484 0.07125000000000004 0.079096
2 0.436875 0.40772149999999996 0.04375000000000001 0.047080999999999984
2 0.461875 0.3493405 0.02124999999999999 0.032015000000000016
2 0.49375 0.3766475 0.040000000000000036 0.037665000000000004
2 0.505 0.43032000000000004 0.04249999999999998 0.04331400000000002
2 0.528125 0.33992449999999996 0.01375000000000004 0.028249000000000024
2 0.6543749999999999 0.383239 0.07625000000000004 0.043313999999999964
2 0.64125 0.305085 0.04249999999999998 0.060263999999999984
2 0.824375 0.43408650000000004 0.053749999999999964 0.08851300000000001
2 0.8674999999999999 0.457627 0.10999999999999999 0.12052799999999997
2 0.94 0.393597 0.11750000000000005 0.07156400000000002
2 0.915 0.333333 0.012500000000000067 0.030131999999999992
2 0.964375 0.5564975000000001 0.06874999999999998 0.265537
2 0.9750000000000001 0.3276835 0.02749999999999997 0.026365000000000027
