6 0.1009375 0.15172750000000002 0.02562500000000001 0.04014900000000002
6 0.188125 0.303455 0.07875000000000001 0.052288
6 0.26375 0.23109249999999998 0.046249999999999986 0.015872999999999998
6 0.369375 0.1610645 0.011249999999999982 0.028945
6 0.4746875 0.3146595 0.07562499999999994 0.14379099999999997
6 0.7 0.3165265 0.06999999999999995 0.07843100000000003
6 0.78125 0.630252 0.03624999999999989 0.125116
6 0.8574999999999999 0.379552 0.03749999999999998 0.05135400000000001
6 0.8834375 0.22642400000000001 0.026874999999999982 0.025209999999999982
6 0.931875 0.1988795 0.030000000000000027 0.018675000000000025
6 0.9609375 0.746032 0.07687500000000003 0.306256
