11 0.3565625 0.554496 0.011874999999999969 0.03905599999999998
11 0.36812500000000004 0.5554045 0.00874999999999998 0.03723900000000002
11 0.6359375 0.23297 0.14187500000000008 0.12988199999999997
11 0.649375 0.339237 0.13124999999999998 0.11171599999999998
11 0.9846874999999999 0.33605799999999997 0.02937500000000004 0.14350599999999997
2 0.4996875 0.499546 0.999375 0.999092
2 0.0765625 0.6044505 0.148125 0.14441499999999996
2 0.48531250000000004 0.6253405000000001 0.026875000000000038 0.03905499999999995
2 0.4778125 0.626703 0.010625000000000051 0.02724799999999994
2 0.5396875 0.619891 0.028124999999999956 0.02452399999999999
2 0.5371874999999999 0.6248865 0.009375000000000022 0.016348999999999947
