4 0.031875 0.41500000000000004 0.06375 0.10500000000000004
4 0.1478125 0.4304165 0.168125 0.06416700000000003
4 0.3465625 0.44875 0.260625 0.07250000000000001
4 0.7521875 0.47875 0.04437500000000005 0.07749999999999996
4 0.8003125 0.470417 0.05812499999999998 0.1325
4 0.8521875 0.46125 0.05062499999999992 0.139166
4 0.8940625 0.47458350000000005 0.05687500000000001 0.14083300000000004
4 0.9440625 0.45999999999999996 0.05062500000000003 0.14666599999999996
4 0.985 0.47375 0.028750000000000053 0.17083399999999999
8 0.513125 0.324167 0.06375000000000003 0.04999999999999999
8 0.61875 0.332083 0.09375 0.0675
