6 0.899375 0.642115 0.16374999999999995 0.15864
8 0.0253125 0.12039649999999999 0.050625 0.04249299999999999
8 0.535 0.15203 0.05249999999999999 0.06421199999999999
6 0.1534375 0.8352219999999999 0.171875 0.269122
6 0.2584375 0.12134049999999999 0.02562499999999998 0.04249299999999999
6 0.3340625 0.1402265 0.03562500000000002 0.036827
6 0.4046875 0.098678 0.030624999999999958 0.05382400000000001
6 0.541875 0.6997165 0.15625 0.14164299999999996
6 0.494375 0.1458925 0.03375 0.04815900000000001
6 0.675625 0.5637395000000001 0.15500000000000003 0.08687499999999992
