1 0.2271875 0.6513845 0.296875 0.49665699999999996
4 0.08625000000000001 0.164279 0.17 0.105062
4 0.2784375 0.168577 0.239375 0.10219600000000001
4 0.5103125 0.1595035 0.17812499999999998 0.09169100000000001
4 0.8153125 0.160458 0.1881250000000001 0.10506200000000002
1 0.24031249999999998 0.25405900000000003 0.428125 0.13944600000000001
2 0.755 0.6131804999999999 0.053749999999999964 0.07449899999999998
2 0.7825 0.425979 0.030000000000000027 0.07067800000000002
2 0.8115625 0.45940800000000004 0.07562499999999994 0.08405000000000001
2 0.829375 0.5253099999999999 0.08999999999999997 0.137536
2 0.8943749999999999 0.631805 0.20499999999999996 0.197708
2 0.8321875000000001 0.348615 0.073125 0.06685799999999997
2 0.9490624999999999 0.4598855 0.09562499999999996 0.03724899999999998
2 0.9415625 0.335721 0.07937499999999997 0.07163399999999998
2 0.9725 0.30468 0.053749999999999964 0.07258799999999999
