9 0.034999999999999996 0.788333 0.03375 0.11499999999999999
9 0.0384375 0.6816665 0.019375 0.018333000000000044
9 0.052500000000000005 0.6879165 0.027500000000000004 0.02416699999999994
9 0.07625 0.7841665 0.03375 0.13833300000000004
9 0.0778125 0.69125 0.025624999999999995 0.02083400000000002
9 0.1028125 0.7795829999999999 0.045624999999999985 0.13249999999999995
9 0.109375 0.6879165 0.039999999999999994 0.02416699999999994
9 0.13656249999999998 0.8358335 0.014374999999999999 0.05166699999999991
9 0.15718749999999998 0.8425 0.021875000000000006 0.04500000000000004
9 0.1759375 0.8220835 0.023125000000000007 0.07916699999999999
9 0.18937500000000002 0.8270835 0.022499999999999992 0.07916699999999999
9 0.2109375 0.8108335 0.018125000000000002 0.10833300000000001
9 0.2196875 0.8158335 0.010624999999999996 0.10833300000000001
9 0.308125 0.8195835 0.02999999999999997 0.12916700000000003
9 0.3365625 0.817083 0.03437499999999999 0.12749999999999995
9 0.37093750000000003 0.8195835 0.030624999999999958 0.13583299999999998
9 0.401875 0.82125 0.03125 0.135834
9 0.44062500000000004 0.812083 0.03375 0.12749999999999995
9 0.5121875 0.8220835 0.029374999999999984 0.12583299999999997
9 0.57875 0.8254165 0.03374999999999995 0.1358330000000001
