8 0.1723855 0.395425 0.11274499999999998 0.03267999999999999
8 0.3153595 0.4297385 0.10457500000000003 0.04248299999999999
8 0.5522875 0.347222 0.12745100000000004 0.037582000000000004
8 0.7287585 0.33578399999999997 0.13071900000000003 0.03431400000000001
4 0.105392 0.151961 0.210784 0.303922
4 0.499183 0.254902 0.998366 0.509804
4 0.256536 0.1838235 0.287582 0.367647
4 0.495915 0.1846405 0.39052200000000004 0.369281
4 0.830882 0.21895399999999998 0.22385600000000005 0.25817
4 0.9305555 0.10212399999999999 0.135621 0.191176
