2 0.6478125 0.806637 0.680625 0.340708
11 0.0884375 0.632743 0.176875 0.24070800000000003
11 0.0646875 0.48141599999999996 0.119375 0.06902599999999998
11 0.170625 0.2685845 0.09250000000000001 0.39734499999999995
11 0.2846875 0.455752 0.03187499999999999 0.08672599999999997
11 0.3128125 0.444248 0.021874999999999978 0.08141599999999999
11 0.32718749999999996 0.44247800000000004 0.02437499999999998 0.07433600000000001
11 0.833125 0.5283185 0.02750000000000008 0.130973
11 0.8743749999999999 0.38982300000000003 0.03749999999999998 0.10000000000000003
11 0.925625 0.252655 0.0625 0.18849600000000002
11 0.958125 0.383186 0.06125000000000003 0.11681400000000003
2 0.1584375 0.7522125 0.316875 0.15221300000000004
2 0.41031249999999997 0.740708 0.28187500000000004 0.20884999999999998
