6 0.3 0.8115 0.13199999999999998 0.2330000000000001
6 0.128 0.636 0.021334000000000006 0.030000000000000027
6 0.176 0.6234999999999999 0.025333999999999995 0.029000000000000026
4 0.0456665 0.4375 0.091333 0.875
4 0.046333 0.192 0.046000000000000006 0.094
4 0.08766650000000001 0.198 0.043332999999999997 0.086
4 0.1356665 0.192 0.047333 0.094
4 0.175 0.195 0.048666000000000015 0.08399999999999999
4 0.2466665 0.3575 0.09466699999999997 0.715
4 0.3826665 0.4355 0.05333300000000002 0.14300000000000002
4 0.567667 0.189 0.414 0.346
4 0.49566699999999997 0.3055 0.25399999999999995 0.11699999999999999
4 0.4866665 0.3905 0.06933300000000003 0.10899999999999999
4 0.6986665000000001 0.273 0.13333300000000003 0.08199999999999999
4 0.6990000000000001 0.3955 0.05266599999999999 0.131
4 0.753 0.371 0.044666000000000095 0.11399999999999999
4 0.803667 0.298 0.04600000000000004 0.13999999999999999
4 0.8563335 0.38 0.06466700000000003 0.14600000000000002
4 0.8933329999999999 0.3065 0.06399999999999995 0.135
4 0.9236665 0.202 0.03933299999999995 0.04000000000000001
