2 0.1565625 0.7016055 0.12312500000000001 0.07743100000000003
0 0.7184375000000001 0.730406 0.17562500000000003 0.29745
4 0.4496875 0.6104815 0.023125000000000007 0.05382500000000001
4 0.490625 0.6317280000000001 0.053749999999999964 0.10764800000000008
4 0.5515625 0.6005665 0.078125 0.15864100000000003
4 0.6521875 0.5448535 0.07687500000000003 0.08876299999999993
4 0.724375 0.464117 0.06000000000000005 0.242682
4 0.78375 0.46695 0.04999999999999993 0.25212399999999996
4 0.821875 0.5661 0.030000000000000027 0.05004799999999998
4 0.8846875000000001 0.4981115 0.08062500000000006 0.16336099999999998
2 0.4871875 0.688385 0.03687499999999999 0.02077399999999996
2 0.5428124999999999 0.687913 0.03312499999999996 0.031161999999999912
2 0.60875 0.693579 0.04499999999999993 0.019829999999999903
