4 0.058125 0.052233 0.11625 0.104466
4 0.35250000000000004 0.064992 0.47000000000000003 0.129984
4 0.7946875 0.046252 0.40937500000000004 0.092504
1 0.505625 0.1451355 0.35875000000000007 0.16267900000000002
1 0.9184375 0.345694 0.161875 0.294258
2 0.0434375 0.15271099999999999 0.086875 0.101276
2 0.2559375 0.1407495 0.18187499999999998 0.12200899999999999
2 0.3646875 0.09968099999999999 0.04812499999999997 0.025518
2 0.831875 0.11762399999999999 0.22750000000000004 0.144338
2 0.755625 0.1116425 0.05125000000000002 0.022329
2 0.959375 0.1259965 0.05125000000000002 0.065391
2 0.9875 0.120813 0.02124999999999999 0.05502400000000002
