1 0.525 0.4735155 0.8049999999999999 0.414125
2 0.06 0.33467100000000005 0.09875 0.096308
4 0.1553125 0.2138845 0.104375 0.172553
4 0.2790625 0.18178149999999998 0.06562500000000002 0.11155699999999999
4 0.3909375 0.1344305 0.08812500000000001 0.05537700000000001
4 0.9009375 0.310995 0.06562499999999993 0.10513600000000001
4 0.9650000000000001 0.11115549999999999 0.03874999999999995 0.06019299999999998
2 0.018125 0.330658 0.03625 0.04815400000000003
2 0.0425 0.247191 0.0725 0.05296999999999996
2 0.20750000000000002 0.29534499999999997 0.07499999999999998 0.04975999999999997
2 0.3415625 0.2885235 0.03187499999999999 0.018459000000000003
2 0.360625 0.275682 0.05750000000000005 0.031299999999999994
2 0.9665625 0.4554575 0.06562500000000004 0.08105899999999999
