1 0.5190625 0.46 0.838125 0.606666
4 0.4996875 0.125 0.999375 0.25
4 0.124375 0.1079165 0.23875 0.215833
4 0.2884375 0.1245835 0.14312499999999997 0.120833
4 0.37906249999999997 0.17833300000000002 0.06562499999999999 0.1
4 0.43843750000000004 0.194167 0.04812500000000003 0.06
4 0.4771875 0.1054165 0.06062499999999993 0.210833
4 0.526875 0.08875 0.15749999999999997 0.175834
4 0.5325 0.07625 0.050000000000000044 0.1525
4 0.7128125000000001 0.08375 0.29437499999999994 0.1675
4 0.858125 0.147083 0.19999999999999996 0.1375
4 0.934375 0.0666665 0.13 0.133333
4 0.95625 0.165 0.08625000000000005 0.111666
2 0.21875 0.2866665 0.34624999999999995 0.196667
2 0.5578125 0.427917 0.859375 0.6025
