11 0.343125 0.792214 0.017500000000000016 0.029079999999999995
11 0.4840625 0.371951 0.29312499999999997 0.329268
11 0.3696875 0.790338 0.026874999999999982 0.025328000000000017
11 0.4009375 0.7884614999999999 0.030625000000000013 0.032833
11 0.57125 0.2340525 0.11249999999999993 0.049718999999999985
2 0.050312499999999996 0.8536585000000001 0.014375000000000006 0.007504999999999984
2 0.0765625 0.8527205 0.01062500000000001 0.005628999999999995
2 0.1546875 0.8700755 0.118125 0.13977499999999998
2 0.3771875 0.858349 0.080625 0.06754199999999999
2 0.5171875 0.846623 0.08687500000000004 0.11350799999999994
