9 0.047619 0.85625 0.095238 0.265
9 0.17923250000000002 0.8475 0.05158700000000002 0.22999999999999998
9 0.24536999999999998 0.8612500000000001 0.13359799999999997 0.275
9 0.3558205 0.836875 0.13227499999999998 0.25625
9 0.4874335 0.8656250000000001 0.12830700000000006 0.26625
9 0.541667 0.82125 0.070106 0.23749999999999993
9 0.6084655 0.808125 0.07142899999999996 0.23375
9 0.712302 0.8574999999999999 0.22883600000000004 0.25749999999999995
9 0.672619 0.805625 0.035714000000000024 0.22375
9 0.8273809999999999 0.855 0.12036999999999998 0.245
9 0.89418 0.784375 0.060845999999999956 0.16374999999999995
9 0.938492 0.8025 0.12037000000000009 0.21500000000000008
9 0.9252644999999999 0.765 0.02513299999999996 0.16749999999999998
