6 0.89875 0.5154785 0.15625 0.19230699999999995
6 0.065625 0.5464355 0.060000000000000005 0.10225100000000004
6 0.140625 0.589587 0.04625000000000001 0.08911800000000003
6 0.17093750000000002 0.551126 0.016875 0.06472800000000001
6 0.22218749999999998 0.5924015 0.019375000000000003 0.04409099999999999
6 0.2815625 0.5961535 0.038124999999999964 0.055347000000000035
6 0.393125 0.511726 0.06874999999999998 0.14352799999999993
6 0.5265625 0.8588180000000001 0.22812500000000002 0.18105000000000004
6 0.473125 0.510788 0.11125000000000007 0.19230799999999998
6 0.570625 0.4953095 0.0625 0.06941900000000001
6 0.6396875 0.5060975 0.078125 0.10600300000000001
6 0.6796875 0.431051 0.02937499999999993 0.066604
6 0.7709375 0.4587245 0.12812499999999993 0.05816099999999996
6 0.9434374999999999 0.597561 0.05312499999999998 0.08817999999999993
4 0.1753125 0.2237335 0.350625 0.447467
4 0.5103125 0.15197 0.325625 0.30394
4 0.6884375 0.053471 0.04437499999999994 0.106942
4 0.7825 0.033302 0.043749999999999956 0.066604
