0 0.718125 0.76625 0.12250000000000005 0.07250000000000001
0 0.9803125 0.7525 0.038124999999999964 0.053334000000000104
2 0.0578125 0.8641665 0.115625 0.088333
2 0.08 0.8512500000000001 0.11500000000000002 0.09249999999999992
2 0.1578125 0.8566670000000001 0.133125 0.08999999999999997
2 0.2790625 0.8533335 0.09187500000000001 0.06166700000000003
2 0.3365625 0.87625 0.15187499999999998 0.07083399999999995
2 0.520625 0.8666665 0.09874999999999995 0.05833299999999997
2 0.6053125 0.8795835000000001 0.09812500000000002 0.08083300000000004
2 0.6859375000000001 0.897917 0.145625 0.08250000000000002
2 0.7925 0.8879165 0.11375000000000002 0.07583300000000004
2 0.889375 0.855 0.12375000000000003 0.06499999999999995
