2 0.0478125 0.69125 0.095625 0.11250000000000004
0 0.5846875 0.5679165 0.691875 0.695833
4 0.1325 0.31125 0.265 0.6225
4 0.3071875 0.07625 0.135625 0.1525
4 0.320625 0.25375000000000003 0.145 0.22083400000000003
4 0.31562500000000004 0.43500000000000005 0.07 0.2
4 0.375625 0.1083335 0.05499999999999999 0.143333
4 0.4996875 0.0754165 0.16437500000000005 0.150833
4 0.60875 0.15583349999999999 0.28375 0.216667
4 0.57375 0.10208350000000001 0.19375000000000003 0.124167
4 0.725 0.0745835 0.10624999999999996 0.149167
4 0.84375 0.1466665 0.14500000000000002 0.293333
4 0.9209375 0.28375 0.156875 0.5675
4 0.919375 0.40625 0.14125 0.32916600000000007
2 0.10874999999999999 0.6470834999999999 0.04375 0.029167000000000054
2 0.17656249999999998 0.6712499999999999 0.174375 0.07750000000000001
2 0.26093750000000004 0.6995830000000001 0.06437500000000002 0.12750000000000006
2 0.2790625 0.635 0.046875 0.040000000000000036
