6 0.266875 0.85625 0.185 0.18416599999999994
6 0.0521875 0.38125 0.056875 0.1275
6 0.074375 0.37916649999999996 0.07 0.096667
6 0.24812499999999998 0.33791649999999995 0.04249999999999998 0.034167
6 0.365625 0.7429165 0.08625 0.16916700000000007
6 0.4753125 0.7366665 0.10687500000000005 0.15333299999999994
6 0.7040625 0.8245830000000001 0.12062499999999998 0.27749999999999997
6 0.7809375000000001 0.3354165 0.030625000000000013 0.035833000000000004
6 0.81 0.30874999999999997 0.03749999999999998 0.069166
6 0.8653124999999999 0.4325 0.104375 0.10999999999999999
