6 0.6331249999999999 0.6941839999999999 0.20000000000000007 0.23264600000000002
6 0.2596875 0.6491555 0.12562500000000001 0.18386499999999995
4 0.08 0.829268 0.1525 0.28517799999999993
4 0.48906249999999996 0.672608 0.06687499999999996 0.20262599999999997
4 0.7565625 0.737805 0.024375000000000036 0.03658600000000001
4 0.7971874999999999 0.7415575000000001 0.024374999999999925 0.03658499999999998
4 0.8709375 0.7209194999999999 0.02562500000000001 0.03658499999999998
4 0.9293750000000001 0.781895 0.13750000000000007 0.1285179999999999
4 0.8953125 0.7134145000000001 0.028125000000000067 0.03846099999999997
4 0.9368749999999999 0.686679 0.057499999999999996 0.061914000000000025
4 0.9568749999999999 0.704034 0.036250000000000004 0.04596600000000006
