6 0.4775 0.7119850000000001 0.17899999999999994 0.05618000000000001
6 0.0275 0.45543100000000003 0.055 0.022471999999999992
6 0.15100000000000002 0.45206 0.027999999999999997 0.015729999999999966
6 0.2025 0.473783 0.035 0.01722800000000002
6 0.2515 0.5370785 0.08299999999999999 0.07490700000000006
6 0.4295 0.48464399999999996 0.056999999999999995 0.022471999999999992
6 0.5875 0.6093635 0.052999999999999936 0.06516899999999992
6 0.9035 0.60824 0.10699999999999998 0.06741599999999992
6 0.969 0.5722845 0.06000000000000005 0.03595499999999996
4 0.2545 0.1617975 0.509 0.323595
4 0.521 0.238577 0.956 0.477154
