4 0.044375 0.25891200000000003 0.08875 0.283302
4 0.2440625 0.215291 0.455625 0.430582
4 0.4153125 0.321295 0.080625 0.130394
4 0.46187500000000004 0.2729835 0.05624999999999997 0.161351
4 0.670625 0.25 0.42500000000000004 0.5
4 0.51375 0.2443715 0.044999999999999984 0.12288899999999997
4 0.7609375 0.3639775 0.11687499999999995 0.230769
4 0.9203125000000001 0.229831 0.15812499999999996 0.459662
1 0.3571875 0.49577899999999997 0.27312500000000006 0.24108799999999997
1 0.528125 0.49765499999999996 0.14125 0.151032
1 0.65625 0.5093810000000001 0.14874999999999994 0.15197000000000005
