11 0.6865625 0.051666500000000004 0.020625000000000004 0.068333
11 0.6878124999999999 0.1779165 0.020625000000000004 0.035833000000000004
11 0.713125 0.11791650000000001 0.030000000000000027 0.019167000000000003
11 0.9340625 0.245 0.130625 0.15333399999999997
11 0.9521875 0.1041665 0.09437499999999999 0.156667
2 0.0690625 0.27125 0.138125 0.12250000000000003
2 0.224375 0.32375 0.235 0.199166
2 0.3371875 0.243333 0.05312500000000003 0.06
2 0.384375 0.24083349999999998 0.03375 0.05166699999999999
2 0.4221875 0.23875 0.015625 0.02916599999999997
2 0.4446875 0.24 0.009375000000000022 0.04000000000000001
