0 0.8458335 0.6096874999999999 0.306667 0.114375
4 0.0879165 0.4984375 0.175833 0.213125
4 0.3145835 0.48124999999999996 0.300833 0.28875
4 0.32375 0.455 0.29583400000000004 0.2975
4 0.49583350000000004 0.47875 0.31666700000000003 0.36874999999999997
4 0.5925 0.5821875 0.196666 0.05687500000000001
4 0.70875 0.4115625 0.30083400000000005 0.25812500000000005
4 0.786667 0.395 0.42500000000000004 0.31125
4 0.6641665000000001 0.43093750000000003 0.156667 0.34187500000000004
4 0.93125 0.39437500000000003 0.135834 0.33625
2 0.0395835 0.626875 0.079167 0.0625
2 0.9229164999999999 0.6209374999999999 0.145833 0.08187500000000003
2 0.969167 0.639375 0.06000000000000005 0.06125000000000003
