1 0.362474 0.49244299999999996 0.188666 0.15533199999999997
1 0.456807 0.4848865 0.09951600000000005 0.11502900000000005
1 0.522115 0.47145250000000005 0.08776800000000001 0.10663300000000003
1 0.5981339999999999 0.48488699999999996 0.07809199999999994 0.09487799999999996
1 0.685211 0.4995805 0.13890800000000003 0.20654900000000004
1 0.761576 0.494962 0.06772599999999995 0.140218
2 0.02557 0.554156 0.05114 0.13769999999999993
2 0.5425015 0.506297 0.06081499999999995 0.05877400000000005
2 0.82792 0.5491185 0.11471999999999993 0.134341
2 0.902557 0.714945 0.193504 0.56843
2 0.88217 0.562972 0.08776800000000007 0.14189799999999997
