2 0.35062499999999996 0.54625 0.13125000000000003 0.14083399999999996
0 0.60875 0.4045835 0.44 0.490833
2 0.1021875 0.5275000000000001 0.185625 0.10666600000000004
2 0.265625 0.5070835 0.11499999999999999 0.07583300000000004
2 0.8425 0.4975 0.03374999999999995 0.05999999999999994
2 0.88875 0.5079165 0.08250000000000002 0.06416700000000003
2 0.8715625 0.46375 0.021874999999999978 0.02416600000000002
2 0.9137500000000001 0.4766665 0.04250000000000009 0.04333300000000001
2 0.9540625 0.48 0.04312499999999997 0.03999999999999998
2 0.9521875 0.45958350000000003 0.02312499999999995 0.00916699999999998
2 0.9853125 0.475833 0.01937500000000003 0.03500000000000003
