11 0.1419755 0.3233505 0.11560100000000001 0.075521
11 0.21156 0.422309 0.12008999999999997 0.11892400000000003
11 0.22502850000000002 0.332031 0.07070699999999999 0.12065999999999999
11 0.2570145 0.17664950000000001 0.06958499999999998 0.08593700000000001
11 0.396184 0.1336805 0.30752 0.097223
11 0.4085295 0.2113715 0.2918069999999999 0.10677100000000003
11 0.4276095 0.32595450000000004 0.303031 0.111979
11 0.41133549999999997 0.43967 0.22558899999999998 0.091146
4 0.4506175 0.340712 0.894501 0.681424
4 0.282267 0.231337 0.548822 0.462674
4 0.885522 0.25 0.22671200000000002 0.5
