6 0.4146875 0.5290805000000001 0.11312499999999998 0.071295
6 0.1009375 0.4540335 0.074375 0.056284999999999974
6 0.1721875 0.304878 0.02687500000000001 0.018762
6 0.2446875 0.350375 0.028124999999999983 0.040337999999999985
6 0.284375 0.38930549999999997 0.05125000000000002 0.07317100000000004
6 0.3175 0.356942 0.012499999999999956 0.049717999999999984
6 0.504375 0.42635999999999996 0.05624999999999997 0.049717999999999984
6 0.548125 0.366792 0.036250000000000004 0.06941799999999998
6 0.5925 0.42542199999999997 0.06000000000000005 0.05159399999999997
6 0.9299999999999999 0.692777 0.12249999999999994 0.10600399999999999
