9 0.0740625 0.305417 0.130625 0.2975
9 0.09531250000000001 0.32375 0.139375 0.28583400000000003
9 0.14406249999999998 0.32 0.136875 0.20666600000000002
9 0.179375 0.419167 0.15000000000000002 0.32500000000000007
9 0.19937500000000002 0.1395835 0.12000000000000002 0.169167
9 0.2525 0.5420834999999999 0.15500000000000003 0.385833
9 0.26125 0.161667 0.11999999999999997 0.15499999999999997
9 0.29625 0.58 0.15375 0.4166659999999999
9 0.2875 0.23583300000000001 0.10874999999999999 0.21
9 0.3734375 0.6354165 0.164375 0.44416700000000003
9 0.365 0.270417 0.11375000000000002 0.18250000000000002
9 0.4040625 0.2845835 0.14437500000000003 0.180833
9 0.455 0.32375 0.14875000000000005 0.185834
9 0.491875 0.3320835 0.16249999999999998 0.175833
9 0.5325 0.48583350000000003 0.16375 0.358333
9 0.513125 0.1404165 0.08625000000000005 0.22583299999999998
9 0.5821875 0.1529165 0.11937500000000001 0.23416700000000001
9 0.6246875000000001 0.5329165 0.20437500000000008 0.394167
9 0.6246875000000001 0.1866665 0.09062500000000007 0.256667
9 0.6821875 0.2179165 0.125625 0.280833
9 0.7946875 0.7404165 0.171875 0.46083299999999994
9 0.788125 0.3375 0.14125 0.378334
9 0.8934375 0.7775000000000001 0.21187500000000004 0.443334
9 0.86875 0.34750000000000003 0.15500000000000003 0.313334
9 0.9478125 0.4116665 0.10312500000000002 0.251667
9 0.9703125 0.5208335 0.05812499999999998 0.408333
