6 0.0196875 0.809726 0.035625 0.04626999999999992
6 0.027187500000000003 0.7573185 0.030625000000000003 0.0226630000000001
6 0.058124999999999996 0.8961285 0.07 0.10009500000000005
6 0.143125 0.8980170000000001 0.0475 0.04532600000000009
6 0.29718750000000005 0.7053825 0.023125000000000007 0.035883
6 0.34187500000000004 0.709632 0.02250000000000002 0.033050000000000024
6 0.39749999999999996 0.7063265 0.04250000000000004 0.05099100000000001
6 0.4628125 0.7063269999999999 0.03687499999999999 0.06609999999999994
6 0.5390625 0.6298395 0.009374999999999911 0.01133099999999998
6 0.5706249999999999 0.6326725 0.012500000000000067 0.02455099999999999
6 0.5859375 0.6326725 0.010625000000000107 0.01699700000000004
6 0.60375 0.6402265 0.015000000000000013 0.02455099999999999
6 0.6225 0.6270065 0.008749999999999925 0.020774999999999988
6 0.6371875 0.6402265 0.018124999999999947 0.020774999999999988
6 0.88125 0.7219074999999999 0.04125000000000001 0.04627100000000006
6 0.938125 0.736544 0.06000000000000005 0.09442799999999996
2 0.22875 0.714353 0.4575 0.263456
2 0.7578125 0.59915 0.1881250000000001 0.05193599999999998
2 0.8684375 0.6586405 0.26187499999999997 0.129367
2 0.9121874999999999 0.67847 0.17437500000000006 0.136922
2 0.95 0.7247405 0.09875 0.172805
