0 0.4984375 0.575 0.22968699999999997 0.23541600000000001
1 0.8796875 0.7729165 0.14218699999999995 0.270833
2 0.6226565 0.7411460000000001 0.12812499999999993 0.130208
0 0.1339845 0.5260415 0.267969 0.122917
0 0.178516 0.45000000000000007 0.241406 0.12708400000000003
0 0.333594 0.572396 0.2875 0.273958
0 0.376953 0.3927085 0.114844 0.11666700000000002
0 0.4632815 0.422917 0.13281300000000007 0.09375
0 0.5320315 0.3625 0.09062499999999996 0.09375
0 0.5875 0.478646 0.12656200000000006 0.138542
0 0.6042970000000001 0.308333 0.05546799999999996 0.0625
0 0.6445315 0.40729150000000003 0.13437500000000002 0.09791699999999998
0 0.7039059999999999 0.502604 0.13281200000000004 0.17395799999999995
0 0.671875 0.29270799999999997 0.04843799999999998 0.05624999999999997
0 0.7621095 0.40208350000000004 0.097657 0.09791699999999998
0 0.7714840000000001 0.3458335 0.06484400000000001 0.03958299999999998
0 0.8523434999999999 0.4572915 0.08593700000000004 0.166667
0 0.970703 0.659375 0.05703199999999997 0.302084
1 0.132031 0.733854 0.264062 0.36145800000000006
1 0.2859375 0.459375 0.160937 0.12083400000000005
1 0.3796875 0.7286455000000001 0.276563 0.25312499999999993
1 0.742969 0.3390625 0.051562 0.09895900000000002
2 0.1382815 0.925 0.276563 0.14791600000000005
2 0.6734375 0.622917 0.09687500000000004 0.09375
2 0.6929685 0.346875 0.028124999999999956 0.03125
2 0.7140625 0.336458 0.015625 0.03125
2 0.7773435 0.479167 0.046875 0.05624999999999997
