2 0.9083335 0.895 0.18333299999999997 0.19999999999999996
2 0.0195835 0.4825 0.039167 0.04749999999999999
2 0.30000000000000004 0.5225 0.07500000000000001 0.052499999999999936
2 0.36375 0.52625 0.05249999999999999 0.04499999999999993
2 0.45375 0.508125 0.025834000000000024 0.031250000000000056
2 0.45416650000000003 0.53625 0.026667000000000052 0.03249999999999997
2 0.5191665 0.559375 0.09333300000000005 0.04874999999999996
2 0.5716665000000001 0.5862499999999999 0.09166700000000005 0.05999999999999994
2 0.59375 0.55 0.04583399999999993 0.04249999999999998
2 0.6375 0.5118750000000001 0.021666000000000074 0.02375000000000005
2 0.8695835000000001 0.596875 0.14416700000000005 0.061249999999999916
