6 0.7828124999999999 0.8725 0.259375 0.186666
8 0.3128125 0.3941665 0.024375000000000036 0.006667000000000034
8 0.3609375 0.39 0.029374999999999984 0.01166600000000001
8 0.5028125 0.4425 0.011875000000000024 0.006666000000000005
8 0.7825 0.3279165 0.08750000000000002 0.035833000000000004
6 0.2740625 0.5 0.03187499999999999 0.043333999999999984
6 0.303125 0.5495835 0.03875000000000001 0.02416700000000005
6 0.358125 0.58125 0.07124999999999998 0.04249999999999998
6 0.41500000000000004 0.5395835 0.04250000000000004 0.035833000000000004
6 0.47624999999999995 0.6054165 0.07249999999999995 0.035833000000000004
6 0.6390625 0.595 0.046875 0.043333999999999984
