2 0.1276045 0.6030275 0.234375 0.16113300000000008
11 0.688802 0.616211 0.08333400000000002 0.0625
2 0.409505 0.532715 0.037760000000000016 0.03417999999999999
2 0.42708349999999995 0.4995115 0.044271000000000005 0.030272999999999994
2 0.498047 0.503418 0.08984400000000003 0.028319999999999956
2 0.535156 0.520508 0.02604200000000001 0.017577999999999983
2 0.5507815 0.5224610000000001 0.04166700000000001 0.021483999999999948
2 0.58138 0.5268555 0.06640599999999997 0.03613299999999997
2 0.585286 0.535156 0.029947999999999975 0.017577999999999983
2 0.5878909999999999 0.541992 0.029947999999999975 0.017577999999999983
2 0.68099 0.547363 0.18489599999999995 0.04199199999999992
2 0.6354165 0.5273435 0.07291700000000001 0.025391000000000052
