4 0.1090625 0.3641665 0.218125 0.343333
4 0.11499999999999999 0.4866665 0.15625 0.16333299999999995
4 0.2009375 0.5241665 0.09812499999999999 0.24333299999999997
4 0.4403125 0.400417 0.366875 0.6975
4 0.30125 0.52875 0.07874999999999999 0.18583399999999994
4 0.35875 0.4554165 0.12375000000000003 0.19083300000000003
4 0.7965625000000001 0.5370835 0.405625 0.350833
3 0.3421875 0.6329165 0.05687500000000001 0.06416700000000009
3 0.43625 0.6329165 0.15750000000000003 0.18083300000000002
3 0.745625 0.6404164999999999 0.16625 0.2241669999999999
3 0.849375 0.6395835000000001 0.04625000000000001 0.11583299999999996
