8 0.160443 0.307 0.036076 0.028000000000000025
6 0.1443035 0.6745 0.12278499999999999 0.17700000000000005
6 0.2053795 0.615 0.08291100000000001 0.1499999999999999
6 0.628481 0.548 0.08860800000000002 0.118
6 0.7642405 0.5820000000000001 0.08291099999999996 0.134
6 0.908228 0.5800000000000001 0.08227799999999996 0.14200000000000002
2 0.0392405 0.164 0.078481 0.174
2 0.0468355 0.5 0.093671 0.30000000000000004
2 0.23512650000000002 0.22049999999999997 0.360127 0.259
2 0.1547465 0.0585 0.14493699999999998 0.117
2 0.26803750000000004 0.119 0.271519 0.178
2 0.4664555 0.0365 0.10759499999999994 0.073
2 0.5731010000000001 0.1575 0.13607599999999997 0.21500000000000002
2 0.5556965 0.0335 0.081013 0.067
2 0.618987 0.0275 0.09999999999999998 0.055
2 0.801582 0.184 0.35 0.276
2 0.8126585 0.025 0.07721499999999992 0.05
2 0.9689875 0.07999999999999999 0.06075900000000001 0.12399999999999999
