1 0.1435 0.51949 0.28099999999999997 0.292354
4 0.019 0.31709149999999997 0.038 0.11244300000000002
4 0.4965 0.382309 0.493 0.11094399999999999
4 0.387 0.446777 0.08600000000000002 0.21589199999999997
4 0.365 0.40479750000000003 0.016000000000000014 0.041979000000000044
4 0.4355 0.3935535 0.123 0.08245899999999995
4 0.5255000000000001 0.39280349999999997 0.02100000000000002 0.06596700000000005
4 0.5495 0.40854599999999996 0.03299999999999992 0.04347799999999996
4 0.812 0.35907049999999996 0.08399999999999996 0.010494999999999977
4 0.8065 0.4107945 0.0129999999999999 0.014993000000000034
4 0.824 0.4115445 0.018000000000000016 0.022489000000000037
4 0.928 0.368066 0.008000000000000007 0.013494000000000006
4 0.94 0.3695655 0.0040000000000000036 0.010495000000000032
4 0.9495 0.3725635 0.0050000000000000044 0.010495000000000032
1 0.9275 0.47076450000000003 0.131 0.09895100000000001
