1 0.0734375 0.5525835 0.146875 0.24206700000000003
1 0.24125 0.5185855 0.18624999999999997 0.139619
1 0.41812499999999997 0.50544 0.08625 0.106074
1 0.48687499999999995 0.5 0.10249999999999998 0.12057999999999996
1 0.5765625 0.490027 0.07687500000000003 0.10788799999999998
1 0.624375 0.486854 0.03249999999999997 0.06527599999999995
1 0.6896875 0.488214 0.034375000000000044 0.051678
1 0.7321875 0.486401 0.03687499999999999 0.055303999999999964
1 0.7884374999999999 0.48096099999999997 0.03187499999999999 0.03717200000000004
1 0.8078125 0.475068 0.021874999999999978 0.02538600000000002
1 0.826875 0.4732545 0.011249999999999982 0.02175900000000003
1 0.8374999999999999 0.4687215 0.0050000000000000044 0.016318999999999972
2 0.241875 0.571623 0.16374999999999998 0.116954
