6 0.6103125 0.7666665 0.08562499999999995 0.12833300000000003
4 0.0928125 0.3141665 0.06937499999999999 0.11166700000000002
6 0.037500000000000006 0.5070835 0.04 0.04583300000000001
6 0.09062500000000001 0.504583 0.045 0.027500000000000024
6 0.13874999999999998 0.48916650000000006 0.04000000000000001 0.048333000000000015
6 0.2165625 0.4883335 0.028124999999999983 0.04666699999999996
6 0.24906250000000002 0.4716665 0.010625000000000023 0.04166700000000001
6 0.3103125 0.48041649999999997 0.04312499999999997 0.044166999999999956
6 0.4903125 0.8808335 0.16812499999999997 0.218333
6 0.7790625 0.445 0.024375000000000036 0.040000000000000036
6 0.9196875 0.436667 0.02187500000000009 0.03999999999999998
6 0.9453125 0.4345835 0.020624999999999893 0.035833000000000004
4 0.0159375 0.3133335 0.031875 0.08333299999999999
4 0.10625000000000001 0.38249999999999995 0.042499999999999996 0.05499999999999999
4 0.145625 0.30833350000000004 0.05125000000000002 0.06166699999999997
4 0.3159375 0.2925 0.05437500000000001 0.04166599999999998
4 0.4440625 0.31666649999999996 0.05187499999999995 0.06166699999999997
4 0.5603125 0.3179165 0.051875000000000004 0.08416699999999999
4 0.5759375 0.3625 0.023125000000000062 0.056665999999999994
4 0.63375 0.35291649999999997 0.07750000000000001 0.11083300000000001
4 0.6471875 0.33999999999999997 0.06062500000000004 0.15666600000000003
4 0.7015625 0.3570835 0.05812499999999998 0.13583299999999998
4 0.7959375 0.3366665 0.08437499999999998 0.156667
4 0.86375 0.34750000000000003 0.10125000000000006 0.15166600000000002
