2 0.0709375 0.7554164999999999 0.141875 0.11916699999999991
11 0.401875 0.685 0.04249999999999998 0.05500000000000005
11 0.440625 0.6325 0.03500000000000003 0.05333399999999999
11 0.518125 0.36250000000000004 0.15375 0.325
11 0.7334375 0.6904165 0.018125000000000058 0.02416700000000005
11 0.7740625 0.575 0.04812499999999997 0.05500000000000005
11 0.774375 0.6395835000000001 0.04125000000000001 0.060833000000000026
2 0.4075 0.7462500000000001 0.10874999999999996 0.08916599999999997
2 0.4715625 0.7375 0.04812499999999997 0.058334
2 0.661875 0.7370835 0.10875000000000001 0.035833000000000004
2 0.8456250000000001 0.750833 0.036250000000000004 0.050000000000000044
