0 0.7462500000000001 0.6722845 0.21125000000000005 0.20599299999999998
4 0.1653125 0.3567415 0.330625 0.713483
4 0.2309375 0.37359549999999997 0.461875 0.614233
4 0.44625000000000004 0.579588 0.13375000000000004 0.08988799999999997
4 0.47375 0.577715 0.06000000000000005 0.13670399999999994
4 0.503125 0.545412 0.09124999999999994 0.18258400000000002
4 0.58375 0.4719105 0.19874999999999998 0.378277
4 0.6799999999999999 0.3483145 0.17000000000000004 0.376405
4 0.7515625 0.3455055 0.224375 0.6273409999999999
4 0.758125 0.520131 0.10375000000000001 0.13576799999999994
4 0.8668750000000001 0.3529965 0.265 0.674157
4 0.9003125000000001 0.1858615 0.198125 0.371723
4 0.886875 0.5308984999999999 0.11250000000000004 0.292135
4 0.94 0.5355805 0.09375 0.258427
2 0.2128125 0.6095505 0.133125 0.08052499999999996
2 0.3071875 0.6076779999999999 0.05812499999999998 0.0692879999999999
2 0.6040625 0.6718165 0.07687499999999992 0.05524300000000004
2 0.6231249999999999 0.6629214999999999 0.05874999999999997 0.06179699999999999
