1 0.519375 0.5416665 0.8575 0.778333
4 0.0165625 0.1933335 0.023125 0.008333000000000007
4 0.13468750000000002 0.18916650000000002 0.019375000000000003 0.016667000000000015
4 0.16375 0.2008335 0.03375 0.05166700000000002
4 0.218125 0.197083 0.07750000000000001 0.0325
4 0.5934375000000001 0.18625 0.014374999999999916 0.014166000000000012
4 0.795 0.1716665 0.32375 0.07833299999999999
4 0.8796875 0.20916649999999998 0.028125000000000067 0.058332999999999996
4 0.9784375000000001 0.1775 0.041874999999999996 0.07166600000000001
1 0.864375 0.21416649999999998 0.07624999999999993 0.046666999999999986
1 0.9393750000000001 0.211667 0.07874999999999999 0.044999999999999984
