11 0.272461 0.5559895 0.205078 0.11197900000000005
11 0.39160150000000005 0.654297 0.025390999999999997 0.024739999999999984
11 0.4589845 0.5833335 0.039063000000000014 0.05208299999999999
11 0.562012 0.5826825 0.02050800000000008 0.022135000000000016
11 0.6777345 0.5670575 0.021484999999999976 0.022135000000000016
4 0.104492 0.3626305 0.208984 0.259115
4 0.36425799999999997 0.463542 0.31836 0.43229199999999995
4 0.6318360000000001 0.42903600000000003 0.23242200000000002 0.407552
4 0.823242 0.45377599999999996 0.15234400000000003 0.259114
4 0.957031 0.5462235 0.08398399999999995 0.20182300000000003
