0 0.380625 0.1491665 0.35375 0.26166700000000004
4 0.22625 0.0208335 0.1 0.041667
4 0.833125 0.0708335 0.33125000000000004 0.141667
4 0.8225 0.0766665 0.03249999999999997 0.153333
2 0.09625 0.21500000000000002 0.1925 0.156666
2 0.28125 0.633333 0.5625 0.73
2 0.20124999999999998 0.2316665 0.024999999999999994 0.05333299999999999
2 0.506875 0.349167 0.23625000000000002 0.32499999999999996
2 0.5762499999999999 0.1783335 0.039999999999999925 0.026666999999999996
2 0.609375 0.1783335 0.028750000000000053 0.026666999999999996
