6 0.305625 0.786184 0.155 0.2847740000000001
8 0.053125 0.386748 0.0475 0.029135999999999995
8 0.3340625 0.23731200000000002 0.06687500000000002 0.04605200000000001
8 0.4559375 0.28242500000000004 0.06187500000000001 0.02537600000000001
8 0.6084375 0.2777255 0.05937500000000007 0.034775
8 0.7571874999999999 0.268327 0.07187500000000002 0.03477400000000003
6 0.0459375 0.7467105 0.091875 0.16823299999999997
6 0.6128125 0.710526 0.12937500000000002 0.14849599999999996
6 0.924375 0.6968985 0.011250000000000093 0.04041300000000003
6 0.9471875 0.662124 0.026874999999999982 0.059209999999999985
6 0.9853125 0.6705825 0.028125000000000067 0.09680500000000003
