6 0.590625 0.6343719999999999 0.08250000000000002 0.11002999999999996
6 0.0540625 0.704966 0.078125 0.06816
6 0.12031249999999999 0.573028 0.023124999999999993 0.07497599999999993
6 0.198125 0.6129505 0.05125000000000002 0.06329099999999999
6 0.375625 0.764362 0.04749999999999999 0.07205400000000006
6 0.4346875 0.6494645 0.073125 0.0778970000000001
6 0.5328124999999999 0.7838365 0.06187500000000001 0.06231700000000007
6 0.6699999999999999 0.617819 0.05874999999999997 0.12950400000000006
6 0.799375 0.5900685 0.06874999999999998 0.1655310000000001
4 0.7931250000000001 0.208861 0.4125 0.417722
