11 0.430625 0.268333 0.14374999999999993 0.09999999999999998
11 0.5740624999999999 0.23541649999999997 0.135625 0.03083299999999997
11 0.5746875 0.2683335 0.13437500000000002 0.031667
4 0.0840625 0.5116665 0.168125 0.568333
4 0.233125 0.6066665 0.2625 0.366667
4 0.47406249999999994 0.675 0.13937499999999997 0.21333400000000002
4 0.6021875000000001 0.7 0.10312500000000002 0.12166599999999994
4 0.6865625 0.700833 0.04562500000000003 0.09999999999999998
4 0.7790625 0.6954165 0.12937500000000002 0.16916700000000007
4 0.906875 0.5783335000000001 0.15250000000000008 0.313333
