0 0.0878125 0.282833 0.175625 0.17354599999999998
0 0.204375 0.565666 0.40875 0.525328
0 0.4371875 0.4727955 0.5343749999999999 0.945591
0 0.75 0.6116325 0.03875000000000006 0.030019000000000018
0 0.754375 0.4723265 0.040000000000000036 0.036585000000000034
0 0.754375 0.5614444999999999 0.03749999999999998 0.030957000000000012
0 0.8009375000000001 0.564259 0.03312499999999996 0.03658600000000001
0 0.8031250000000001 0.5182925 0.03749999999999998 0.032833
0 0.8021875 0.610225 0.030625000000000013 0.03658600000000001
0 0.8049999999999999 0.4704505 0.036250000000000004 0.032833
