4 0.88375 0.34625 0.19625000000000004 0.6458339999999999
1 0.3978125 0.625 0.128125 0.125
4 0.1328125 0.3341665 0.265625 0.668333
4 0.20937499999999998 0.295833 0.12499999999999997 0.5800000000000001
4 0.253125 0.4075 0.06874999999999998 0.20833399999999996
4 0.29312499999999997 0.4441665 0.04750000000000004 0.20166700000000004
4 0.34625 0.4354165 0.04500000000000004 0.17416699999999996
4 0.405625 0.4191665 0.06374999999999997 0.14833300000000005
4 0.48624999999999996 0.4670835 0.03875000000000001 0.06583299999999997
4 0.5696874999999999 0.40875 0.05312499999999998 0.16916600000000004
4 0.616875 0.416667 0.0625 0.10499999999999998
4 0.6575 0.39749999999999996 0.07125000000000004 0.136666
4 0.7303124999999999 0.4508335 0.09562499999999996 0.256667
2 0.399375 0.6258334999999999 0.10875000000000001 0.11333300000000002
