1 0.4867185 0.5632815 0.535937 0.292187
2 0.13437500000000002 0.5992185 0.25 0.20156299999999994
2 0.071094 0.536719 0.142188 0.10156200000000004
2 0.1703125 0.5312494999999999 0.05624899999999999 0.06562499999999993
2 0.211719 0.5281255 0.023437999999999987 0.028124999999999956
2 0.236719 0.5375 0.03281199999999998 0.04062600000000005
2 0.4906255 0.5656255 0.478125 0.27187500000000003
2 0.753906 0.5304690000000001 0.06718800000000003 0.03906200000000004
2 0.824219 0.5765625 0.18593800000000005 0.13124899999999995
2 0.9296875 0.5867185 0.1375010000000001 0.17968699999999999
2 0.9078125 0.5351565 0.06562500000000004 0.051563000000000025
