4 0.055625 0.369606 0.10375 0.739212
4 0.1784375 0.2575045 0.083125 0.515009
4 0.286875 0.184334 0.0925 0.368668
4 0.396875 0.24015 0.10249999999999998 0.4803
4 0.5053125 0.218105 0.09562499999999996 0.43621
4 0.57875 0.1890245 0.06125000000000003 0.378049
4 0.799375 0.1167915 0.4 0.233583
4 0.6575 0.1439965 0.05500000000000005 0.287993
4 0.701875 0.1890245 0.04125000000000001 0.378049
4 0.80375 0.1890245 0.05500000000000005 0.378049
4 0.8653124999999999 0.1782365 0.041874999999999996 0.356473
8 0.5671875 0.42542199999999997 0.06312499999999999 0.059099999999999986
