0 0.026953 0.539906 0.039844 0.03755799999999998
0 0.6625 0.4970655 0.673438 0.994131
4 0.3183595 0.4489435 0.04140700000000003 0.156103
4 0.335938 0.3562205 0.0625 0.327465
4 0.36875 0.2165495 0.07500000000000001 0.179577
4 0.4167965 0.205986 0.05546899999999999 0.11150199999999999
4 0.459375 0.149648 0.08124999999999999 0.200704
4 0.5523435000000001 0.133216 0.089063 0.14201799999999998
4 0.645703 0.0698355 0.08515600000000001 0.139671
4 0.7171875000000001 0.051643 0.089063 0.103286
4 0.7871095 0.039906 0.08671899999999999 0.079812
4 0.885156 0.0176055 0.12968799999999991 0.035211
2 0.30156249999999996 0.61561 0.039063000000000014 0.088028
