6 0.061288 0.573239 0.06379 0.029108000000000023
6 0.1841775 0.6131455 0.04065099999999999 0.08075100000000002
6 0.249531 0.6253525 0.10506599999999999 0.14460099999999998
6 0.29299549999999996 0.5915495 0.018137000000000014 0.0807509999999999
6 0.3996245 0.5492954999999999 0.05628500000000003 0.026290999999999953
6 0.4674795 0.6079815 0.025641000000000025 0.117371
6 0.4803005 0.5990610000000001 0.017511 0.07699599999999995
6 0.543152 0.702817 0.12570399999999998 0.123004
6 0.5969355000000001 0.5422534999999999 0.01813699999999996 0.03661900000000007
6 0.6594745 0.5896715 0.07442099999999996 0.04319300000000004
6 0.7570355 0.667136 0.101939 0.07417799999999997
6 0.8683555000000001 0.5633805000000001 0.08692899999999992 0.08638500000000005
6 0.963415 0.673709 0.07191999999999998 0.0366200000000001
4 0.1278925 0.162911 0.255785 0.325822
4 0.4871795 0.17277 0.470293 0.34554
4 0.8436525 0.1014085 0.31144499999999997 0.202817
