2 0.213125 0.7862435 0.27 0.23703699999999994
2 0.0921875 0.704233 0.138125 0.14497399999999994
2 0.2728125 0.6888885 0.12062500000000001 0.088889
2 0.40218750000000003 0.6931215 0.11562500000000003 0.09735499999999997
2 0.463125 0.6714285 0.040000000000000036 0.049734999999999974
2 0.5378125 0.6777774999999999 0.07187500000000002 0.04550299999999996
2 0.780625 0.7560845 0.09624999999999995 0.11111100000000007
2 0.6609375 0.6767195 0.020625000000000004 0.03915299999999999
2 0.7418750000000001 0.689947 0.04999999999999993 0.06984199999999996
2 0.7815624999999999 0.69418 0.073125 0.061375999999999986
2 0.8868750000000001 0.7492065 0.09625000000000006 0.088889
2 0.9421875 0.7862435 0.114375 0.11428499999999997
