0 0.193125 0.4934395 0.1975 0.34208099999999997
0 0.3815625 0.46063750000000003 0.05687499999999995 0.04592299999999999
2 0.236875 0.558107 0.165 0.24835999999999997
2 0.30374999999999996 0.5243675 0.06124999999999997 0.10028100000000001
2 0.35125 0.556701 0.06125000000000003 0.153702
2 0.4515625 0.5548265 0.17812500000000003 0.223055
2 0.5428125 0.4803185 0.06812499999999999 0.03467700000000001
2 0.559375 0.5337395 0.0675 0.126523
2 0.5965625 0.542643 0.046875 0.15932600000000002
2 0.7075 0.515464 0.15625 0.236176
