9 0.168945 0.3314695 0.052734 0.15175699999999998
9 0.1875 0.6948885 0.06640600000000002 0.20447300000000002
9 0.230957 0.338658 0.028320000000000012 0.159744
9 0.2519535 0.6717255 0.06054700000000002 0.12300299999999997
9 0.26416 0.744409 0.05957000000000001 0.09904200000000007
9 0.2700195 0.419329 0.06152300000000002 0.14217199999999997
9 0.2719725 0.6341855000000001 0.04394500000000001 0.07348300000000008
9 0.27050799999999997 0.107029 0.03515600000000002 0.09904199999999999
9 0.2954105 0.13258799999999998 0.06738300000000003 0.15016
9 0.30517550000000004 0.428914 0.04003899999999999 0.18370599999999998
9 0.31640650000000003 0.741214 0.039063000000000014 0.11821000000000004
9 0.390625 0.7372205000000001 0.058594000000000035 0.1996810000000001
9 0.43310550000000003 0.7204475 0.026366999999999974 0.21405699999999994
9 0.470703 0.7148559999999999 0.041016 0.17731599999999992
9 0.486328 0.689297 0.04101599999999994 0.14217200000000008
9 0.5249025 0.6964859999999999 0.032227000000000006 0.19488800000000006
9 0.5966795 0.401757 0.05664100000000005 0.174122
9 0.6284179999999999 0.40734800000000004 0.05957000000000001 0.21725200000000006
9 0.687012 0.373003 0.024414000000000047 0.21885000000000004
9 0.7338865 0.345048 0.0498050000000001 0.159744
