11 0.596094 0.777344 0.02343800000000007 0.05468799999999996
11 0.609375 0.7981769999999999 0.009373999999999993 0.02343799999999996
11 0.676563 0.4674475 0.07499999999999996 0.169271
11 0.6570309999999999 0.701823 0.02343799999999996 0.05989599999999995
11 0.753125 0.46614599999999995 0.06874999999999998 0.15624999999999994
11 0.8984375 0.47265599999999997 0.2000010000000001 0.158854
2 0.385156 0.8658855000000001 0.16406200000000004 0.19531299999999996
2 0.46875 0.858073 0.071874 0.15364599999999995
2 0.725 0.846354 0.09062400000000004 0.11458399999999991
2 0.794531 0.8346355 0.04531200000000002 0.06510499999999997
2 0.8257815 0.8203125 0.035937 0.046875
2 0.8898435 0.8203125 0.014062999999999937 0.02604099999999998
2 0.9296875 0.8216144999999999 0.015625 0.02343700000000004
