4 0.09625 0.2708335 0.1925 0.35166699999999995
4 0.31937499999999996 0.2820835 0.30124999999999996 0.564167
4 0.610625 0.1529165 0.30750000000000005 0.305833
4 0.85625 0.2404165 0.28375000000000006 0.480833
3 0.30093749999999997 0.445 0.09687499999999999 0.09833400000000003
3 0.38125 0.4466665 0.11249999999999999 0.098333
3 0.5125 0.4425 0.11875000000000002 0.11999999999999994
3 0.6403125000000001 0.44499999999999995 0.14187500000000008 0.121666
3 0.8043750000000001 0.45875 0.19374999999999998 0.11249999999999999
3 0.9546875 0.43375 0.08937499999999998 0.1925
