5 0.033594 0.175 0.067188 0.15
5 0.0570315 0.601042 0.114063 0.25625000000000003
5 0.10234349999999999 0.627083 0.176563 0.1875
5 0.103906 0.203125 0.14843800000000001 0.18541600000000003
5 0.557812 0.8833335 0.10624999999999996 0.141667
5 0.5749995 0.8333335 0.1343749999999999 0.1416670000000001
5 0.5554684999999999 0.621875 0.08593700000000004 0.160416
5 0.578125 0.2989585 0.1218760000000001 0.11458300000000002
5 0.6414059999999999 0.63125 0.10156200000000004 0.11250000000000004
5 0.81875 0.6052085 0.125 0.15208299999999997
5 0.8093755 0.37916649999999996 0.09687500000000004 0.091667
5 0.8179685 0.8375 0.09218700000000002 0.09166600000000003
5 0.8585935 0.7989585 0.067187 0.12291699999999994
