11 0.974375 0.48958350000000006 0.050000000000000044 0.07916700000000004
2 0.140625 0.6541669999999999 0.15500000000000003 0.15499999999999992
2 0.16625 0.567917 0.026249999999999996 0.02750000000000008
2 0.18375 0.5779164999999999 0.044999999999999984 0.03583299999999989
2 0.2534375 0.5670835000000001 0.03187499999999999 0.029167000000000054
2 0.3240625 0.55125 0.015625 0.02083400000000002
2 0.3540625 0.5408335 0.014375000000000027 0.01333300000000004
2 0.3653125 0.5449999999999999 0.015625 0.01833399999999996
2 0.378125 0.5700000000000001 0.03125 0.03833399999999998
2 0.49343750000000003 0.552083 0.01937500000000003 0.022499999999999964
