4 0.5715625 0.32572399999999996 0.171875 0.622494
11 0.20906249999999998 0.35690449999999996 0.06812500000000002 0.12138100000000002
11 0.8240625 0.4097995 0.078125 0.20267300000000005
11 0.8153125 0.660913 0.026874999999999982 0.052337999999999996
11 0.8159375 0.5979955 0.028124999999999956 0.06013299999999999
11 0.8178125 0.5428729999999999 0.024374999999999925 0.054566
4 0.0996875 0.332962 0.199375 0.665924
4 0.15437499999999998 0.4365255 0.20875 0.47216100000000005
4 0.2965625 0.5768375 0.02937500000000004 0.10022299999999995
4 0.3125 0.521715 0.03874999999999995 0.11915400000000004
4 0.3234375 0.585746 0.021874999999999978 0.10022200000000003
4 0.33968750000000003 0.510579 0.02437499999999998 0.05902000000000002
4 0.3465625 0.567372 0.03187499999999999 0.11915399999999998
4 0.366875 0.498886 0.03249999999999997 0.091314
4 0.3740625 0.564588 0.030625000000000013 0.09354200000000001
4 0.39656250000000004 0.5116925 0.02437499999999998 0.06570100000000001
4 0.4040625 0.561804 0.03937499999999999 0.14810600000000002
4 0.44125000000000003 0.561804 0.07 0.16146999999999995
4 0.474375 0.544543 0.040000000000000036 0.182628
4 0.49624999999999997 0.561804 0.03999999999999998 0.143652
4 0.545625 0.521715 0.10749999999999998 0.30178200000000005
4 0.6615625 0.4949885 0.155625 0.406459
4 0.7453125 0.4398665 0.135625 0.342985
4 0.8518749999999999 0.4454345 0.11249999999999993 0.654789
4 0.925 0.281737 0.14875000000000005 0.563474
