2 0.479583 0.9603125 0.13749999999999996 0.05437500000000006
11 0.49083350000000003 0.751875 0.631667 0.14500000000000002
11 0.481667 0.6134375000000001 0.5850000000000001 0.114375
11 0.4820835 0.49812500000000004 0.5808329999999999 0.11625000000000002
11 0.485 0.2915625 0.565 0.31062500000000004
2 0.0370835 0.9875 0.074167 0.02375000000000005
2 0.2529165 0.9775 0.16583299999999998 0.04125000000000001
2 0.5820835 0.9584375 0.10083299999999995 0.05812500000000009
2 0.6754165000000001 0.9524999999999999 0.06416699999999997 0.036250000000000004
2 0.7745835 0.943125 0.03416700000000006 0.023749999999999938
2 0.7904165000000001 0.9415625 0.03416699999999995 0.024375000000000036
2 0.8483335000000001 0.938125 0.031667 0.023749999999999938
2 0.933333 0.9334374999999999 0.025000000000000022 0.020625000000000004
