6 0.8976945000000001 0.6014155 0.14697499999999997 0.21415099999999998
6 0.2755765 0.29717000000000005 0.03242100000000003 0.04150999999999999
6 0.2842215 0.4320755 0.04538900000000001 0.06603700000000001
6 0.42219 0.4382075 0.144092 0.13679300000000005
6 0.5558354999999999 0.3542455 0.054034999999999944 0.051887000000000016
6 0.7662104999999999 0.5665095 0.07420700000000002 0.08962300000000001
4 0.0223345 0.0915095 0.044669 0.183019
4 0.0868155 0.0853775 0.036743 0.170755
4 0.1195965 0.0740565 0.021612999999999993 0.148113
4 0.148055 0.0429245 0.019451999999999997 0.085849
4 0.176513 0.098585 0.025936000000000015 0.19717
4 0.2042505 0.071698 0.02377499999999999 0.143396
4 0.2658505 0.0801885 0.033140999999999976 0.160377
4 0.292147 0.089151 0.025216000000000016 0.178302
4 0.35590750000000004 0.0490565 0.09798299999999999 0.098113
4 0.428674 0.07783 0.03746400000000005 0.15566
4 0.4945965 0.0820755 0.03674299999999997 0.164151
4 0.5306195 0.067453 0.02089300000000005 0.134906
4 0.6210374999999999 0.062736 0.033140999999999976 0.125472
4 0.634366 0.0603775 0.025216000000000016 0.120755
4 0.6920029999999999 0.0707545 0.025216000000000016 0.141509
4 0.73451 0.098585 0.054033999999999915 0.19717
4 0.8818444999999999 0.0759435 0.09221899999999994 0.151887
