6 0.2615625 0.5639095000000001 0.113125 0.07894699999999999
6 0.4796875 0.593985 0.12437500000000001 0.07330799999999993
6 0.6756249999999999 0.5972744999999999 0.10875000000000001 0.09680499999999992
4 0.0575 0.4797935 0.115 0.741541
4 0.13093749999999998 0.1522555 0.24437499999999998 0.221805
4 0.159375 0.5286655 0.155 0.5817669999999999
4 0.38125 0.5328944999999999 0.15125 0.45864699999999997
4 0.5353125 0.182801 0.355625 0.365602
4 0.5762499999999999 0.5606205 0.15374999999999994 0.33364699999999997
4 0.7721875 0.423872 0.22562499999999996 0.37218
4 0.83125 0.2617485 0.26874999999999993 0.5178569999999999
4 0.7224999999999999 0.5028195 0.04874999999999996 0.09774499999999997
4 0.9421875 0.2918235 0.114375 0.5780069999999999
