4 0.1801415 0.3609415 0.308477 0.660855
2 0.764521 0.697908 0.1318680000000001 0.11944200000000005
0 0.3771585 0.5915429999999999 0.03689100000000001 0.07933800000000002
0 0.4034535 0.5828245 0.015698999999999963 0.061900999999999984
0 0.42935650000000003 0.5924149999999999 0.039246999999999976 0.09154399999999996
0 0.5086345 0.5941585 0.11773899999999998 0.17872699999999997
0 0.669937 0.57803 0.23626400000000003 0.28422000000000003
0 0.8912869999999999 0.5579775 0.21585599999999994 0.5039229999999999
4 0.5388539999999999 0.4651265 0.08869800000000005 0.08979899999999996
4 0.8383045 0.403226 0.3218209999999999 0.466434
2 0.4411305 0.6381865 0.014129000000000003 0.061029
