0 0.3565625 0.5238970000000001 0.08812500000000001 0.07169199999999998
0 0.54 0.4715075 0.25000000000000006 0.22426500000000005
2 0.0715625 0.546875 0.08812500000000001 0.08639799999999997
2 0.1771875 0.545037 0.08437499999999998 0.079044
2 0.3003125 0.544577 0.060624999999999984 0.022977999999999943
2 0.3453125 0.5450364999999999 0.044375 0.020220999999999933
2 0.39375000000000004 0.5386029999999999 0.05499999999999999 0.04963200000000001
2 0.674375 0.5454965 0.05124999999999991 0.045036999999999994
2 0.8628125 0.5404415 0.12312499999999993 0.06985299999999994
2 0.940625 0.52068 0.04125000000000001 0.01930200000000004
2 0.9603125 0.5431984999999999 0.078125 0.08639699999999995
