10 0.7424999999999999 0.8822220000000001 0.068334 0.13777800000000007
10 0.4741665 0.8300000000000001 0.05166700000000002 0.08666600000000002
10 0.48416650000000006 0.8444445 0.048333000000000015 0.11111100000000007
10 0.6858335 0.858889 0.03833299999999995 0.09555599999999997
4 0.30333350000000003 0.08555549999999999 0.06333300000000003 0.122223
4 0.48 0.078889 0.10666599999999993 0.157778
4 0.6433329999999999 0.0344445 0.07999999999999996 0.068889
4 0.8041665 0.12 0.17166700000000001 0.24
4 0.940833 0.0366665 0.11499999999999999 0.073333
4 0.941667 0.0955555 0.07999999999999996 0.133333
