11 0.32499999999999996 0.635417 0.007500000000000007 0.03750000000000009
11 0.575625 0.5983335 0.08999999999999997 0.036667000000000005
11 0.5762499999999999 0.645 0.08875 0.046665999999999985
4 0.066875 0.509583 0.13375 0.5475
4 0.0953125 0.6725 0.098125 0.11499999999999999
4 0.1828125 0.72125 0.09812499999999999 0.03416600000000003
4 0.256875 0.7254165 0.11124999999999999 0.18083300000000002
4 0.3503125 0.6950000000000001 0.09187499999999998 0.16000000000000003
4 0.4159375 0.5845835 0.09937499999999999 0.160833
4 0.5475 0.6708335 0.19124999999999992 0.24666699999999997
4 0.6537499999999999 0.5141665 0.31124999999999997 0.621667
4 0.7996875 0.40958300000000003 0.39937500000000004 0.8125
4 0.706875 0.632083 0.03249999999999997 0.07250000000000001
2 0.4996875 0.4995835 0.999375 0.999167
2 0.1159375 0.8004165000000001 0.085625 0.07416699999999998
2 0.18625 0.81375 0.00874999999999998 0.009166000000000007
2 0.1978125 0.8091665 0.011874999999999997 0.01333300000000004
2 0.201875 0.81375 0.00874999999999998 0.015834000000000015
2 0.23218750000000002 0.7925 0.05937500000000001 0.058334
2 0.4440625 0.76875 0.13437499999999997 0.18916600000000006
