2 0.333125 0.8458335 0.6174999999999999 0.306667
2 0.415625 0.795 0.83125 0.408334
2 0.0815625 0.8391664999999999 0.163125 0.311667
2 0.084375 0.685 0.16875 0.12333399999999994
2 0.2584375 0.7291665 0.290625 0.146667
2 0.2965625 0.6541669999999999 0.168125 0.06500000000000006
2 0.369375 0.6375 0.06874999999999998 0.036665999999999976
2 0.45281250000000006 0.6858335 0.17312500000000003 0.11833300000000002
2 0.420625 0.62875 0.07500000000000001 0.022499999999999964
2 0.6046875 0.785833 0.218125 0.2250000000000001
2 0.5271875 0.655 0.060624999999999984 0.056665999999999994
2 0.5496875 0.645 0.04937499999999995 0.05166599999999999
2 0.615 0.651667 0.08374999999999999 0.050000000000000044
2 0.6828125 0.7125 0.12687499999999996 0.135
2 0.69375 0.644583 0.03249999999999997 0.04249999999999998
2 0.743125 0.6866665000000001 0.07500000000000007 0.093333
2 0.7484375 0.662083 0.06937499999999996 0.07750000000000001
2 0.79375 0.6487499999999999 0.05125000000000002 0.06916599999999995
