0 0.9278124999999999 0.634652 0.14312500000000006 0.1242939999999999
4 0.031875 0.45668549999999997 0.06375 0.436911
4 0.096875 0.451036 0.10250000000000001 0.44444400000000006
4 0.1790625 0.4693975 0.139375 0.35499100000000006
4 0.2528125 0.5447265 0.06812499999999999 0.26459499999999997
4 0.3315625 0.53484 0.133125 0.28813599999999995
4 0.5378125 0.5475515 0.06187500000000001 0.166667
4 0.580625 0.4962335 0.0525000000000001 0.08662900000000001
4 0.6012500000000001 0.557439 0.0675 0.22410599999999997
4 0.6321875 0.439736 0.06812499999999999 0.08474599999999999
4 0.6934374999999999 0.5258945 0.07562499999999994 0.277777
4 0.756875 0.516478 0.053749999999999964 0.262712
4 0.8140624999999999 0.5277775 0.041874999999999996 0.274011
4 0.850625 0.420904 0.04375000000000007 0.07533000000000001
4 0.906875 0.405367 0.09250000000000003 0.11016999999999999
4 0.9493750000000001 0.36629 0.09999999999999998 0.16195800000000005
2 0.150625 0.867232 0.30125 0.26177000000000006
2 0.18999999999999997 0.7890775 0.3725 0.23917100000000002
2 0.895625 0.950094 0.20750000000000002 0.09792800000000002
