11 0.4046875 0.432292 0.009374999999999967 0.03125
11 0.4226565 0.43125 0.010936999999999975 0.03333400000000003
11 0.6046875 0.3541665 0.021874999999999978 0.05833299999999997
11 0.6046875 0.41770799999999997 0.021874999999999978 0.05624999999999997
11 0.6445315 0.508333 0.017186999999999952 0.024999999999999967
11 0.8632815 0.2947915 0.04843699999999995 0.060417
1 0.18593749999999998 0.5072915 0.206249 0.235417
2 0.3429685 0.534375 0.12656299999999998 0.12708400000000003
2 0.410156 0.534375 0.042188 0.05208400000000002
2 0.484375 0.53125 0.146876 0.12083400000000005
