6 0.4981235 0.5209375 0.12195100000000003 0.07562499999999994
6 0.057222999999999996 0.53 0.090056 0.06999999999999995
6 0.06848 0.55125 0.020637999999999997 0.023749999999999938
6 0.194184 0.493125 0.046904 0.03749999999999998
6 0.34287049999999997 0.45218749999999996 0.02532899999999999 0.026875000000000038
6 0.40478400000000003 0.45 0.0046900000000000275 0.0050000000000000044
6 0.5511254999999999 0.416875 0.010319000000000078 0.010000000000000009
6 0.5623825 0.41625 0.008442999999999978 0.0050000000000000044
6 0.5675425000000001 0.405 0.007504999999999984 0.0037499999999999756
6 0.840525 0.6296875 0.15384600000000004 0.11937500000000001
