0 0.48906249999999996 0.491 0.640625 0.6280000000000001
4 0.0921875 0.2925 0.184375 0.585
4 0.1715625 0.299 0.291875 0.598
4 0.2925 0.103 0.15 0.206
4 0.4275 0.104 0.14874999999999994 0.208
4 0.3990625 0.104 0.080625 0.208
4 0.445625 0.103 0.05625000000000002 0.206
4 0.5059374999999999 0.1155 0.14812499999999995 0.231
4 0.5584375 0.137 0.16187500000000005 0.274
4 0.599375 0.1805 0.06875000000000009 0.14900000000000002
4 0.6346875000000001 0.1545 0.13687499999999997 0.287
4 0.8315625 0.2855 0.33562500000000006 0.571
4 0.87625 0.349 0.24624999999999997 0.698
