1 0.45687500000000003 0.4866665 0.6475 0.47833299999999995
4 0.0253125 0.5354165 0.049375 0.05916699999999997
4 0.07125000000000001 0.5491665 0.0475 0.05833299999999997
4 0.07125 0.513333 0.0375 0.044999999999999984
4 0.1034375 0.5287499999999999 0.02687500000000001 0.07249999999999995
4 0.12687500000000002 0.540417 0.05500000000000001 0.08250000000000002
4 0.14218750000000002 0.505417 0.02687500000000001 0.07749999999999996
4 0.8809375 0.395 0.23312500000000003 0.26499999999999996
2 0.0446875 0.587917 0.064375 0.0625
2 0.148125 0.5920829999999999 0.03125 0.0675
2 0.9321875 0.6058330000000001 0.13187500000000008 0.09500000000000008
