1 0.393125 0.4915335 0.31500000000000006 0.2568210000000001
1 0.6715625000000001 0.4313265 0.14312500000000006 0.18156099999999997
1 0.7571875 0.4176855 0.07687500000000003 0.12417699999999998
1 0.8065625000000001 0.41015999999999997 0.021874999999999978 0.07714000000000004
1 0.8121875 0.391345 0.02562500000000001 0.050799999999999956
2 0.39 0.4905925 0.30000000000000004 0.26246499999999995
2 0.8065625000000001 0.41015999999999997 0.020625000000000004 0.07525799999999999
2 0.8203125 0.39746000000000004 0.024375000000000036 0.053622
2 0.8425 0.398401 0.020000000000000018 0.040452000000000043
2 0.9521875 0.369238 0.024375000000000036 0.02916200000000002
