6 0.0603125 0.6737500000000001 0.025624999999999995 0.025834000000000024
6 0.2796875 0.630417 0.020625000000000004 0.02750000000000008
6 0.6834375 0.845 0.07687500000000003 0.07999999999999996
6 0.7281249999999999 0.7541665 0.026249999999999996 0.07166700000000004
6 0.749375 0.61625 0.013749999999999929 0.02416600000000002
6 0.7875 0.7929165 0.07000000000000006 0.035833000000000004
6 0.9678125 0.9420835 0.06062500000000004 0.06583300000000003
6 0.9534374999999999 0.6991665 0.024374999999999925 0.06166700000000003
4 0.036875 0.4683335 0.07375 0.09166700000000005
4 0.1040625 0.3520835 0.208125 0.45083300000000004
4 0.1796875 0.49666699999999997 0.13687500000000002 0.10000000000000003
4 0.6190625000000001 0.46416650000000004 0.083125 0.14166700000000004
4 0.6978125 0.4495835 0.10062500000000008 0.225833
4 0.760625 0.4708335 0.0475000000000001 0.19666699999999998
4 0.8046875 0.4608335 0.0943750000000001 0.206667
4 0.8612500000000001 0.4554165 0.07124999999999992 0.224167
4 0.9337500000000001 0.43374999999999997 0.13124999999999998 0.33249999999999996
