2 0.6143355 0.8606910000000001 0.32237699999999997 0.25486
0 0.38076899999999997 0.7192225000000001 0.36993 0.434125
2 0.21468500000000001 0.87635 0.381818 0.24514000000000002
2 0.3370625 0.8558315 0.220979 0.25161900000000004
2 0.763986 0.5653345000000001 0.1531459999999999 0.21058300000000008
2 0.838811 0.700864 0.03986000000000001 0.030237999999999987
2 0.8475520000000001 0.728942 0.04195800000000005 0.025917999999999997
2 0.8503495 0.777538 0.047552999999999956 0.095032
2 0.85979 0.8072355 0.044055999999999984 0.1393089999999999
2 0.8646855 0.664147 0.023077000000000014 0.023758000000000057
2 0.927273 0.8509720000000001 0.134266 0.22246200000000005
