1 0.435547 0.619271 0.535156 0.45520800000000006
4 0.0453125 0.378125 0.090625 0.22916599999999998
4 0.283203 0.2796875 0.566406 0.559375
4 0.086719 0.316146 0.14375000000000002 0.344792
4 0.20390599999999998 0.280729 0.18749999999999997 0.388542
4 0.283203 0.2848955 0.260156 0.553125
4 0.6921875 0.453125 0.067187 0.060416000000000025
4 0.7058595000000001 0.531771 0.03046899999999997 0.09895800000000005
4 0.7597655 0.494271 0.06796899999999995 0.169792
4 0.8359375 0.489583 0.07656299999999994 0.14375
4 0.8941405 0.483854 0.12734299999999998 0.16354200000000002
4 0.917969 0.1140625 0.16249999999999998 0.228125
4 0.9824219999999999 0.4828125 0.03359400000000001 0.17604100000000006
2 0.8234375 0.5692710000000001 0.05312499999999998 0.055208000000000035
2 0.8601565 0.5734375 0.02187500000000009 0.046875
