10 0.6040625 0.288157 0.21687500000000004 0.34945800000000005
10 0.6684375 0.22143449999999998 0.20187500000000003 0.346121
10 0.630625 0.9345289999999999 0.11375000000000002 0.129274
10 0.73125 0.874479 0.26874999999999993 0.24937399999999998
10 0.74 0.121351 0.23124999999999996 0.242702
10 0.7875 0.091326 0.19999999999999996 0.182652
10 0.8362499999999999 0.719766 0.25250000000000006 0.35196000000000005
10 0.874375 0.6234365 0.24124999999999996 0.334445
10 0.91 0.413261 0.17874999999999996 0.337782
10 0.9281250000000001 0.3356965 0.14249999999999996 0.30942499999999995
10 0.948125 0.21976600000000002 0.10250000000000004 0.294412
10 0.9675 0.0729775 0.06374999999999997 0.122603
