11 0.888 0.43063599999999996 0.06400000000000006 0.14450799999999997
11 0.5365 0.131021 0.06899999999999995 0.127168
11 0.8805000000000001 0.315992 0.05300000000000005 0.10404599999999997
11 0.8795 0.21387250000000002 0.049000000000000044 0.100193
2 0.378 0.6830445 0.14800000000000002 0.10982700000000001
2 0.47250000000000003 0.629094 0.044999999999999984 0.04431600000000002
2 0.506 0.6377649999999999 0.020000000000000018 0.046242000000000005
2 0.5155000000000001 0.6329480000000001 0.019000000000000017 0.036608000000000085
2 0.5335000000000001 0.6377649999999999 0.019000000000000017 0.030827999999999967
2 0.5455000000000001 0.6396919999999999 0.02100000000000002 0.03468199999999999
2 0.6565000000000001 0.6329480000000001 0.01100000000000001 0.02504800000000007
2 0.7195 0.674374 0.09699999999999998 0.073218
