4 0.87375 0.2604165 0.23624999999999996 0.5041669999999999
1 0.41593749999999996 0.670833 0.133125 0.11499999999999999
4 0.4809375 0.59125 0.133125 0.07750000000000001
1 0.553125 0.666667 0.10499999999999998 0.10000000000000009
2 0.55375 0.6679165 0.11750000000000005 0.11583299999999996
2 0.66875 0.66625 0.08124999999999993 0.07750000000000001
2 0.755 0.6670834999999999 0.07624999999999993 0.08583299999999994
2 0.8434375000000001 0.6679165 0.0668749999999999 0.08083300000000004
2 0.9309375 0.64375 0.104375 0.16083400000000003
2 0.9834375 0.6720835000000001 0.03187499999999999 0.08916700000000011
