0 0.4996875 0.4995325 0.999375 0.999065
2 0.5549999999999999 0.5743685 0.515 0.23012099999999996
2 0.41874999999999996 0.537418 0.04999999999999999 0.04396600000000006
2 0.4428125 0.6000935000000001 0.08562499999999995 0.10757699999999992
2 0.505625 0.5453695000000001 0.05750000000000005 0.07109500000000002
2 0.5249999999999999 0.5332085 0.02749999999999997 0.07109500000000002
2 0.5934375000000001 0.534612 0.06937500000000008 0.030869999999999953
2 0.6078125000000001 0.559869 0.08187500000000003 0.034611999999999976
2 0.6225 0.604303 0.09124999999999994 0.09354600000000002
2 0.671875 0.5318054999999999 0.05624999999999991 0.06267499999999993
2 0.7740625 0.580449 0.08687500000000004 0.10757799999999995
2 0.8121875000000001 0.8475215 0.13687499999999997 0.303087
