11 0.4267575 0.473958 0.26171900000000003 0.375
11 0.342285 0.8678385 0.03222599999999998 0.050781000000000076
11 0.559082 0.6816409999999999 0.10449200000000003 0.061197999999999975
11 0.9599610000000001 0.8053385 0.04492200000000002 0.027343000000000006
4 0.132324 0.8333335 0.11816399999999999 0.33072899999999994
4 0.2211915 0.7877605 0.06738300000000003 0.421875
4 0.2348635 0.8509115 0.094727 0.27994700000000006
4 0.270996 0.9003905 0.041991999999999974 0.19661499999999998
4 0.3759765 0.499349 0.152343 0.998698
4 0.36376949999999997 0.902995 0.041993 0.06640599999999997
4 0.4282225 0.888021 0.018554999999999988 0.08593799999999996
4 0.4941405 0.8763025 0.06054700000000007 0.08072900000000005
4 0.6308590000000001 0.8665365 0.12109399999999992 0.11848899999999996
4 0.708496 0.9036455 0.10058600000000006 0.07552099999999995
4 0.7348635 0.8613284999999999 0.092773 0.10807299999999997
4 0.807129 0.8313805000000001 0.01855399999999996 0.048177000000000025
4 0.816406 0.8255205 0.013672000000000017 0.04947900000000005
4 0.9057615 0.8372394999999999 0.186523 0.197917
4 0.923828 0.676432 0.07226599999999994 0.14973999999999998
4 0.976074 0.7434894999999999 0.045897999999999994 0.08593700000000004
4 0.9956054999999999 0.6197915 0.0068350000000000355 0.03645899999999991
