4 0.0865625 0.38277799999999995 0.173125 0.53
0 0.670625 0.6255554999999999 0.14625 0.18666700000000003
4 0.0178125 0.55 0.035625 0.188888
4 0.199375 0.4194445 0.20500000000000002 0.48777699999999996
4 0.1234375 0.5572225 0.049375 0.16111099999999995
4 0.15281250000000002 0.5772225 0.03437500000000002 0.13888900000000004
4 0.31156249999999996 0.465 0.13437499999999997 0.41000000000000003
4 0.3815625 0.5072220000000001 0.08437500000000003 0.307778
4 0.45281249999999995 0.5 0.075625 0.28
4 0.49250000000000005 0.515 0.05499999999999999 0.24555599999999994
4 0.5578125 0.523333 0.073125 0.19777800000000006
4 0.6090625000000001 0.541667 0.05812500000000009 0.12999999999999995
4 0.64125 0.502222 0.050000000000000044 0.07999999999999996
4 0.7481249999999999 0.5744445 0.09750000000000003 0.06888899999999998
4 0.8262499999999999 0.5733334999999999 0.06874999999999998 0.07111100000000004
4 0.8690625000000001 0.5905555 0.024374999999999925 0.036667000000000005
4 0.98125 0.5583335 0.036250000000000004 0.10111100000000006
2 0.2471875 0.7688889999999999 0.494375 0.28444400000000003
2 0.5406249999999999 0.6405555 0.04625000000000001 0.02777700000000005
2 0.57 0.6405555 0.04125000000000001 0.036666999999999894
2 0.5890625 0.6688890000000001 0.04062500000000002 0.066666
2 0.806875 0.63 0.13874999999999993 0.07111200000000006
