11 0.0897155 0.576362 0.021880999999999998 0.03793800000000003
11 0.089351 0.542315 0.012399999999999994 0.03015600000000007
4 0.0222465 0.506323 0.044493 0.19358000000000003
4 0.0707515 0.5111870000000001 0.05689299999999999 0.21498000000000006
4 0.16411399999999998 0.4990275 0.137126 0.998055
4 0.6243620000000001 0.4902725 0.11524400000000001 0.980545
4 0.7560175 0.5 0.08096300000000001 0.998054
4 0.8595915000000001 0.5 0.09992699999999999 0.998054
4 0.9431069999999999 0.2324905 0.062728 0.464981
4 0.973742 0.4995135 0.05105800000000005 0.999027
