11 0.2863335 0.27866650000000004 0.09133300000000003 0.12355500000000003
2 0.410333 0.5062225 0.030000000000000027 0.032889
2 0.4686665 0.5555555 0.07333300000000004 0.06577699999999997
2 0.4486665 0.5017775 0.030667 0.034667
2 0.4853335 0.5164445 0.04533300000000001 0.03911100000000001
2 0.585 0.4964445 0.019333999999999962 0.041777000000000064
2 0.609 0.49466699999999997 0.03933399999999998 0.04177800000000004
2 0.646 0.500889 0.02933399999999997 0.036443999999999976
2 0.7649999999999999 0.5906665 0.175334 0.146667
2 0.837 0.5355555000000001 0.06999999999999995 0.07733299999999999
