6 0.031875 0.6355535 0.06375 0.126641
6 0.106875 0.5792685 0.04249999999999998 0.03658499999999998
6 0.16249999999999998 0.6031895 0.06625 0.10318900000000009
6 0.2271875 0.5877110000000001 0.031875000000000014 0.06847999999999999
6 0.3003125 0.628987 0.12687500000000002 0.167918
6 0.4096875 0.618668 0.08437500000000003 0.11163199999999995
6 0.4821875 0.5731705 0.04937499999999995 0.07879899999999995
6 0.5346875 0.584897 0.02937499999999993 0.04784199999999994
6 0.5671875 0.6008439999999999 0.02312499999999995 0.11163200000000006
6 0.6084375 0.586773 0.09187500000000004 0.12101399999999995
6 0.7171875000000001 0.5736395000000001 0.15437500000000004 0.09662300000000001
6 0.8768750000000001 0.598968 0.16000000000000003 0.20356399999999997
