11 0.81875 0.15197 0.10499999999999998 0.170732
4 0.009375 0.340994 0.01875 0.04596600000000001
4 0.0265625 0.3203565 0.018124999999999995 0.029081000000000023
4 0.039375 0.33020649999999996 0.012499999999999997 0.028142999999999974
4 0.0453125 0.3428705 0.018125000000000002 0.032833
4 0.066875 0.29174500000000003 0.049999999999999996 0.06754200000000005
4 0.0984375 0.315666 0.020625000000000004 0.02345200000000003
4 0.110625 0.3119135 0.01625 0.030957000000000012
4 0.1515625 0.3109755 0.040624999999999994 0.03470899999999999
4 0.1796875 0.314728 0.015625 0.030955999999999984
4 0.1940625 0.307223 0.023125000000000007 0.04596600000000001
4 0.21437499999999998 0.308161 0.017499999999999988 0.021575999999999984
4 0.2309375 0.301595 0.023125000000000007 0.042213999999999974
4 0.24562499999999998 0.2898685 0.013750000000000012 0.026266999999999985
4 0.2709375 0.302064 0.028124999999999956 0.06379000000000001
4 0.2996875 0.30769199999999997 0.030625000000000013 0.043152000000000024
4 0.3234375 0.29502799999999996 0.021874999999999978 0.047841999999999996
4 0.3459375 0.27626649999999997 0.030625000000000013 0.047843000000000024
4 0.4225 0.2879925 0.17250000000000004 0.08067500000000002
4 0.5309375000000001 0.28142599999999995 0.030625000000000013 0.04502800000000001
4 0.675 0.25562850000000004 0.2725000000000001 0.089119
4 0.6034375000000001 0.263133 0.07562499999999994 0.239212
4 0.9221875 0.2227955 0.08812500000000001 0.042213
