4 0.0715625 0.6529745 0.143125 0.261567
4 0.1275 0.2785645 0.255 0.557129
4 0.238125 0.1293675 0.47625 0.258735
4 0.2953125 0.5967895000000001 0.026875000000000038 0.03021700000000005
4 0.51 0.476393 0.013749999999999929 0.04627000000000003
4 0.6428125 0.5184139999999999 0.06687500000000002 0.13219999999999998
4 0.7159375 0.529273 0.059374999999999956 0.12559000000000003
4 0.8440624999999999 0.259679 0.31062500000000004 0.519358
8 0.541875 0.42870600000000003 0.0462499999999999 0.020774000000000015
8 0.8015625 0.5580735 0.05937500000000007 0.05665699999999996
