11 0.2965625 0.5020835 0.015625 0.01916699999999999
11 0.45999999999999996 0.50375 0.011250000000000038 0.02250000000000002
11 0.6375 0.0404165 0.20750000000000002 0.080833
11 0.6409374999999999 0.12333350000000001 0.20437500000000008 0.09166700000000001
11 0.6415625 0.204167 0.203125 0.09499999999999997
11 0.65625 0.6045834999999999 0.14749999999999996 0.30583299999999997
2 0.1371875 0.576667 0.090625 0.06999999999999995
2 0.2278125 0.5925 0.261875 0.11499999999999999
2 0.208125 0.572083 0.14500000000000002 0.17249999999999993
2 0.2759375 0.5516665000000001 0.05562500000000001 0.03833300000000006
2 0.30874999999999997 0.5516669999999999 0.012500000000000011 0.03500000000000003
2 0.3275 0.54125 0.027500000000000024 0.02083400000000002
2 0.345 0.5708329999999999 0.05624999999999997 0.05500000000000005
2 0.4446875 0.5679164999999999 0.018125000000000002 0.029167000000000054
2 0.5575 0.5708335 0.05499999999999994 0.05166699999999991
2 0.5803125 0.58125 0.0068749999999999645 0.02749999999999997
