8 0.27031249999999996 0.1398435 0.09687499999999999 0.03906299999999999
8 0.744531 0.2875 0.07968800000000009 0.028123999999999982
6 0.017968500000000002 0.38671900000000003 0.020313 0.03281200000000001
6 0.053125 0.3812505 0.012499999999999997 0.009375000000000022
6 0.761719 0.6812499999999999 0.16093800000000003 0.06874999999999998
6 0.897656 0.38125 0.026561999999999975 0.028123999999999982
6 0.911719 0.3648435 0.014061999999999908 0.014062999999999992
6 0.939844 0.3601565 0.014062000000000019 0.010936999999999975
6 0.9703125 0.353906 0.015625 0.007812000000000041
6 0.9882815 0.35546849999999997 0.020313000000000025 0.014062999999999992
