6 0.647573 0.6372070000000001 0.10161799999999999 0.08691400000000005
6 0.461165 0.660156 0.102912 0.23632799999999998
2 0.8987055 0.4243165 0.201295 0.124023
2 0.8553394999999999 0.3496095 0.021359000000000017 0.023436999999999986
2 0.871521 0.3911135 0.033009999999999984 0.03613299999999997
2 0.881553 0.4038085 0.041424000000000016 0.04980499999999999
2 0.8906149999999999 0.415527 0.041424000000000016 0.07324199999999997
2 0.8815535 0.3359375 0.012944999999999984 0.015625
2 0.898382 0.34667950000000003 0.020712000000000064 0.025390999999999997
2 0.9423945 0.43017550000000004 0.10614900000000005 0.10253899999999999
2 0.9404535 0.34375 0.018123 0.019531999999999994
2 0.9521040000000001 0.3359375 0.015534000000000048 0.019530999999999965
2 0.9741105000000001 0.34082 0.018123 0.017577999999999983
2 0.9822005 0.355469 0.026537000000000033 0.03125
2 0.989968 0.3388675 0.008414000000000033 0.005859000000000003
