0 0.4625 0.476034 0.52 0.724624
4 0.0184375 0.455827 0.036875 0.26503800000000005
4 0.1478125 0.456767 0.146875 0.17669199999999996
4 0.750625 0.5291355 0.043749999999999956 0.10902300000000004
4 0.7934375 0.5723685000000001 0.03187499999999999 0.12781900000000002
4 0.9128125 0.6160715 0.08062499999999995 0.10244300000000006
2 0.0378125 0.5531014999999999 0.03937500000000001 0.06484900000000005
2 0.075 0.536184 0.0375 0.04041399999999995
2 0.1128125 0.567669 0.074375 0.07518800000000003
2 0.1878125 0.5657895 0.06562499999999999 0.075187
