11 0.3728125 0.41375 0.05937500000000001 0.09250000000000003
11 0.62 0.54375 0.013749999999999929 0.025834000000000024
11 0.674375 0.5620835 0.011250000000000093 0.02083299999999999
11 0.8240624999999999 0.55125 0.021874999999999978 0.02749999999999997
4 0.215 0.4141665 0.43 0.46166700000000005
4 0.4628125 0.39875 0.125625 0.09583399999999997
4 0.6287499999999999 0.4475 0.12875000000000003 0.046665999999999985
4 0.770625 0.36250000000000004 0.043749999999999956 0.044999999999999984
4 0.8003125 0.43416699999999997 0.08812500000000001 0.10500000000000004
4 0.8153125 0.345833 0.055625000000000036 0.050000000000000044
2 0.8471875 0.6370835 0.13437500000000002 0.13916700000000004
