1 0.0196875 0.5925 0.039375 0.15833399999999997
1 0.0584375 0.57875 0.116875 0.185834
1 0.1028125 0.5779164999999999 0.13687500000000002 0.17083299999999996
1 0.171875 0.5466664999999999 0.1175 0.13666699999999998
1 0.250625 0.5425 0.11750000000000002 0.11333399999999999
1 0.4259375 0.650833 0.39312500000000006 0.21999999999999997
1 0.3059375 0.5320835 0.09312499999999996 0.07916700000000004
1 0.3540625 0.5275000000000001 0.08687500000000004 0.056665999999999994
1 0.5684375 0.640833 0.18187500000000006 0.19999999999999996
1 0.6231249999999999 0.6254165 0.1925 0.17916699999999997
1 0.6378125 0.6166665 0.21437499999999998 0.151667
1 0.690625 0.6 0.15499999999999992 0.13666599999999995
1 0.7171875 0.60375 0.11187499999999995 0.139166
1 0.7475 0.5887500000000001 0.11875000000000002 0.130834
1 0.7731250000000001 0.6020835 0.12124999999999997 0.12916700000000003
1 0.7887500000000001 0.5908335 0.11875000000000002 0.10333300000000001
1 0.788125 0.5829169999999999 0.10999999999999999 0.09750000000000003
1 0.8109375000000001 0.5975 0.10562499999999997 0.13833399999999996
1 0.8190625 0.587083 0.09437499999999999 0.09250000000000003
1 0.8443750000000001 0.5862499999999999 0.08750000000000002 0.08083399999999996
1 0.8721875 0.574167 0.09187499999999993 0.07000000000000006
