4 0.4993095 0.4992075 0.25828700000000004 0.393027
6 0.0082875 0.8351824999999999 0.016575 0.07923899999999995
6 0.0662985 0.8375595 0.041436999999999995 0.023770999999999987
6 0.1560775 0.7551505 0.008286999999999989 0.030111
6 0.4868785 0.7646595 0.026243000000000016 0.04595899999999997
6 0.5946134999999999 0.7820914999999999 0.023480999999999974 0.05863699999999994
6 0.6678175 0.7868465 0.05110500000000007 0.05546699999999993
6 0.72721 0.77813 0.045579999999999954 0.044373999999999914
6 0.901243 0.8637085 0.070442 0.07923900000000006
4 0.2099445 0.509509 0.381215 0.33122
4 0.915746 0.352615 0.16574600000000006 0.5213939999999999
