6 0.24312499999999998 0.7565665 0.0875 0.18855500000000003
6 0.47031249999999997 0.7120074999999999 0.09437499999999999 0.191369
6 0.575625 0.642589 0.0675 0.07129399999999997
6 0.6378124999999999 0.4057225 0.020625000000000004 0.032833
6 0.6453125 0.5731705 0.02562500000000001 0.05253300000000005
6 0.9128125 0.652908 0.12687499999999996 0.09568399999999999
4 0.28125 0.1266415 0.5625 0.253283
4 0.5946875 0.09099399999999999 0.03187499999999999 0.133208
4 0.8096875 0.2406195 0.379375 0.359287
4 0.875 0.2138835 0.24875000000000003 0.427767
