1 0.47874999999999995 0.5298685 0.485 0.428239
2 0.843125 0.6609775 0.25125 0.15981299999999998
1 0.0609375 0.6155935 0.029375 0.05663299999999993
1 0.0940625 0.6113265 0.04562500000000001 0.06206299999999998
1 0.1378125 0.616369 0.030625000000000013 0.024050000000000016
1 0.19125 0.6155935 0.023749999999999993 0.025600999999999985
2 0.1459375 0.6342125 0.05687500000000001 0.027152999999999983
2 0.1825 0.6408065000000001 0.03875000000000001 0.034134999999999915
2 0.204375 0.626455 0.012500000000000011 0.008534000000000042
2 0.22375 0.6264544999999999 0.012500000000000011 0.011637000000000008
2 0.7875000000000001 0.6074475 0.14249999999999996 0.06516699999999997
