11 0.49624999999999997 0.164026 0.2675 0.06337399999999999
11 0.42593749999999997 0.361603 0.12437499999999996 0.24417599999999998
11 0.496875 0.095993 0.26625 0.057782
11 0.423125 0.533551 0.10125 0.107176
11 0.4803125 0.6863935 0.11562499999999998 0.17986900000000006
11 0.5515625 0.35973900000000003 0.12687500000000002 0.25535800000000003
11 0.5487500000000001 0.5419385 0.10625000000000007 0.12022299999999997
2 0.04 0.643057 0.08 0.07269400000000004
2 0.0715625 0.6449205 0.06812499999999999 0.07642100000000007
2 0.1690625 0.637931 0.130625 0.11649600000000004
2 0.3275 0.640261 0.19999999999999998 0.07455800000000001
2 0.2690625 0.6467849999999999 0.06937500000000002 0.06523800000000002
2 0.319375 0.638863 0.04749999999999999 0.056849999999999956
2 0.3559375 0.637931 0.03812500000000002 0.051258000000000026
2 0.3728125 0.630475 0.030625000000000013 0.051258000000000026
2 0.391875 0.638863 0.03624999999999995 0.04193799999999992
