4 0.34375 0.2765625 0.5281260000000001 0.509375
1 0.8402345 0.644792 0.319531 0.39999999999999997
4 0.4968755 0.40520849999999997 0.22187500000000004 0.13541699999999995
4 0.776953 0.2796875 0.2164060000000001 0.15729100000000001
2 0.09804700000000001 0.4625 0.161718 0.09583400000000003
2 0.195313 0.463542 0.03125 0.05625000000000002
2 0.272266 0.463542 0.010155999999999998 0.03125
2 0.3160155 0.4666665 0.019530999999999965 0.04166700000000001
2 0.36640649999999997 0.4869795 0.054686999999999986 0.046875
2 0.383594 0.46197900000000003 0.029687999999999992 0.02395799999999998
2 0.439844 0.47291649999999996 0.03281200000000001 0.02291700000000002
2 0.6234375 0.490104 0.06874899999999995 0.036458000000000046
