2 0.7865855 0.5843750000000001 0.126641 0.07874999999999999
0 0.2002815 0.67375 0.396811 0.345
0 0.5272045000000001 0.46875 0.11819900000000005 0.13999999999999996
2 0.585366 0.558125 0.15384600000000004 0.07125000000000004
2 0.6031895 0.4453125 0.04127500000000006 0.010624999999999996
2 0.631332 0.46062499999999995 0.04127600000000009 0.023749999999999993
2 0.6454035 0.47250000000000003 0.05440899999999993 0.013749999999999984
2 0.662289 0.48812500000000003 0.05628600000000006 0.03375
2 0.6880865 0.506875 0.051594999999999946 0.03750000000000003
2 0.6590055 0.7678125 0.33864900000000003 0.22187500000000004
2 0.597561 0.6215625 0.19512200000000002 0.114375
2 0.8757035 0.6546875 0.22232700000000005 0.13312499999999994
