1 0.38071900000000003 0.17238599999999998 0.5555559999999999 0.25
1 0.2875815 0.6535949999999999 0.333333 0.28431400000000007
1 0.602124 0.19852950000000003 0.21405199999999996 0.165033
2 0.1789215 0.7614375 0.318627 0.14052299999999995
2 0.0947715 0.253268 0.137255 0.09477199999999997
2 0.6617645000000001 0.259804 0.637255 0.16012999999999997
2 0.468954 0.7173205 0.045752000000000015 0.06535899999999994
2 0.5735295 0.7736925 0.13071900000000003 0.1421570000000001
2 0.611928 0.734477 0.19444399999999995 0.08987
2 0.872549 0.7344775 0.21568600000000004 0.14542499999999992
