1 0.9158335 0.910401 0.16833299999999995 0.17919799999999997
1 0.040416499999999994 0.572055 0.065833 0.08396000000000003
1 0.4308335 0.5469925 0.18333299999999997 0.09147900000000009
1 0.6954165 0.5457395 0.07083299999999992 0.061402999999999985
1 0.9470835 0.6641604999999999 0.10416700000000001 0.105263
3 0.5483335 0.7005015 0.18333300000000002 0.1578949999999999
3 0.702917 0.681704 0.1725 0.14786999999999995
3 0.83125 0.673559 0.14249999999999996 0.14160400000000006
3 0.905417 0.9022555000000001 0.1875 0.19298300000000002
3 0.94875 0.6622805 0.10083399999999998 0.10902299999999998
3 0.9612499999999999 0.810777 0.07583400000000007 0.05263200000000001
