8 0.7984375 0.195386 0.12062499999999998 0.064972
4 0.064375 0.222222 0.12875 0.444444
4 0.239375 0.344633 0.47875 0.689266
4 0.051875000000000004 0.328625 0.095 0.21280600000000002
4 0.153125 0.2956685 0.115 0.274953
4 0.32718749999999996 0.282015 0.289375 0.56403
4 0.35375 0.2664785 0.10875000000000001 0.323917
4 0.44906250000000003 0.262241 0.08187499999999998 0.341808
4 0.539375 0.2655365 0.1375 0.531073
4 0.6296875 0.2763655 0.125625 0.552731
4 0.7053125 0.1718455 0.08687500000000004 0.343691
4 0.8165625000000001 0.084275 0.12312500000000004 0.16855
4 0.9253125 0.113936 0.14812500000000006 0.227872
