0 0.510625 0.3985025 0.21375000000000005 0.539101
0 0.7725 0.1322795 0.15749999999999997 0.199667
2 0.0346875 0.15183049999999998 0.069375 0.075707
2 0.0615625 0.2262895 0.093125 0.09650500000000001
2 0.1203125 0.30782050000000005 0.12312500000000001 0.108153
2 0.19687500000000002 0.0890185 0.037500000000000006 0.053244999999999994
2 0.2340625 0.0237105 0.043125 0.039101000000000004
2 0.2446875 0.141015 0.05562500000000001 0.067388
2 0.29375 0.0532445 0.04249999999999998 0.049916999999999996
2 0.29500000000000004 0.014975 0.03999999999999998 0.02995
2 0.37124999999999997 0.354825 0.09500000000000003 0.12562399999999996
2 0.4 0.0549085 0.03750000000000003 0.043260999999999994
2 0.4134375 0.099834 0.044375 0.05990000000000001
2 0.49812500000000004 0.08069899999999999 0.044999999999999984 0.066556
2 0.5840624999999999 0.0266225 0.041874999999999996 0.048253000000000004
2 0.6921875 0.3019965 0.08687499999999992 0.13144699999999998
2 0.7815624999999999 0.7566554999999999 0.17437500000000006 0.30366100000000007
