2 0.8203125 0.7357955 0.25812499999999994 0.41856100000000007
11 0.065 0.654356 0.13 0.505682
11 0.0528125 0.34375 0.023125 0.032196
11 0.6475 0.354167 0.09625000000000006 0.17803000000000002
11 0.768125 0.466856 0.03500000000000003 0.03977200000000003
11 0.768125 0.4204545 0.032500000000000084 0.03030299999999997
2 0.8062499999999999 0.47443199999999996 0.01749999999999996 0.04355999999999999
2 0.8265625 0.49242450000000004 0.018124999999999947 0.04545500000000008
2 0.855625 0.510417 0.07125000000000004 0.1875
2 0.8721875 0.5331440000000001 0.03937499999999994 0.10416600000000004
