6 0.280957 0.548125 0.23546 0.10374999999999995
2 0.6538459999999999 0.3265625 0.234522 0.116875
6 0.1247655 0.3940625 0.041275000000000006 0.049375
4 0.0398685 0.105 0.079737 0.21
4 0.0619135 0.11249999999999999 0.123827 0.21875
4 0.1927765 0.1296875 0.385553 0.259375
4 0.4849905 0.2878125 0.969981 0.575625
4 0.31379 0.100625 0.22044999999999998 0.20125
4 0.3710135 0.1415625 0.166041 0.180625
4 0.40712950000000003 0.16375 0.10506500000000002 0.0925
4 0.6557225 0.133125 0.3864909999999999 0.26625
4 0.5581609999999999 0.095625 0.09005600000000002 0.19125
4 0.7349905 0.110625 0.26360300000000003 0.21500000000000002
4 0.8944655 0.121875 0.20919299999999996 0.24375
2 0.066604 0.2840625 0.133208 0.076875
2 0.835835 0.2225 0.0919319999999999 0.02250000000000002
2 0.933865 0.28375 0.130394 0.09375
2 0.9840525 0.215625 0.030019000000000018 0.018750000000000017
