8 0.0753125 0.139306 0.089375 0.040338
8 0.26375000000000004 0.15994350000000002 0.08500000000000002 0.05534700000000001
8 0.38687499999999997 0.23874299999999998 0.058750000000000024 0.029079999999999967
8 0.52625 0.27626649999999997 0.05624999999999997 0.030956999999999957
8 0.639375 0.2725145 0.053749999999999964 0.030957000000000012
8 0.715625 0.3001875 0.04749999999999999 0.02814300000000003
8 0.8078125 0.336773 0.03437499999999993 0.02063799999999999
8 0.8665625 0.322233 0.046875 0.02345200000000003
8 0.933125 0.4319885 0.013749999999999929 0.012194999999999956
8 0.9790625 0.42823599999999995 0.02937500000000004 0.019699999999999995
