1 0.534375 0.5042015 0.89 0.532213
4 0.0684375 0.3230625 0.13562500000000002 0.14939299999999997
4 0.2834375 0.372549 0.126875 0.08776800000000001
4 0.4684375 0.3258635 0.07437499999999997 0.059757000000000005
4 0.621875 0.283847 0.09500000000000008 0.056022000000000016
4 0.713125 0.2366945 0.14874999999999994 0.180205
4 0.9325 0.108777 0.13375000000000004 0.217554
2 0.169375 0.40056 0.15500000000000003 0.17927200000000004
2 0.2365625 0.4855275 0.130625 0.16246500000000003
2 0.39749999999999996 0.427638 0.20625 0.22222200000000003
2 0.5853125 0.39822599999999997 0.22312500000000002 0.19888
