2 0.871875 0.7120074999999999 0.13 0.138837
11 0.44156249999999997 0.398218 0.128125 0.25797400000000004
11 0.659375 0.5581615 0.27375000000000005 0.31332099999999996
2 0.3084375 0.541276 0.073125 0.06754199999999999
2 0.3103125 0.49015 0.030625000000000013 0.042213999999999974
2 0.35343749999999996 0.499062 0.06562499999999999 0.048780000000000046
2 0.46531249999999996 0.530957 0.07437499999999997 0.061914000000000025
2 0.505 0.5347095 0.04624999999999996 0.05816100000000002
2 0.816875 0.50985 0.04749999999999999 0.04221400000000003
2 0.8753124999999999 0.517355 0.018125000000000058 0.042213999999999974
2 0.41031249999999997 0.5121955 0.05687499999999995 0.054408999999999985
