2 0.8187500000000001 0.7834274999999999 0.10750000000000004 0.08474499999999996
4 0.0825 0.580979 0.165 0.514124
4 0.2553125 0.8319209999999999 0.139375 0.22316400000000003
4 0.3353125 0.8060265 0.06937500000000002 0.167609
4 0.3828125 0.65678 0.06187500000000001 0.19868200000000003
4 0.8934375 0.7161015 0.21187500000000004 0.115819
4 0.90875 0.666196 0.08875 0.2777780000000001
2 0.520625 0.7707155 0.9575 0.12523499999999999
2 0.244375 0.734934 0.08750000000000002 0.040490000000000026
2 0.90125 0.762241 0.10125000000000006 0.049905999999999895
