4 0.94375 0.4348595 0.09499999999999997 0.366197
6 0.1353125 0.5290495 0.07687499999999999 0.09507100000000002
6 0.3003125 0.5228875 0.060624999999999984 0.08274700000000001
6 0.446875 0.6139965000000001 0.048750000000000016 0.04489500000000002
6 0.5084375 0.6148765 0.043125000000000024 0.03961300000000001
6 0.55375 0.628081 0.04999999999999993 0.04489399999999999
6 0.686875 0.6487674999999999 0.07125000000000004 0.040493
6 0.8184375 0.646567 0.07687500000000003 0.05193599999999998
6 0.828125 0.517165 0.06499999999999995 0.050176
6 0.8959375 0.6760565000000001 0.06312499999999999 0.06161899999999998
4 0.069375 0.481074 0.13875 0.402288
