5 0.33625 0.614375 0.5375 0.52875
4 0.04 0.2815625 0.06833399999999999 0.45437500000000003
4 0.13375 0.335625 0.09583399999999999 0.32625000000000004
4 0.1770835 0.4328125 0.05416699999999999 0.145625
4 0.22375 0.165625 0.139166 0.33125
4 0.3 0.14 0.09166600000000003 0.28
4 0.511667 0.14218750000000002 0.05499999999999994 0.11812500000000001
4 0.587083 0.264375 0.08250000000000002 0.2425
4 0.655417 0.289375 0.07250000000000001 0.20000000000000004
4 0.7120835 0.219375 0.05916699999999997 0.31625000000000003
4 0.77125 0.270625 0.09583399999999997 0.3675
4 0.8466665 0.2928125 0.07333299999999998 0.374375
4 0.9116664999999999 0.3440625 0.05666699999999991 0.26812500000000006
4 0.9683335 0.25593750000000004 0.06166700000000003 0.231875
