13 0.099609 0.8641865 0.03125 0.08477500000000004
13 0.132324 0.8676470000000001 0.028319999999999998 0.07785399999999998
13 0.267578 0.8901384999999999 0.023438000000000014 0.046712999999999893
13 0.2988285 0.878893 0.046875 0.05882399999999999
13 0.396973 0.878893 0.02441399999999999 0.06574400000000002
13 0.4140625 0.8762975 0.019530999999999965 0.06055299999999997
13 0.5302735000000001 0.8737025 0.02343700000000004 0.06920500000000007
13 0.5522465000000001 0.8754325000000001 0.022460999999999953 0.06920500000000007
13 0.648926 0.885813 0.024413999999999936 0.05882399999999999
13 0.6650389999999999 0.888408 0.025389999999999913 0.060554
13 0.798828 0.904844 0.025390000000000024 0.03460200000000002
13 0.8183590000000001 0.9022495 0.017577999999999983 0.046713000000000005
