8 0.0590625 0.41041649999999996 0.028124999999999997 0.029167
8 0.150625 0.45875 0.04374999999999998 0.03249999999999997
8 0.205625 0.479583 0.06625 0.06750000000000006
8 0.2709375 0.56125 0.08562499999999998 0.0625
8 0.4234375 0.4441665 0.02562500000000001 0.05166699999999996
8 0.5190625 0.63375 0.12187499999999996 0.10083399999999998
8 0.6028125 0.46499999999999997 0.03562500000000002 0.051666000000000045
8 0.628125 0.534583 0.03749999999999998 0.04249999999999998
8 0.6950000000000001 0.5991664999999999 0.07874999999999999 0.11666699999999997
8 0.885625 0.5525 0.043749999999999956 0.10000000000000009
