1 0.40125 0.8495835 0.8025 0.29916700000000007
1 0.40125 0.854167 0.8025 0.29000000000000004
1 0.2778125 0.6645835 0.138125 0.06583300000000003
1 0.3721875 0.6029165000000001 0.05062500000000003 0.02083299999999999
1 0.39937500000000004 0.6325000000000001 0.06124999999999997 0.046665999999999985
1 0.669375 0.6966665 0.16374999999999995 0.088333
1 0.6546875 0.655417 0.09812500000000002 0.03249999999999997
1 0.674375 0.6579170000000001 0.1150000000000001 0.02749999999999997
1 0.6737500000000001 0.6354165 0.11124999999999996 0.044166999999999956
1 0.7112499999999999 0.6095835000000001 0.07750000000000001 0.04083300000000001
1 0.7546875 0.6354165 0.03187499999999999 0.05583299999999991
2 0.3746875 0.6491665 0.07437499999999997 0.05166700000000002
2 0.3621875 0.5866665 0.04562500000000003 0.01333300000000004
2 0.3978125 0.57375 0.005624999999999991 0.009166000000000007
2 0.4075 0.5745830000000001 0.011250000000000038 0.01749999999999996
2 0.4184375 0.568333 0.008124999999999993 0.0050000000000000044
2 0.5696875 0.6120835 0.023125000000000062 0.015832999999999986
2 0.57875 0.6174999999999999 0.012499999999999956 0.015000000000000013
2 0.620625 0.621667 0.06499999999999995 0.03500000000000003
