5 0.12343749999999999 0.13499999999999998 0.163125 0.23333399999999999
2 0.900625 0.24708349999999998 0.18375000000000008 0.149167
14 0.523125 0.4925 0.26999999999999996 0.548334
5 0.02125 0.16958299999999998 0.0425 0.0975
5 0.044375 0.1195835 0.08875 0.239167
5 0.30374999999999996 0.1275 0.285 0.15499999999999997
5 0.2959375 0.1266665 0.13562500000000002 0.253333
5 0.4 0.0954165 0.11625000000000002 0.190833
5 0.7565625 0.155 0.323125 0.15166600000000002
5 0.7221875 0.1558335 0.09437499999999999 0.198333
5 0.843125 0.105 0.3125 0.21
5 0.9806250000000001 0.11708350000000001 0.03749999999999998 0.19916699999999998
2 0.2259375 0.22125 0.451875 0.029165999999999997
2 0.66625 0.222917 0.03374999999999995 0.012500000000000011
2 0.784375 0.222917 0.02749999999999997 0.012500000000000011
