8 0.7116665 0.853693 0.09666700000000006 0.09375
5 0.146667 0.6526989999999999 0.11000000000000001 0.23721599999999998
8 0.0504165 0.7705964999999999 0.024167 0.032671000000000006
8 0.1075 0.765625 0.02166599999999999 0.02272800000000008
8 0.13583299999999998 0.7734375 0.01999999999999999 0.032670999999999895
8 0.160833 0.787642 0.010000000000000009 0.026988000000000012
8 0.605 0.8288355000000001 0.09666600000000003 0.07244299999999992
8 0.7945835 0.830256 0.005832999999999977 0.02414800000000006
8 0.9437500000000001 0.8160510000000001 0.015834000000000015 0.018465999999999982
5 0.0629165 0.6640625 0.125833 0.13778500000000005
5 0.30374999999999996 0.6335225 0.190834 0.267045
5 0.4304165 0.7052555 0.049167000000000016 0.08380699999999996
5 0.49875 0.7144885 0.039166000000000034 0.07670500000000002
5 0.7995829999999999 0.7052555 0.0675 0.092329
5 0.86625 0.7009945 0.07416600000000007 0.092329
5 0.932083 0.6761365 0.057499999999999996 0.10511300000000001
