11 0.0325 0.831377 0.065 0.21558200000000005
11 0.0557145 0.5512275 0.111429 0.22732100000000005
11 0.0775 0.27428 0.155 0.23479200000000003
11 0.0914285 0.0554965 0.182857 0.110993
11 0.310714 0.8836714999999999 0.45 0.23052299999999992
11 0.3610715 0.6280685 0.45357099999999995 0.299893
11 0.4325 0.34952 0.396428 0.284952
11 0.45 0.107257 0.42285800000000007 0.214514
11 0.8028569999999999 0.9573105 0.344286 0.08324500000000001
11 0.8353575 0.767876 0.32785699999999995 0.295624
11 0.8610715 0.4839915 0.27642900000000004 0.26147300000000007
11 0.8882145 0.1867665 0.22214299999999998 0.21344699999999997
