11 0.0375 0.43902450000000004 0.035 0.016884999999999983
11 0.598125 0.32598499999999997 0.05125000000000002 0.032833999999999974
8 0.0409375 0.7565664999999999 0.081875 0.11538499999999996
8 0.10718749999999999 0.6984055 0.030625 0.05909900000000001
8 0.1865625 0.7232645 0.02562500000000001 0.035646999999999984
8 0.489375 0.6988745 0.1275 0.166979
5 0.4996875 0.2772045 0.9968750000000001 0.554409
5 0.45968749999999997 0.0919325 0.135625 0.183865
5 0.6128125 0.3630395 0.13937500000000003 0.726079
5 0.8409375 0.2795495 0.1556249999999999 0.559099
