4 0.211699 0.79 0.03342600000000001 0.028000000000000025
4 0.228412 0.823 0.05571000000000001 0.03399999999999992
4 0.220056 0.764 0.03342600000000001 0.016000000000000014
4 0.222841 0.744 0.033425999999999984 0.02400000000000002
4 0.23537599999999997 0.727 0.030639999999999973 0.018000000000000016
4 0.24094700000000002 0.71 0.03064000000000003 0.020000000000000018
4 0.271588 0.861 0.06963799999999998 0.04200000000000004
4 0.2910865 0.973 0.10863499999999998 0.050000000000000044
4 0.2604455 0.699 0.030641 0.02200000000000002
4 0.306407 0.893 0.06685200000000002 0.04600000000000004
4 0.399721 0.979 0.06963799999999998 0.038000000000000034
4 0.441504 0.927 0.06963799999999998 0.04599999999999993
4 0.4791085 0.869 0.055710999999999955 0.038000000000000034
4 0.518106 0.979 0.07799400000000001 0.038000000000000034
4 0.5501395 0.896 0.0640670000000001 0.052000000000000046
4 0.579387 0.852 0.055709999999999926 0.04800000000000004
4 0.941504 0.935 0.11142000000000007 0.05799999999999994
