10 0.18312499999999998 0.40197 0.05875 0.03658600000000001
10 0.1953125 0.2560975 0.026874999999999982 0.024390999999999996
10 0.270625 0.295497 0.04500000000000001 0.02626600000000001
10 0.3284375 0.4934335 0.11937500000000001 0.06941900000000001
10 0.393125 0.236867 0.015000000000000013 0.021575999999999984
10 0.5315625 0.23592849999999999 0.03687499999999999 0.03658499999999998
10 0.5734375 0.6275795 0.104375 0.048781000000000074
10 0.6581250000000001 0.3062855 0.05625000000000002 0.03658499999999998
10 0.7268749999999999 0.247186 0.016249999999999987 0.023451999999999973
10 0.78375 0.335366 0.05124999999999991 0.042213999999999974
10 0.8518749999999999 0.2293625 0.04375000000000007 0.032833
