11 0.0321875 0.22607850000000002 0.026875 0.015009000000000022
11 0.0546875 0.2856475 0.028125000000000004 0.030957000000000012
11 0.08625 0.229831 0.04375 0.018762
11 0.2215625 0.2673545 0.033125000000000016 0.01688500000000004
11 0.2571875 0.206848 0.028124999999999983 0.015948000000000018
11 0.44906250000000003 0.181989 0.026875000000000038 0.018762
11 0.4971875 0.217636 0.028124999999999956 0.016886000000000012
11 0.5303125 0.1913695 0.020625000000000004 0.015008999999999995
11 0.6340625 0.23968099999999998 0.030625000000000013 0.01594799999999999
11 0.6690625 0.2434335 0.034375000000000044 0.02720499999999998
11 0.753125 0.1346155 0.036250000000000004 0.02532899999999999
11 0.8587499999999999 0.17917450000000001 0.03749999999999998 0.024391000000000024
11 0.9703124999999999 0.1022515 0.041874999999999996 0.024390999999999996
