5 0.013749999999999998 0.5079145 0.01625 0.023277000000000048
5 0.0471875 0.4902235 0.016875 0.049348999999999976
5 0.1040625 0.49487899999999996 0.015625 0.04376200000000002
5 0.143125 0.4972065 0.03749999999999999 0.05214099999999999
5 0.188125 0.489758 0.035 0.07448799999999994
5 0.2115625 0.4981375 0.02312499999999998 0.08752300000000002
5 0.2425 0.49627600000000005 0.05124999999999999 0.05772800000000006
5 0.29093749999999996 0.5041895 0.02812500000000001 0.038175000000000014
5 0.3259375 0.527002 0.020625000000000004 0.06890199999999996
5 0.349375 0.5093110000000001 0.016249999999999987 0.07635000000000003
5 0.37187499999999996 0.4981375 0.028749999999999998 0.10242099999999993
5 0.395 0.5018625 0.017500000000000016 0.06517699999999998
5 0.4196875 0.5 0.021874999999999978 0.06890200000000002
5 0.446875 0.49720700000000007 0.02124999999999999 0.05586600000000003
5 0.4871875 0.499069 0.030624999999999958 0.07821199999999995
5 0.5365625 0.499069 0.0681250000000001 0.10800800000000005
5 0.6012500000000001 0.486499 0.06874999999999998 0.09962800000000005
5 0.655 0.510242 0.05125000000000002 0.07821199999999995
5 0.6965625 0.4716015 0.03187499999999999 0.03817499999999996
5 0.79125 0.546555 0.1499999999999999 0.230912
5 0.840625 0.3500935 0.14625 0.253259
5 0.94 0.2351025 0.11875000000000002 0.263501
10 0.2225 0.628957 0.09500000000000003 0.04376200000000008
