8 0.4072265 0.876302 0.15429700000000002 0.15885400000000005
8 0.025879 0.607422 0.010742000000000002 0.040364000000000066
8 0.078125 0.751953 0.041016 0.09765599999999997
8 0.1435545 0.8535155000000001 0.14648499999999998 0.20442700000000003
8 0.2641605 0.6158855 0.018554999999999988 0.01822900000000005
8 0.298828 0.6321615 0.03515600000000002 0.055988999999999955
8 0.3461915 0.658854 0.008788999999999991 0.02864600000000006
8 0.4975585 0.6953125 0.043944999999999956 0.08593699999999993
8 0.7998050000000001 0.7897135 0.11132799999999998 0.152343
8 0.893555 0.7246094999999999 0.027344000000000035 0.027343000000000006
