14 0.205625 0.6233584999999999 0.00874999999999998 0.029081000000000023
14 0.22 0.6327389999999999 0.010000000000000009 0.044090000000000074
14 0.290625 0.6454035 0.007500000000000007 0.030019000000000018
14 0.313125 0.6482175 0.01874999999999999 0.009381000000000084
14 0.3746875 0.673077 0.021874999999999978 0.03658600000000001
14 0.46375 0.7143525 0.04625000000000001 0.030957000000000012
14 0.78 0.6923075000000001 0.06625000000000003 0.06003700000000001
14 0.8346875 0.6636960000000001 0.021874999999999978 0.02157599999999993
14 0.8378125 0.693715 0.02562500000000001 0.027204000000000006
14 0.8365625 0.718574 0.018124999999999947 0.022514000000000034
14 0.8365625000000001 0.7443715 0.010624999999999996 0.029081000000000023
14 0.9778125 0.6679174999999999 0.026874999999999982 0.048781000000000074
