8 0.028125 0.40291699999999997 0.05625 0.27249999999999996
8 0.16562500000000002 0.14791700000000002 0.022499999999999992 0.027499999999999997
8 0.2103125 0.1620835 0.018124999999999974 0.030833
8 0.2515625 0.15125 0.020625000000000032 0.034166
8 0.323125 0.159167 0.01375000000000004 0.03
8 0.4234375 0.1608335 0.018125000000000002 0.036667000000000005
8 0.4515625 0.1379165 0.013124999999999998 0.02083299999999999
8 0.5078125 0.1545835 0.021875000000000033 0.030833
8 0.5421875 0.1379165 0.02312499999999995 0.024166999999999994
8 0.5971875 0.134167 0.016874999999999973 0.045
8 0.6171875 0.14083299999999999 0.015625 0.04500000000000001
8 0.708125 0.1770835 0.02750000000000008 0.024166999999999994
8 0.7653125000000001 0.21916650000000001 0.073125 0.11666700000000002
