5 0.7153125 0.3002915 0.49937499999999996 0.5092329999999999
1 0.195 0.6914480000000001 0.38875000000000004 0.3799800000000001
5 0.07468749999999999 0.282313 0.148125 0.436346
5 0.275 0.3483965 0.2525 0.45189499999999994
5 0.43374999999999997 0.473761 0.15250000000000002 0.284742
5 0.52625 0.5126335 0.07 0.18367299999999998
5 0.5890625 0.507289 0.06562499999999993 0.09523799999999993
5 0.6599999999999999 0.493683 0.04874999999999996 0.09912599999999999
5 0.9784375000000001 0.495627 0.041874999999999996 0.08357599999999998
2 0.3634375 0.6209910000000001 0.073125 0.07580200000000004
2 0.4640625 0.5986395 0.06687500000000002 0.056365
2 0.5365624999999999 0.697279 0.21187499999999998 0.20116599999999996
2 0.62375 0.576774 0.03500000000000003 0.03207000000000004
2 0.6365624999999999 0.5937805 0.021874999999999978 0.046646999999999994
2 0.6690625 0.6107875 0.07187499999999991 0.10009699999999999
