8 0.11 0.54 0.094666 0.14799999999999996
8 0.8023335 0.8825000000000001 0.18733299999999997 0.1429999999999999
5 0.4996665 0.20600000000000002 0.999333 0.214
5 0.257 0.4385 0.04866599999999999 0.15900000000000003
5 0.348 0.405 0.04133400000000004 0.12000000000000005
5 0.3883335 0.473 0.08333299999999999 0.21399999999999997
5 0.44866700000000004 0.46249999999999997 0.068 0.235
5 0.579 0.372 0.08199999999999996 0.192
5 0.658 0.32799999999999996 0.040000000000000036 0.08800000000000002
5 0.9606665000000001 0.4385 0.07733299999999999 0.27499999999999997
5 0.9670000000000001 0.614 0.064666 0.1479999999999999
