1 0.4765625 0.375417 0.5743750000000001 0.26249999999999996
5 0.0425 0.1333335 0.085 0.103333
5 0.1528125 0.1116665 0.305625 0.223333
5 0.03125 0.09125 0.024999999999999998 0.057499999999999996
5 0.0790625 0.13874999999999998 0.055625 0.095834
5 0.1365625 0.20666649999999998 0.09312500000000001 0.09833299999999998
5 0.16843750000000002 0.15875 0.09437500000000001 0.084166
5 0.56625 0.2633335 0.86625 0.526667
5 0.2009375 0.23 0.05937499999999998 0.065
5 0.2621875 0.2495835 0.06687500000000002 0.08916700000000002
5 0.311875 0.22000000000000003 0.11499999999999999 0.10500000000000001
5 0.3990625 0.16125 0.24812499999999993 0.23250000000000004
5 0.9337500000000001 0.385833 0.13124999999999998 0.365
1 0.085625 0.23416700000000001 0.07875 0.095
2 0.4865625 0.38375 0.600625 0.245834
2 0.38749999999999996 0.2675 0.26999999999999996 0.1
