14 0.1965625 0.5249999999999999 0.03437499999999999 0.10999999999999999
14 0.4096875 0.5683335 0.026874999999999982 0.03833300000000006
14 0.7396875 0.7637499999999999 0.020625000000000004 0.060833999999999944
14 0.8934375 0.81625 0.03312500000000007 0.08250000000000002
5 0.2046875 0.2679165 0.40687500000000004 0.535833
5 0.655 0.33749999999999997 0.37999999999999995 0.673334
5 0.886875 0.382917 0.16874999999999996 0.37249999999999994
5 0.8925000000000001 0.56375 0.07750000000000001 0.22416600000000003
5 0.9528125000000001 0.5425 0.045624999999999916 0.21166600000000002
5 0.9768749999999999 0.58875 0.04500000000000004 0.11583399999999999
5 0.9796875 0.5104165 0.03937500000000005 0.030833
