5 0.0666665 0.191103 0.133333 0.32706799999999997
5 0.0683335 0.172306 0.136667 0.344612
5 0.04625 0.1729325 0.057499999999999996 0.345865
5 0.13624999999999998 0.164787 0.154166 0.329574
5 0.2266665 0.105263 0.176667 0.210526
5 0.2966665 0.0802005 0.161667 0.160401
5 0.373333 0.072055 0.14499999999999996 0.14411
5 0.3933335 0.067669 0.12833300000000003 0.135338
5 0.72 0.31391 0.5583340000000001 0.62782
5 0.61375 0.073935 0.06916600000000006 0.14787
5 0.739583 0.072055 0.05249999999999999 0.14411
5 0.8325 0.177945 0.07833400000000001 0.35589
3 0.07 0.513158 0.14 0.512532
3 0.5083335 0.5050125 0.763333 0.852131
