10 0.148125 0.4291745 0.05500000000000001 0.03846100000000002
10 0.1540625 0.242495 0.024375000000000008 0.019699999999999995
10 0.27 0.328799 0.03875000000000001 0.025328000000000017
10 0.289375 0.268762 0.03125 0.01782399999999995
10 0.319375 0.1491555 0.016249999999999987 0.013133000000000006
10 0.318125 0.145403 0.010000000000000009 0.0018759999999999888
10 0.33218749999999997 0.2321765 0.02437499999999998 0.017823000000000006
10 0.35562499999999997 0.37664200000000003 0.05250000000000005 0.04221400000000003
10 0.35124999999999995 0.1444655 0.012500000000000011 0.013133000000000006
10 0.47875 0.1261725 0.013749999999999984 0.012194999999999998
10 0.6834375 0.138837 0.026874999999999982 0.018762
10 0.6853125 0.13742949999999998 0.026874999999999982 0.010318999999999995
10 0.7171875 0.4305815 0.055625000000000036 0.07692299999999996
10 0.7103125 0.2124765 0.02562500000000001 0.006567000000000017
10 0.7109375 0.2138835 0.023125000000000062 0.015008999999999995
10 0.723125 0.40947449999999996 0.04499999999999993 0.02720499999999998
10 0.9503125 0.1472795 0.023125000000000062 0.013133000000000006
10 0.9521875 0.141651 0.020625000000000004 0.00938
