11 0.033125 0.3179165 0.013750000000000002 0.009167000000000036
11 0.110625 0.3683335 0.08750000000000001 0.04166700000000001
11 0.226875 0.32625 0.03125 0.025834000000000024
11 0.4409375 0.26249999999999996 0.019374999999999976 0.008334000000000008
11 0.49 0.2825 0.011249999999999982 0.006666000000000005
11 0.590625 0.29541649999999997 0.04249999999999998 0.01916699999999999
11 0.7975 0.312917 0.03499999999999992 0.022499999999999964
11 0.854375 0.2654165 0.03249999999999997 0.02083299999999999
11 0.9496875 0.284167 0.016874999999999973 0.0050000000000000044
11 0.9709375 0.26416649999999997 0.023125000000000062 0.013332999999999984
11 0.9806250000000001 0.31208349999999996 0.036250000000000004 0.024166999999999994
