5 0.278125 0.5266664999999999 0.27125 0.218333
5 0.2746875 0.180417 0.13187500000000002 0.11249999999999999
5 0.569375 0.34166699999999994 0.22375 0.38499999999999995
5 0.6996875 0.40666650000000004 0.051875000000000004 0.148333
5 0.736875 0.360417 0.03874999999999995 0.09250000000000003
5 0.7615624999999999 0.36583299999999996 0.04437499999999994 0.10000000000000003
5 0.80625 0.34375 0.07125000000000004 0.08416599999999996
5 0.7978125 0.455 0.051875000000000004 0.11666600000000005
5 0.9043749999999999 0.2095835 0.19000000000000006 0.419167
3 0.5453125 0.6412500000000001 0.138125 0.14083400000000001
3 0.7181249999999999 0.55 0.03749999999999998 0.04500000000000004
3 0.734375 0.54125 0.03374999999999995 0.04083400000000004
