5 0.2578125 0.30794299999999997 0.515625 0.21484399999999998
5 0.581055 0.4147135 0.732422 0.829427
5 0.6435545 0.3001305 0.24414100000000005 0.175781
5 0.9599605 0.248047 0.078125 0.490886
1 0.071289 0.5345055 0.142578 0.07682300000000003
1 0.46435550000000003 0.5123695 0.10644499999999996 0.053385000000000016
1 0.769043 0.621745 0.358398 0.30338599999999993
2 0.070801 0.529297 0.141602 0.08723999999999998
2 0.10351550000000001 0.5390625 0.130859 0.07552099999999995
2 0.380859 0.5071615 0.07617200000000002 0.042968999999999924
2 0.46533199999999997 0.510417 0.10254000000000002 0.06510400000000005
2 0.7758784999999999 0.6210935 0.35253900000000005 0.270833
2 0.7070315 0.5 0.06054700000000002 0.06770800000000005
