8 0.3984375 0.6308595 0.13085899999999995 0.08723900000000007
8 0.5166014999999999 0.643229 0.12304700000000002 0.11979200000000001
8 0.702148 0.32291650000000005 0.013671999999999906 0.013021000000000005
8 0.730957 0.390625 0.016602000000000006 0.02083400000000002
8 0.9301755 0.4010415 0.022460999999999953 0.04166700000000001
5 0.0688475 0.097656 0.137695 0.195312
5 0.38769549999999997 0.0859375 0.16406300000000001 0.171875
5 0.376953 0.094401 0.13086000000000003 0.16536399999999998
5 0.5185545 0.14648450000000002 0.14453100000000002 0.272135
5 0.679199 0.0729165 0.33691399999999994 0.145833
5 0.582031 0.192057 0.10351600000000005 0.15234399999999998
5 0.6865235000000001 0.171875 0.11328100000000008 0.17187399999999997
5 0.9199215000000001 0.2083335 0.15820299999999998 0.416667
