11 0.235156 0.3682005 0.05781200000000003 0.02928900000000001
11 0.3390625 0.335774 0.049999000000000016 0.027195999999999998
11 0.4328125 0.27928850000000005 0.04062500000000002 0.023013000000000006
11 0.5476565 0.3305435 0.051563000000000025 0.037656999999999996
11 0.671875 0.3451885 0.050000000000000044 0.020920999999999967
11 0.742969 0.3399585 0.06093799999999994 0.043933
8 0.325 0.6265689999999999 0.09999999999999998 0.09832600000000002
8 0.569531 0.6401669999999999 0.114062 0.09205000000000008
8 0.7890625 0.67887 0.1062510000000001 0.08995799999999998
2 0.0421875 0.4393305 0.040625 0.033472999999999975
2 0.0906255 0.43933049999999996 0.046875 0.020921000000000023
