8 0.850625 0.889066 0.15749999999999997 0.17940599999999995
11 0.0159375 0.226115 0.011874999999999998 0.019107999999999986
11 0.09218749999999999 0.21603 0.06937499999999999 0.04352400000000001
11 0.2290625 0.2117835 0.020625000000000004 0.018047000000000007
11 0.7040625 0.212845 0.05312499999999998 0.03503200000000001
11 0.803125 0.187898 0.03374999999999995 0.029724
11 0.8340624999999999 0.2282375 0.028125000000000067 0.05095500000000003
11 0.9646875 0.166136 0.06937499999999996 0.030786000000000008
8 0.08375 0.8667725 0.1575 0.264331
8 0.25406249999999997 0.60138 0.075625 0.16879
8 0.4090625 0.8004249999999999 0.075625 0.19745200000000007
8 0.51375 0.6273884999999999 0.09250000000000003 0.17834300000000003
8 0.6590625 0.667728 0.13187499999999996 0.11464999999999992
8 0.7371875 0.645966 0.03687499999999999 0.136942
8 0.7793749999999999 0.690552 0.04999999999999993 0.14755799999999997
