1 0.0828125 0.856203 0.15562499999999999 0.17669199999999996
2 0.0815625 0.8524434999999999 0.15687500000000001 0.19360900000000003
14 0.27625 0.488722 0.20625000000000002 0.13909799999999994
14 0.4790625 0.486842 0.17812499999999998 0.154136
14 0.6328125 0.4830825 0.0831249999999999 0.157895
14 0.61625 0.772556 0.006249999999999978 0.013158000000000003
14 0.754375 0.486842 0.16249999999999998 0.154136
1 0.3040625 0.8167295 0.083125 0.08270700000000009
2 0.1528125 0.806861 0.023125000000000007 0.02913599999999994
2 0.1740625 0.81062 0.02687500000000001 0.025376000000000065
2 0.20468750000000002 0.8049815 0.019375000000000003 0.017857000000000012
2 0.2303125 0.806861 0.026874999999999982 0.025375999999999954
2 0.2475 0.8026314999999999 0.007499999999999979 0.009399000000000046
2 0.2603125 0.805921 0.02312499999999998 0.02349599999999996
2 0.275 0.799812 0.0037499999999999756 0.007518000000000025
2 0.33999999999999997 0.7960525 0.007500000000000007 0.015037000000000078
2 0.36812500000000004 0.7960525 0.012500000000000011 0.015037000000000078
2 0.37968749999999996 0.7960525 0.013124999999999998 0.015037000000000078
2 0.3975 0.7922929999999999 0.010000000000000009 0.01127800000000001
2 0.42875 0.8082705 0.04749999999999999 0.0657890000000001
2 0.4478125 0.7951125 0.004375000000000018 0.007519000000000053
2 0.4709375 0.8002815 0.021874999999999978 0.031015000000000015
2 0.484375 0.795113 0.007499999999999951 0.01127800000000001
2 0.4965625 0.7918235 0.014375000000000027 0.021616999999999997
2 0.5228125 0.792763 0.015625 0.027255999999999947
2 0.54 0.7899435 0.008750000000000036 0.014097000000000026
2 0.5425 0.7918235 0.008750000000000036 0.017857000000000012
2 0.5521875 0.7918235 0.013124999999999942 0.021616999999999997
2 0.5615625 0.799342 0.024375000000000036 0.03289399999999998
2 0.5840625 0.7965225 0.015625 0.019737000000000005
2 0.6009374999999999 0.7899435 0.010624999999999996 0.014097000000000026
2 0.6259375 0.7955825 0.014375000000000027 0.017857000000000012
2 0.6643749999999999 0.794643 0.016249999999999987 0.015978000000000048
2 0.6971875000000001 0.7984020000000001 0.02312499999999995 0.027256000000000058
