10 0.6059375 0.2384675 0.19062500000000004 0.081313
5 0.034375 0.320954 0.06875 0.30257999999999996
5 0.076875 0.3111805 0.08000000000000002 0.275215
5 0.173125 0.2654415 0.11 0.341673
5 0.44218749999999996 0.2560595 0.159375 0.351055
5 0.464375 0.101251 0.11499999999999999 0.19311999999999999
5 0.574375 0.0465205 0.04125000000000001 0.04143899999999999
5 0.6209375 0.038702 0.06562500000000004 0.077404
5 0.705 0.2146205 0.04125000000000001 0.30883499999999997
5 0.7849999999999999 0.1829555 0.14125 0.365911
5 0.8809374999999999 0.214621 0.23687500000000006 0.429242
