11 0.0228125 0.666296 0.045625 0.08898800000000007
5 0.050625 0.5239155 0.10125 0.29588499999999995
5 0.23781249999999998 0.5867629999999999 0.076875 0.19465999999999994
5 0.311875 0.582314 0.0675 0.2703
5 0.4121875 0.542269 0.130625 0.21913200000000005
5 0.546875 0.4983315 0.05875000000000008 0.10233499999999995
5 0.625 0.5595105 0.04875000000000007 0.08453900000000003
5 0.9659375 0.336485 0.06687500000000002 0.403782
10 0.781875 0.420467 0.14749999999999996 0.062292000000000014
10 0.9728125000000001 0.6084535 0.03937500000000005 0.03559500000000004
