4 0.1940625 0.912371 0.27562499999999995 0.17338399999999998
4 0.20468750000000002 0.7432055 0.071875 0.07497699999999996
4 0.2303125 0.6719775 0.03812500000000002 0.04873499999999997
4 0.273125 0.6846300000000001 0.03749999999999998 0.057170000000000054
4 0.3021875 0.741331 0.07437499999999997 0.07872599999999996
4 0.3175 0.6471415 0.018750000000000044 0.030927000000000038
4 0.3359375 0.653702 0.02562500000000001 0.029053999999999913
4 0.3371875 0.6316775 0.02062499999999995 0.014995000000000092
4 0.3959375 0.6152765 0.02562500000000001 0.02155499999999999
4 0.39749999999999996 0.591378 0.017500000000000016 0.018743999999999983
4 0.423125 0.592315 0.017500000000000016 0.020618000000000025
