10 0.02125 0.070959 0.0425 0.025375999999999996
10 0.06875 0.1987785 0.055 0.031015000000000015
10 0.1490625 0.320959 0.061875 0.036653999999999964
10 0.13999999999999999 0.1672935 0.03624999999999999 0.020677
10 0.291875 0.181861 0.04749999999999999 0.027256000000000002
10 0.348125 0.255169 0.05499999999999999 0.03477400000000003
10 0.4084375 0.226974 0.026874999999999982 0.025375999999999982
10 0.4690625 0.6414475 0.06312499999999999 0.019737000000000005
10 0.599375 0.7152255000000001 0.06000000000000005 0.02255700000000005
10 0.8184375 0.281485 0.046875 0.03477400000000003
10 0.9846874999999999 0.34445499999999996 0.02937500000000004 0.014098
