12 0.7390625 0.7805694999999999 0.11937500000000001 0.308207
12 0.21625 0.8484085 0.27375000000000005 0.17922900000000008
12 0.4046875 0.844221 0.05937500000000001 0.16080399999999995
12 0.4290625 0.819933 0.06187500000000001 0.20938
12 0.4496875 0.8182579999999999 0.06937500000000002 0.22613000000000005
12 0.46875 0.8835850000000001 0.015000000000000013 0.04187599999999991
12 0.489375 0.798995 0.04624999999999996 0.244556
12 0.5175000000000001 0.8073699999999999 0.04625000000000001 0.234506
12 0.5603125 0.831658 0.08062499999999995 0.18592999999999993
12 0.5815625 0.7906195 0.07187500000000002 0.28140699999999996
12 0.6174999999999999 0.7906195 0.09750000000000003 0.288107
12 0.83375 0.8157455 0.14125 0.278057
12 0.9212499999999999 0.8232835000000001 0.15125 0.32663300000000006
