4 0.4090625 0.561667 0.38812500000000005 0.335
5 0.1275 0.354583 0.14875 0.16749999999999998
5 0.22281250000000002 0.25041650000000004 0.178125 0.220833
5 0.37375 0.215 0.2475 0.401666
5 0.4821875 0.2283335 0.13437499999999997 0.31333300000000003
5 0.6359375 0.234167 0.281875 0.295
5 0.7671875 0.18125 0.464375 0.3625
5 0.7853125000000001 0.0729165 0.428125 0.145833
2 0.168125 0.5129170000000001 0.31625 0.23250000000000004
2 0.6459375 0.41208350000000005 0.22812500000000002 0.07583299999999998
2 0.765625 0.4 0.03875000000000006 0.041666000000000036
