5 0.0478125 0.451963 0.07187500000000001 0.12364200000000003
0 0.45 0.47159599999999996 0.4625 0.488722
5 0.08374999999999999 0.4628235 0.03624999999999999 0.11361699999999997
5 0.0875 0.44486250000000005 0.03125 0.091061
5 0.135625 0.4482035 0.044999999999999984 0.14285699999999996
5 0.22031250000000002 0.209273 0.19812500000000002 0.20801999999999998
5 0.365625 0.218463 0.08249999999999996 0.12113599999999997
5 0.44375 0.1971595 0.10125 0.153717
5 0.6950000000000001 0.35213000000000005 0.04250000000000009 0.097744
5 0.8590625000000001 0.304929 0.280625 0.609858
3 0.45187499999999997 0.452799 0.4625 0.5430240000000001
