1 0.40656250000000005 0.417222 0.075625 0.11444399999999999
1 0.45125 0.4105555 0.10124999999999995 0.141111
1 0.45999999999999996 0.4272225 0.10000000000000003 0.14333300000000004
1 0.5146875 0.4227775 0.06687499999999996 0.156667
1 0.57125 0.413333 0.10499999999999998 0.26222200000000007
1 0.6846875 0.41111149999999996 0.28312500000000007 0.37111099999999997
1 0.848125 0.47500000000000003 0.3025 0.621112
1 0.9275 0.553889 0.14375000000000004 0.883334
2 0.26875 0.4805555 0.155 0.152223
2 0.33218749999999997 0.435 0.12312499999999998 0.125556
