2 0.1021875 0.5854170000000001 0.11812500000000001 0.11750000000000005
0 0.3459375 0.4725 0.291875 0.535
2 0.005625 0.597917 0.01125 0.0625
2 0.024375 0.5775 0.04875 0.10333400000000004
2 0.05125 0.5745834999999999 0.041249999999999995 0.08416699999999999
2 0.166875 0.5729165 0.05499999999999999 0.06416699999999997
2 0.1984375 0.5816665000000001 0.010624999999999996 0.06333299999999997
2 0.5015625 0.5479165 0.019374999999999976 0.02416700000000005
2 0.5171874999999999 0.56 0.01937500000000003 0.03833399999999998
2 0.5453125000000001 0.5583335 0.009375000000000022 0.03833300000000006
