8 0.0134375 0.393984 0.026875 0.05226799999999998
8 0.073125 0.38214950000000003 0.03625 0.03648900000000005
8 0.10343749999999999 0.3959565 0.030625 0.048323000000000005
8 0.15875 0.36193299999999995 0.017500000000000016 0.080868
8 0.1803125 0.3890535 0.03812499999999999 0.026626999999999956
8 0.21968749999999998 0.424556 0.019375000000000003 0.06410199999999999
8 0.24656250000000002 0.438856 0.031875000000000014 0.07297800000000004
8 0.2815625 0.43540449999999997 0.03562500000000002 0.06607500000000005
8 0.4046875 0.5951675000000001 0.11312499999999998 0.14694299999999993
8 0.7737499999999999 0.525641 0.10249999999999992 0.14201200000000003
8 0.8390625 0.45266249999999997 0.03562500000000002 0.08481299999999997
