2 0.5715625 0.8502225 0.21937500000000004 0.2661469999999999
14 0.52875 0.1681515 0.05124999999999991 0.19599100000000003
14 0.703125 0.17817349999999998 0.043749999999999956 0.184855
14 0.8665625 0.713252 0.03312500000000007 0.04788400000000004
14 0.8628125 0.716592 0.024375000000000036 0.032294000000000045
14 0.8825000000000001 0.18819599999999997 0.053750000000000075 0.18262799999999998
14 0.9706250000000001 0.1770605 0.057499999999999996 0.089087
14 0.9915625 0.672606 0.015625 0.06458799999999998
2 0.0825 0.8474385 0.165 0.302895
2 0.2940625 0.8346325 0.168125 0.23273900000000003
2 0.4225 0.8413145 0.09749999999999998 0.13697100000000006
2 0.458125 0.7928729999999999 0.04500000000000004 0.09799600000000008
2 0.6690625 0.8045659999999999 0.04312500000000008 0.070156
2 0.8309375 0.8769485 0.33687500000000004 0.24387500000000006
2 0.6971875 0.7783960000000001 0.03562500000000002 0.06458799999999998
2 0.7371875 0.715479 0.02562500000000001 0.04342999999999997
2 0.7646875 0.658686 0.01937500000000003 0.030065999999999926
2 0.7996875 0.6787305 0.028124999999999956 0.04342899999999994
2 0.8015625 0.7282855 0.02937500000000004 0.013363000000000014
2 0.808125 0.632517 0.016249999999999987 0.02227200000000007
2 0.8087500000000001 0.599666 0.01749999999999996 0.030066000000000037
2 0.8209375000000001 0.5133635 0.009375000000000022 0.013363000000000014
