0 0.06 0.5488345 0.028749999999999998 0.136515
0 0.07906250000000001 0.5499445000000001 0.025624999999999995 0.15205300000000005
0 0.12406249999999999 0.54606 0.069375 0.17979999999999996
0 0.20500000000000002 0.529967 0.1 0.22086599999999995
0 0.2740625 0.535516 0.12812500000000002 0.231964
0 0.359375 0.5227525 0.10375000000000001 0.257491
0 0.44875 0.5116535 0.10375000000000001 0.301887
0 0.7346874999999999 0.509989 0.49187499999999995 0.342952
5 0.0365625 0.4594895 0.073125 0.23973299999999997
5 0.78 0.3501665 0.043749999999999956 0.04328500000000002
5 0.9865625 0.524972 0.02562500000000001 0.29300799999999994
