11 0.52625 0.33333349999999995 0.06374999999999997 0.086667
5 0.244375 0.1733335 0.48875 0.346667
5 0.4996875 0.666111 0.999375 0.665556
5 0.048125 0.40277799999999997 0.04624999999999999 0.15222200000000002
5 0.1159375 0.328889 0.02812500000000001 0.055555999999999994
5 0.1559375 0.3094445 0.015625 0.03888900000000001
5 0.2496875 0.2994445 0.028124999999999983 0.06333299999999997
5 0.4559375 0.455 0.01937500000000003 0.04777799999999999
5 0.47468750000000004 0.4772225 0.023125000000000007 0.04111100000000001
5 0.7346874999999999 0.6333335 0.024374999999999925 0.07555500000000004
