8 0.10375 0.35125 0.027499999999999997 0.02749999999999997
8 0.1725 0.3495835 0.04000000000000001 0.030833
8 0.2703125 0.3683335 0.05062500000000003 0.038333000000000006
8 0.29937499999999995 0.47 0.065 0.051666000000000045
8 0.58375 0.429583 0.0675 0.0675
8 0.70875 0.355417 0.03374999999999995 0.03750000000000003
8 0.745625 0.5125 0.09999999999999998 0.08000000000000002
8 0.810625 0.384583 0.0625 0.1275
8 0.8775 0.45 0.07625000000000004 0.05333399999999999
8 0.8975 0.33875 0.06500000000000006 0.07250000000000001
