11 0.261454 0.038793 0.12450200000000003 0.054597999999999994
11 0.261454 0.253592 0.12251000000000004 0.06465600000000002
11 0.25995999999999997 0.46120649999999996 0.11553799999999997 0.06034500000000004
11 0.261952 0.14798850000000002 0.11952200000000002 0.048851000000000006
11 0.26045799999999997 0.358477 0.11454199999999998 0.05603400000000003
11 0.38595599999999997 0.8074715 0.11055799999999999 0.05747100000000005
11 0.6628485 0.4640805 0.638447 0.28448300000000004
11 0.493526 0.8038795000000001 0.10259000000000001 0.06465500000000002
11 0.605578 0.8053159999999999 0.10557800000000006 0.05603400000000003
11 0.7146415 0.808908 0.11055700000000002 0.063218
11 0.825199 0.8081895 0.10458199999999995 0.05603500000000006
11 0.934761 0.806753 0.10458200000000006 0.05890800000000007
