5 0.9303125000000001 0.24666649999999998 0.10312500000000002 0.404445
11 0.1390625 0.1705555 0.030625000000000013 0.034445
11 0.32375 0.1694445 0.04125000000000001 0.032223
11 0.42875 0.192778 0.04125000000000001 0.032222
11 0.5231250000000001 0.265 0.015000000000000013 0.034443999999999975
11 0.64125 0.30333350000000003 0.020000000000000018 0.015555000000000041
11 0.72875 0.3038885 0.02124999999999999 0.02111099999999999
8 0.58125 0.566111 0.07874999999999999 0.196666
5 0.4146875 0.1366665 0.338125 0.273333
5 0.701875 0.178889 0.24875000000000003 0.357778
