2 0.08875 0.549953 0.1775 0.298786
2 0.5171874999999999 0.42343600000000003 0.125625 0.13352000000000003
2 0.5221875 0.320728 0.07937500000000003 0.04388399999999998
2 0.7090624999999999 0.322129 0.04062500000000002 0.02987799999999996
2 0.8178125 0.3141925 0.025624999999999898 0.03081299999999998
4 0.3240625 0.521942 0.479375 0.42016799999999993
4 0.20218750000000002 0.34547150000000004 0.08687500000000001 0.059757000000000005
4 0.29000000000000004 0.339869 0.065 0.05602199999999996
4 0.6499999999999999 0.471522 0.17000000000000004 0.22035399999999994
4 0.7634375 0.394491 0.07687500000000003 0.10364200000000001
