2 0.2671875 0.7979165 0.534375 0.37083299999999997
0 0.27031249999999996 0.5441665 0.24812499999999998 0.151667
2 0.045 0.6041665 0.09 0.093333
2 0.861875 0.5825 0.15625 0.10833399999999993
2 0.9025 0.52625 0.03125 0.029166000000000025
2 0.9165625 0.525417 0.015625 0.02749999999999997
2 0.9321875 0.524583 0.015625 0.022499999999999964
2 0.9509375 0.51125 0.02187500000000009 0.01750000000000007
2 0.9678125 0.50875 0.011874999999999969 0.019166000000000016
2 0.984375 0.5379164999999999 0.030000000000000027 0.07416699999999998
