5 0.0728125 0.3991665 0.145625 0.211667
5 0.16218749999999998 0.28375 0.088125 0.10916599999999999
5 0.19718750000000002 0.4225 0.103125 0.196666
5 0.27 0.25625 0.10500000000000001 0.12583399999999997
5 0.3996875 0.26125 0.08812499999999995 0.12916599999999998
5 0.55875 0.262917 0.12624999999999997 0.07750000000000001
5 0.7840625000000001 0.237083 0.145625 0.1775
5 0.983125 0.0770835 0.03249999999999997 0.13916699999999999
3 0.28125 0.807917 0.49374999999999997 0.38250000000000006
3 0.3259375 0.5416665 0.24937499999999999 0.19833299999999998
3 0.7753125000000001 0.662917 0.448125 0.4275
