0 0.045703 0.6947425 0.091406 0.27575099999999997
0 0.14101550000000002 0.4425965 0.135157 0.09334699999999996
0 0.216406 0.6695275 0.28125 0.25321899999999997
0 0.38242200000000004 0.44045049999999997 0.12109399999999998 0.09763899999999998
0 0.507422 0.7355149999999999 0.33515600000000006 0.30364800000000003
0 0.601172 0.443133 0.12265599999999999 0.09227399999999997
0 0.6027345 0.379292 0.02421899999999999 0.035407999999999995
2 0.1421875 0.5354075 0.054686999999999986 0.03862699999999997
2 0.173437 0.5128755 0.04375000000000001 0.040773000000000004
2 0.28593749999999996 0.8798285 0.14843699999999999 0.12875499999999995
2 0.251172 0.4871245 0.044532000000000016 0.04077300000000006
2 0.384766 0.944206 0.20390600000000003 0.10944200000000004
2 0.5453125 0.9570815 0.15781299999999998 0.08369099999999996
2 0.742969 0.794528 0.1499999999999999 0.09763999999999995
2 0.7875 0.9055795 0.21562400000000004 0.180257
2 0.8855470000000001 0.447961 0.05546799999999996 0.02682399999999996
