12 0.146875 0.715417 0.048750000000000016 0.16749999999999998
12 0.2190625 0.7854165 0.051875000000000004 0.28416699999999995
12 0.3109375 0.7733335 0.083125 0.36166699999999996
12 0.3303125 0.7033335000000001 0.05437500000000001 0.2533329999999999
12 0.3703125 0.6775 0.020625000000000004 0.198334
12 0.41375 0.6775 0.03749999999999998 0.19500000000000006
12 0.806875 0.91125 0.05125000000000002 0.17583400000000005
12 0.8540625 0.8945835 0.06062500000000004 0.209167
12 0.9099999999999999 0.8879170000000001 0.03874999999999995 0.22250000000000003
12 0.9334375 0.8825000000000001 0.06937499999999996 0.22166600000000003
12 0.9775 0.8787499999999999 0.03125 0.23250000000000004
