11 0.1646875 0.351313 0.078125 0.042213999999999974
11 0.53375 0.423546 0.057499999999999996 0.04033800000000004
11 0.8478125 0.43855500000000003 0.06562500000000004 0.04033800000000004
5 0.005625 0.44606 0.01125 0.05159400000000003
5 0.08781249999999999 0.41651 0.07562499999999998 0.022514000000000034
5 0.2009375 0.42120100000000005 0.02562500000000001 0.016886000000000012
5 0.2434375 0.42120100000000005 0.033125000000000016 0.016886000000000012
5 0.3271875 0.42776749999999997 0.114375 0.07692300000000002
5 0.4340625 0.4319885 0.08187499999999998 0.053471000000000046
5 0.67625 0.436679 0.18500000000000005 0.066604
5 0.9246875 0.4104125 0.030624999999999902 0.030957000000000012
5 0.98375 0.44324600000000003 0.03125 0.04596600000000001
