1 0.506875 0.522917 0.5325 0.4025
5 0.051250000000000004 0.3979165 0.037500000000000006 0.04083300000000001
5 0.05875 0.54125 0.04 0.02750000000000008
5 0.15 0.554167 0.18375 0.11499999999999994
5 0.1403125 0.3941665 0.045625 0.05166699999999996
5 0.1640625 0.49 0.06437500000000002 0.133334
5 0.263125 0.37541650000000004 0.04500000000000001 0.07583299999999998
5 0.5534375 0.38375000000000004 0.016874999999999973 0.027500000000000024
5 0.59875 0.380417 0.06624999999999992 0.07250000000000001
5 0.7253125 0.4445835 0.14312499999999995 0.33416699999999994
5 0.77625 0.417917 0.07250000000000001 0.1225
5 0.9059375000000001 0.465 0.186875 0.326666
2 0.8075 0.5525 0.1499999999999999 0.043333999999999984
