0 0.2253125 0.48902100000000004 0.029374999999999984 0.052149999999999974
0 0.5284375 0.492681 0.38437499999999997 0.49496799999999996
5 0.2228125 0.342635 0.445625 0.68527
5 0.12 0.3920405 0.16375 0.211345
5 0.2796875 0.4400735 0.129375 0.19762100000000005
5 0.3253125 0.34355 0.026874999999999982 0.024702
5 0.469375 0.2241535 0.27125 0.243367
5 0.3540625 0.33989 0.028124999999999956 0.03568200000000005
5 0.626875 0.2232385 0.09499999999999997 0.09881100000000001
5 0.7203125 0.3371455 0.13812500000000005 0.12351299999999998
5 0.7328125000000001 0.2502285 0.06437499999999996 0.194877
5 0.8674999999999999 0.2749315 0.2025 0.24794099999999997
5 0.9784375000000001 0.2259835 0.041874999999999996 0.056725000000000025
