1 0.2896875 0.6529165 0.44437499999999996 0.319167
1 0.41156249999999994 0.5454165 0.221875 0.13583300000000004
1 0.639375 0.837083 0.27 0.22250000000000003
1 0.5634375 0.457917 0.08187500000000003 0.08250000000000002
1 0.8628125 0.4654165 0.021874999999999978 0.04583300000000001
1 0.9521875 0.42874999999999996 0.02562500000000001 0.034165999999999974
1 0.9809375 0.399167 0.03687499999999999 0.04500000000000004
1 0.99125 0.43125 0.016249999999999987 0.07083400000000001
2 0.0275 0.6825 0.055 0.08666599999999991
2 0.6971875 0.5395835 0.06687500000000002 0.05916699999999997
2 0.7409375 0.525 0.04937499999999995 0.063334
2 0.7571875 0.479167 0.04562500000000003 0.044999999999999984
2 0.7821875 0.5091669999999999 0.05687500000000001 0.04999999999999993
2 0.7759375 0.44125000000000003 0.030625000000000013 0.024165999999999965
2 0.8009375 0.5383335 0.055625000000000036 0.046667000000000014
2 0.8353125 0.5120834999999999 0.04437500000000005 0.044166999999999956
2 0.8596875 0.46125 0.02562500000000001 0.039166000000000034
2 0.870625 0.4975 0.04249999999999998 0.036665999999999976
2 0.926875 0.47250000000000003 0.03125 0.038334000000000035
2 0.95625 0.4983335 0.03749999999999998 0.03833299999999995
