0 0.1894535 0.683854 0.10546899999999998 0.16979200000000005
0 0.3683595 0.6432295 0.357031 0.5218750000000001
5 0.213281 0.402604 0.426562 0.632292
5 0.6433595 0.3375 0.711719 0.675
2 0.0867185 0.730208 0.10781299999999999 0.08125000000000004
2 0.5789059999999999 0.784896 0.09531199999999995 0.14270799999999995
2 0.6097655 0.7083335 0.09609299999999998 0.0479170000000001
2 0.6433595000000001 0.765104 0.11171900000000001 0.09895799999999999
2 0.6875 0.707292 0.07031199999999993 0.050000000000000044
2 0.716406 0.761979 0.08593800000000007 0.07604200000000005
2 0.7562500000000001 0.708333 0.03749999999999998 0.03125
2 0.8128905 0.705729 0.033592999999999984 0.0322920000000001
2 0.832422 0.7541665 0.07265600000000005 0.06458299999999995
