0 0.0441295 0.6804125000000001 0.039401 0.05040100000000003
0 0.1434205 0.6878580000000001 0.10717099999999999 0.088202
0 0.2596535 0.6970215 0.10480699999999998 0.08591099999999996
0 0.3305755 0.7863685 0.18203300000000003 0.12027500000000002
0 0.5933805 0.870561 0.264775 0.17411200000000004
0 0.827817 0.770332 0.22301000000000004 0.09736600000000006
0 0.866824 0.8768615 0.21749399999999997 0.14547500000000002
2 0.0421595 0.7577320000000001 0.040188999999999996 0.05154599999999998
2 0.11071700000000001 0.9547540000000001 0.06855800000000001 0.06529200000000002
2 0.107959 0.753723 0.05043399999999999 0.04352800000000001
2 0.1473605 0.7697594999999999 0.036249 0.05269099999999993
2 0.186761 0.7961055 0.066194 0.04123699999999997
2 0.20922000000000002 0.766323 0.049645999999999996 0.05956399999999995
2 0.428684 0.8837345 0.09771399999999997 0.06758299999999995
