1 0.1903125 0.5066665 0.380625 0.5616669999999999
2 0.185 0.4954165 0.37 0.544167
1 0.4740625 0.3458335 0.21687500000000004 0.228333
1 0.5853125 0.22625 0.18312499999999998 0.33416599999999996
2 0.103125 0.7733335 0.20625 0.45166700000000004
2 0.41874999999999996 0.4158335 0.23625000000000002 0.28833300000000006
2 0.49562500000000004 0.3433335 0.18125000000000002 0.22166699999999998
2 0.8540625 0.338333 0.02937500000000004 0.050000000000000044
2 0.8503125 0.32625000000000004 0.01937500000000003 0.02250000000000002
2 0.9309375 0.3091665 0.13687499999999997 0.10166700000000001
