14 0.155469 0.47291649999999996 0.3 0.304167
14 0.36328099999999997 0.6807295 0.03750000000000003 0.06562500000000004
14 0.394922 0.6864585000000001 0.052344 0.054166999999999965
14 0.55625 0.5625 0.289062 0.1875
14 0.848047 0.5479164999999999 0.2789060000000001 0.21041699999999997
5 0.1316405 0.8135415 0.263281 0.360417
5 0.2910155 0.45677049999999997 0.582031 0.515625
5 0.4464845 0.2859375 0.6664070000000001 0.367709
5 0.287109 0.846354 0.20390600000000003 0.30520800000000003
5 0.5210935 0.8140625 0.296875 0.369791
5 0.6941405 0.8265625000000001 0.14609299999999992 0.34479099999999996
5 0.8785155 0.38749999999999996 0.24140699999999993 0.210416
5 0.881641 0.759375 0.23515599999999992 0.479166
