0 0.2523435 0.516406 0.504687 0.729688
0 0.6929685 0.5546869999999999 0.15468700000000002 0.17499999999999993
0 0.7960935 0.5734375 0.057813 0.118749
5 0.3109375 0.2039065 0.621875 0.407813
5 0.8093755 0.2679685 0.37812500000000004 0.535937
1 0.253906 0.5171875 0.507812 0.740625
1 0.497656 0.5492185 0.27968799999999994 0.32031299999999996
1 0.8507815000000001 0.5515625 0.11093699999999995 0.10937499999999994
1 0.9226565 0.5460935 0.11406300000000003 0.11093700000000006
1 0.9851565 0.5640625 0.026563000000000003 0.078125
