11 0.38687499999999997 0.293152 0.04624999999999996 0.027204000000000006
11 0.825625 0.435741 0.1725 0.06097600000000003
5 0.189375 0.1580675 0.37875 0.316135
5 0.41937500000000005 0.1510315 0.09625 0.165103
5 0.504375 0.23639749999999998 0.10749999999999998 0.16322699999999998
5 0.5865625 0.25891200000000003 0.04312500000000008 0.06941800000000001
5 0.6340625 0.2331145 0.08187500000000003 0.175423
5 0.7050000000000001 0.2654785 0.04500000000000004 0.08255100000000001
5 0.7190624999999999 0.2007505 0.06562499999999993 0.150093
5 0.8434375000000001 0.1454035 0.14437500000000003 0.277673
