8 0.6637500000000001 0.59375 0.07625000000000004 0.04916600000000004
5 0.0484375 0.23083299999999998 0.096875 0.43
5 0.14750000000000002 0.23 0.23 0.46
5 0.3003125 0.2091665 0.164375 0.418333
5 0.4059375 0.1745835 0.09562499999999996 0.339167
5 0.5540625 0.24 0.13937500000000003 0.301666
5 0.558125 0.21 0.07000000000000006 0.42
5 0.653125 0.1816665 0.03749999999999998 0.363333
5 0.713125 0.1945835 0.06000000000000005 0.379167
5 0.7559374999999999 0.0654165 0.10312500000000002 0.130833
5 0.8109375 0.1766665 0.17437499999999995 0.353333
5 0.8796875 0.2125 0.22687500000000005 0.425
3 0.4496875 0.4645835 0.29812500000000003 0.11583299999999996
