0 0.0809375 0.524499 0.124375 0.17371999999999999
5 0.0515625 0.184855 0.103125 0.273942
5 0.0678125 0.2622495 0.135625 0.524499
5 0.14687499999999998 0.4471045 0.09 0.29732699999999995
5 0.165625 0.2650335 0.10625 0.195991
5 0.3359375 0.2694875 0.38812500000000005 0.538975
5 0.20718750000000002 0.4766145 0.09437500000000001 0.260579
5 0.6484375 0.1653675 0.275625 0.330735
5 0.5415625 0.2761695 0.05937500000000007 0.552339
5 0.581875 0.190423 0.050000000000000044 0.380846
5 0.854375 0.107461 0.11250000000000004 0.214922
