8 0.0709375 0.629925 0.09062500000000001 0.09287000000000001
8 0.15875 0.573171 0.04125000000000001 0.020637999999999934
8 0.18562499999999998 0.5309565 0.004999999999999977 0.031894999999999896
8 0.2209375 0.672608 0.03687499999999999 0.08442799999999995
8 0.2815625 0.6955910000000001 0.09187500000000001 0.130394
8 0.36625 0.7570355 0.07874999999999999 0.18574100000000004
8 0.45906250000000004 0.87242 0.111875 0.15759800000000002
8 0.5846875 0.6880865 0.04437500000000005 0.11913699999999994
8 0.6109375 0.8001875 0.07937499999999997 0.1782370000000001
8 0.8153125 0.696529 0.09562500000000007 0.12476600000000004
8 0.8359375 0.5694185 0.034375000000000044 0.071295
5 0.408125 0.1486865 0.81625 0.297373
5 0.4828125 0.1397745 0.18937500000000002 0.187617
5 0.8428125 0.1918385 0.264375 0.383677
5 0.8287500000000001 0.0469045 0.21250000000000002 0.093809
