5 0.8865625 0.5787995 0.18312499999999998 0.5159469999999999
5 0.0209375 0.7101315 0.041875 0.298311
5 0.0971875 0.833959 0.194375 0.330206
5 0.0778125 0.6210135 0.061875 0.165103
5 0.12281249999999999 0.609287 0.033125 0.18855599999999995
5 0.1784375 0.608349 0.116875 0.42495399999999994
5 0.6853125 0.6346155 0.023125000000000062 0.126641
5 0.7978125 0.569418 0.07437499999999997 0.30394000000000004
5 0.9884375000000001 0.628987 0.021874999999999978 0.346154
10 0.23093750000000002 0.803471 0.06687500000000002 0.03470999999999991
