1 0.9312499999999999 0.2900475 0.12 0.161137
2 0.9415625000000001 0.263507 0.10312500000000002 0.12511800000000003
5 0.0296875 0.271564 0.059375 0.543128
5 0.224375 0.18673 0.06125 0.37346
5 0.311875 0.2023695 0.08000000000000002 0.404739
5 0.5159374999999999 0.1753555 0.198125 0.350711
5 0.85875 0.136493 0.21500000000000008 0.272986
2 0.043125 0.3052135 0.056249999999999994 0.08909899999999998
2 0.385 0.31469199999999997 0.10875000000000001 0.12891000000000002
2 0.6321875 0.3 0.12687500000000007 0.13365000000000002
2 0.7871874999999999 0.30094750000000003 0.14437500000000003 0.179147
