5 0.8934375 0.39 0.171875 0.46833400000000003
0 0.1628125 0.630833 0.13187500000000002 0.14500000000000002
5 0.0521875 0.39166700000000004 0.104375 0.65
5 0.1553125 0.39 0.145625 0.553334
5 0.2084375 0.46125 0.135625 0.29583400000000004
5 0.2996875 0.48041649999999997 0.09437499999999999 0.24083299999999996
5 0.40125 0.4079165 0.05125000000000002 0.034167
5 0.784375 0.0879165 0.43000000000000005 0.175833
2 0.2390625 0.6179165 0.028124999999999983 0.035833000000000004
2 0.2828125 0.6258334999999999 0.05937500000000001 0.05166700000000002
2 0.8446875 0.67125 0.30937500000000007 0.17416600000000004
