5 0.6154165 0.425625 0.7691669999999999 0.85125
8 0.2791665 0.8784375 0.038333000000000006 0.04437500000000005
8 0.30874999999999997 0.8615625 0.02916599999999997 0.04062499999999991
8 0.364583 0.8631249999999999 0.04749999999999999 0.036250000000000004
8 0.4558335 0.8478125 0.04166700000000001 0.026874999999999982
8 0.5241665 0.839375 0.01333300000000004 0.01750000000000007
8 0.5604165 0.8571875 0.05916699999999997 0.04562500000000003
8 0.595 0.836875 0.01833399999999996 0.018749999999999933
8 0.6174999999999999 0.8384375 0.01833399999999996 0.01937500000000003
8 0.6791665 0.836875 0.031667 0.028749999999999942
