2 0.7715624999999999 0.7279169999999999 0.15437500000000004 0.1925
1 0.5428125 0.6804165 0.08937500000000004 0.08583300000000005
1 0.796875 0.72375 0.22875 0.19916599999999995
2 0.294375 0.6799999999999999 0.07750000000000001 0.04833399999999999
2 0.370625 0.6941665 0.08000000000000002 0.04833299999999996
2 0.4325 0.693333 0.07750000000000001 0.050000000000000044
2 0.510625 0.7033335000000001 0.07624999999999998 0.043332999999999955
2 0.6021875 0.7033335000000001 0.06562500000000004 0.043332999999999955
2 0.6396875 0.6975 0.04562500000000003 0.02833400000000008
2 0.9271875 0.7225 0.046875 0.050000000000000044
