1 0.849375 0.8642935 0.24625000000000008 0.186875
1 0.2503125 0.3531705 0.06562500000000002 0.041157
1 0.6684375 0.2969965 0.028124999999999956 0.02447100000000002
1 0.8409375 0.2391545 0.06812499999999999 0.055617
1 0.87625 0.3665185 0.053749999999999964 0.041157
2 0.0215625 0.268632 0.028124999999999997 0.018909999999999982
2 0.1221875 0.236374 0.036875000000000005 0.04560599999999998
2 0.2409375 0.3604005 0.07437500000000002 0.066741
2 0.5375000000000001 0.20967750000000002 0.006249999999999978 0.01001100000000002
2 0.5431250000000001 0.208565 0.0025000000000000577 0.007786000000000015
2 0.55125 0.20967750000000002 0.0050000000000000044 0.01001100000000002
2 0.555625 0.20745249999999998 0.003750000000000031 0.01001100000000002
2 0.5953124999999999 0.2141265 0.009375000000000022 0.010010999999999992
2 0.639375 0.223582 0.012499999999999956 0.01779799999999998
2 0.8171875 0.3615125 0.364375 0.151279
2 0.6465624999999999 0.22135700000000003 0.0068750000000000755 0.013347999999999999
2 0.721875 0.221357 0.008749999999999925 0.006674000000000013
2 0.74125 0.222469 0.011249999999999982 0.006674000000000013
2 0.9415625000000001 0.958287 0.11562499999999998 0.081202
2 0.9615625000000001 0.261958 0.03187499999999999 0.018910000000000038
