12 0.245 0.4578125 0.135 0.198125
12 0.44125 0.3984375 0.23624999999999996 0.21187500000000004
12 0.38749999999999996 0.2771875 0.11125000000000002 0.113125
12 0.401875 0.7778125 0.12625000000000003 0.14687499999999998
12 0.4028125 0.24625000000000002 0.114375 0.08875000000000002
12 0.4053125 0.208125 0.109375 0.08750000000000002
12 0.41312499999999996 0.1740625 0.09749999999999998 0.06312500000000001
12 0.42000000000000004 0.45687500000000003 0.10749999999999998 0.27
12 0.5565625 0.84625 0.179375 0.24250000000000005
12 0.594375 0.213125 0.09749999999999992 0.08374999999999999
12 0.5974999999999999 0.2496875 0.10124999999999995 0.12312500000000004
12 0.8049999999999999 0.8418749999999999 0.10625000000000007 0.20000000000000007
12 0.9212499999999999 0.8625 0.07874999999999999 0.16249999999999998
