1 0.10250000000000001 0.2476545 0.195 0.121951
1 0.5053125 0.5694185 0.890625 0.7204510000000001
2 0.0090625 0.2190435 0.018125 0.032833
2 0.075 0.2739215 0.15 0.09568499999999999
2 0.061562500000000006 0.217167 0.040625 0.017824000000000007
2 0.503125 0.5651970000000001 0.8875000000000001 0.719512
2 0.2140625 0.249062 0.018125000000000002 0.02345200000000003
2 0.2709375 0.2523455 0.07062500000000002 0.07879899999999998
2 0.3125 0.249062 0.015000000000000013 0.02345200000000003
2 0.4075 0.249062 0.15625 0.12288999999999997
2 0.358125 0.22185700000000003 0.03999999999999998 0.023452
2 0.5543750000000001 0.3198875 0.11625000000000002 0.08255099999999999
2 0.778125 0.295028 0.21250000000000002 0.12851800000000002
