2 0.9078125 0.867222 0.17937500000000006 0.25
4 0.151875 0.872778 0.2725 0.25
2 0.39812499999999995 0.8672219999999999 0.15875 0.21222200000000002
2 0.6609375 0.8583335000000001 0.676875 0.281111
2 0.5028125 0.8755554999999999 0.22687499999999994 0.24666700000000008
2 0.7128125 0.88 0.329375 0.23777800000000004
4 0.46687500000000004 0.7611114999999999 0.06124999999999997 0.031111
4 0.5396875 0.747222 0.06937499999999996 0.032222000000000084
4 0.59875 0.747222 0.04875000000000007 0.032222000000000084
4 0.6440625 0.7494445000000001 0.07062499999999994 0.054444999999999966
4 0.750625 0.7483335 0.06000000000000005 0.043333000000000066
