1 0.8800779999999999 0.5208335000000001 0.23359399999999997 0.370833
1 0.0402345 0.519271 0.080469 0.20729200000000003
1 0.2390625 0.53125 0.192187 0.133334
1 0.3609375 0.5203125 0.03281300000000004 0.09062500000000007
1 0.39140600000000003 0.5171875 0.023438000000000014 0.078125
1 0.4851565 0.519271 0.059374999999999956 0.09895799999999999
1 0.574219 0.5192705 0.05625000000000002 0.13437500000000002
1 0.6414065 0.5291665 0.046875 0.08333300000000005
1 0.7089845 0.5307295000000001 0.09921899999999995 0.09062500000000007
2 0.4996095 0.499479 0.999219 0.998958
