2 0.9546874999999999 0.665 0.083125 0.13
0 0.2953125 0.62 0.238125 0.21777800000000003
0 0.484375 0.5877779999999999 0.07 0.09999999999999998
2 0.6653125 0.6105555 0.028124999999999956 0.04111100000000001
2 0.6775 0.6244445000000001 0.050000000000000044 0.08666699999999994
2 0.703125 0.6377775 0.06000000000000005 0.09111099999999994
2 0.7068749999999999 0.5833335 0.01375000000000004 0.013332999999999928
2 0.7228125 0.5833335 0.02562500000000001 0.013332999999999928
2 0.7628125 0.5861115 0.018124999999999947 0.018888999999999934
2 0.78125 0.5894444999999999 0.023749999999999938 0.012222999999999984
2 0.9040625 0.5961110000000001 0.02187500000000009 0.025556000000000023
