1 0.4395425 0.479575 0.741831 0.279412
1 0.477941 0.32271249999999996 0.04738600000000004 0.027776999999999996
1 0.61683 0.347222 0.07352999999999998 0.037582000000000004
1 0.7704245000000001 0.390523 0.11601300000000003 0.045752000000000015
1 0.7802290000000001 0.36111099999999996 0.06045800000000001 0.03267999999999999
3 0.513889 0.6805555000000001 0.197712 0.22058900000000004
3 0.477124 0.322712 0.045752000000000015 0.021241999999999983
3 0.611928 0.343954 0.08333400000000002 0.031046000000000018
3 0.6952615 0.35294099999999995 0.076797 0.026144
3 0.7761435 0.388072 0.11437900000000001 0.047385999999999984
3 0.779412 0.357843 0.05555599999999994 0.026144
3 0.8954249999999999 0.663399 0.205882 0.212418
3 0.8946080000000001 0.36683 0.07352999999999998 0.037582000000000004
