5 0.8359375 0.4604165 0.3231250000000001 0.39916700000000005
1 0.595 0.6508335000000001 0.265 0.13666699999999998
5 0.4471875 0.0983335 0.894375 0.196667
5 0.46625 0.5129165 0.20499999999999996 0.22916699999999995
2 0.0190625 0.6166670000000001 0.038125 0.06500000000000006
2 0.0890625 0.6129165 0.12062500000000001 0.06583300000000003
2 0.221875 0.615 0.11750000000000002 0.05499999999999994
2 0.7181249999999999 0.6054165 0.025000000000000022 0.015832999999999986
2 0.8034375 0.6399999999999999 0.10687500000000005 0.056665999999999994
2 0.9215625 0.6545835 0.08812500000000001 0.07916699999999999
