2 0.6925 0.670904 0.22625000000000006 0.16478399999999993
5 0.2865625 0.115819 0.33562499999999995 0.231638
5 0.57 0.46186400000000005 0.20625 0.48493400000000003
5 0.7109375 0.4463275 0.07437500000000008 0.08097900000000002
5 0.8171875 0.4190205 0.13812499999999994 0.838041
5 0.8525 0.45197750000000003 0.04999999999999993 0.07344699999999998
5 0.9490625 0.4072505 0.059374999999999956 0.814501
5 0.985 0.5536725 0.028750000000000053 0.46704299999999993
10 0.36 0.445386 0.04625000000000001 0.04896400000000001
2 0.9003125 0.6525425 0.07687500000000003 0.08851299999999995
