10 0.33906250000000004 0.24481150000000002 0.128125 0.07641500000000001
5 0.0146875 0.24386799999999997 0.029375 0.13868
5 0.1140625 0.188679 0.18437499999999998 0.377358
5 0.140625 0.25471699999999997 0.015000000000000013 0.05282999999999999
5 0.3459375 0.0551885 0.07687500000000003 0.110377
5 0.39875 0.106604 0.040000000000000036 0.084906
5 0.4603125 0.304717 0.08312499999999995 0.08301799999999998
5 0.5509375000000001 0.320755 0.08187500000000003 0.07547199999999998
5 0.65 0.225943 0.14749999999999996 0.35
5 0.6596875 0.338679 0.038124999999999964 0.12830200000000003
5 0.87375 0.34717 0.10999999999999999 0.08679200000000004
5 0.9128125 0.2245285 0.09062499999999996 0.449057
5 0.9090625 0.320283 0.026874999999999982 0.16509400000000002
