5 0.0696875 0.669583 0.139375 0.3375
5 0.20625 0.8 0.03375 0.063334
5 0.23875 0.792083 0.03875000000000001 0.0625
5 0.26937500000000003 0.7945835 0.03875000000000001 0.07083299999999992
5 0.43875000000000003 0.58625 0.3175 0.680834
5 0.4503125 0.7975000000000001 0.051875000000000004 0.09999999999999998
5 0.5018750000000001 0.8025 0.04375000000000007 0.10333400000000004
5 0.5587500000000001 0.80125 0.03874999999999995 0.08083400000000007
5 0.9259375000000001 0.822917 0.06437499999999996 0.13749999999999996
5 0.9853125 0.8095829999999999 0.028125000000000067 0.0824999999999999
3 0.3028125 0.9233335 0.20937499999999998 0.151667
