1 0.44625 0.7678235 0.14374999999999993 0.1622889999999999
14 0.3209375 0.696529 0.03437499999999999 0.025328000000000017
14 0.5153125 0.361632 0.22437499999999994 0.27861199999999997
14 0.5234375 0.7152905 0.026874999999999982 0.029081000000000023
14 0.5615625 0.713415 0.026874999999999982 0.02157600000000004
2 0.030625 0.739681 0.06125 0.02345200000000003
2 0.0971875 0.7664165000000001 0.06687499999999999 0.08067499999999994
2 0.3384375 0.7546904999999999 0.02937500000000004 0.03846099999999997
2 0.36812500000000004 0.7537525 0.03999999999999998 0.04784299999999997
2 0.4478125 0.757036 0.12437500000000001 0.17635999999999996
