5 0.303125 0.5933335 0.21000000000000002 0.49333299999999997
14 0.0371875 0.7920834999999999 0.019375 0.02083299999999999
14 0.14406249999999998 0.7629165 0.02687500000000001 0.04416700000000007
14 0.1403125 0.8016665000000001 0.006874999999999992 0.018333000000000044
14 0.495625 0.7525 0.02999999999999997 0.03833399999999998
14 0.553125 0.746667 0.03374999999999995 0.05999999999999994
14 0.6331249999999999 0.72375 0.04375000000000007 0.07916600000000007
14 0.634375 0.7829165 0.03875000000000006 0.03916699999999995
5 0.03 0.765 0.06 0.09333400000000003
5 0.0471875 0.7445835000000001 0.059375 0.03416699999999995
5 0.099375 0.7737499999999999 0.06875 0.07583400000000007
5 0.0990625 0.719167 0.064375 0.050000000000000044
5 0.1853125 0.7091665 0.046875 0.06333299999999997
5 0.7059375 0.5525 0.586875 0.8933340000000001
