14 0.8915625 0.7570355 0.21562500000000007 0.300187
5 0.1246875 0.5384614999999999 0.026874999999999996 0.06003700000000001
5 0.1665625 0.5483115000000001 0.02562500000000001 0.055346999999999924
5 0.3303125 0.424953 0.266875 0.849906
5 0.4378125 0.686679 0.03562500000000002 0.21763600000000005
5 0.4621875 0.786116 0.08437500000000003 0.15009400000000006
5 0.4778125 0.6233584999999999 0.03562499999999996 0.18667899999999993
5 0.5393749999999999 0.6463415 0.04625000000000001 0.18198899999999996
5 0.5846875 0.4723265 0.07062500000000005 0.5075050000000001
5 0.578125 0.803002 0.050000000000000044 0.12758000000000003
5 0.6371875 0.478893 0.06562500000000004 0.48311400000000004
5 0.6403125000000001 0.8128515000000001 0.06187500000000001 0.11913699999999994
5 0.6865625 0.49953099999999995 0.06187500000000001 0.43058199999999996
5 0.723125 0.4976545 0.0625 0.42682899999999996
5 0.7403125 0.5703564999999999 0.04562500000000003 0.28893099999999994
5 0.7518750000000001 0.5028144999999999 0.04874999999999996 0.399625
5 0.784375 0.586773 0.04749999999999999 0.224202
5 0.8812500000000001 0.4380865 0.23624999999999996 0.876173
2 0.0521875 0.9052534999999999 0.104375 0.18761700000000003
2 0.0675 0.8424015 0.10875 0.09193300000000004
2 0.42125 0.825985 0.034999999999999976 0.040337999999999985
