5 0.9471875000000001 0.7150000000000001 0.08687499999999992 0.235
1 0.78625 0.8354165 0.25249999999999995 0.10416700000000001
2 0.7931250000000001 0.8375 0.23624999999999996 0.10166600000000003
5 0.033125 0.7845835 0.06625 0.12583300000000008
5 0.42000000000000004 0.7958335000000001 0.07500000000000001 0.10666699999999996
5 0.5059374999999999 0.7841665 0.055624999999999925 0.10333300000000001
5 0.6925 0.74 0.0774999999999999 0.11166600000000004
5 0.77 0.7608334999999999 0.04125000000000001 0.033332999999999946
5 0.8440624999999999 0.7691665000000001 0.05812500000000009 0.053332999999999964
5 0.9778125 0.7254165 0.04312499999999997 0.14416699999999993
2 0.020624999999999998 0.8545834999999999 0.03 0.03416699999999995
2 0.0440625 0.8591664999999999 0.016875 0.033332999999999946
2 0.0615625 0.8575 0.028124999999999997 0.033333999999999975
