1 0.4696875 0.7012195 0.166875 0.20544099999999998
2 0.2553125 0.7537525 0.11062499999999997 0.11538499999999996
14 0.6837500000000001 0.4648215 0.15000000000000002 0.19043100000000002
14 0.7996875 0.46153849999999996 0.07187499999999991 0.08818100000000001
14 0.8234375 0.6646345 0.021874999999999978 0.032833
1 0.65875 0.778612 0.15000000000000002 0.21575999999999995
2 0.004375 0.7166980000000001 0.00875 0.007504000000000066
2 0.0821875 0.7138835 0.026874999999999996 0.009381000000000084
2 0.1403125 0.7129455 0.021875000000000006 0.011257000000000073
2 0.1634375 0.7120074999999999 0.024375000000000008 0.009380999999999973
2 0.36875 0.742026 0.0625 0.06941799999999998
2 0.5503125 0.7213885 0.02937499999999993 0.06941900000000001
2 0.57125 0.7190435 0.020000000000000018 0.032833
2 0.656875 0.7743899999999999 0.15874999999999995 0.21294599999999997
2 0.6475 0.711069 0.018749999999999933 0.020638000000000045
2 0.93375 0.7166980000000001 0.04125000000000001 0.024390000000000023
