11 0.2234375 0.23843750000000002 0.10812500000000003 0.048125
5 0.0184375 0.1846875 0.036875 0.03562500000000002
5 0.0671875 0.101875 0.134375 0.085
5 0.086875 0.2565625 0.17375 0.09062500000000001
5 0.11625 0.1515625 0.0325 0.048125
5 0.2128125 0.050625 0.17062499999999997 0.0925
5 0.35906249999999995 0.014375 0.049375 0.02875
5 0.36312500000000003 0.18062499999999998 0.027500000000000024 0.05124999999999999
5 0.6890625 0.1603125 0.620625 0.320625
5 0.41375 0.1846875 0.04249999999999998 0.03562500000000002
5 0.4546875 0.1515625 0.021875000000000033 0.02687500000000001
