14 0.90375 0.262745 0.14750000000000008 0.235294
14 0.90375 0.0751635 0.13750000000000007 0.150327
5 0.03625 0.2928105 0.04625 0.07581699999999997
5 0.09 0.21633950000000002 0.04625 0.15294100000000002
5 0.11624999999999999 0.17189549999999998 0.05249999999999999 0.257517
5 0.1578125 0.2745095 0.030625000000000013 0.101961
5 0.22375 0.24967299999999998 0.04000000000000001 0.10718999999999998
5 0.2878125 0.1359475 0.06812500000000005 0.271895
5 0.3415625 0.194771 0.080625 0.30326800000000004
5 0.431875 0.1895425 0.15625 0.379085
5 0.52625 0.20457550000000002 0.09375 0.262745
5 0.6940625 0.2588235 0.280625 0.517647
5 0.6040625 0.3091505 0.02312499999999995 0.053595000000000004
5 0.6240625 0.30784350000000005 0.020625000000000004 0.05620900000000001
5 0.6403125000000001 0.286928 0.021874999999999978 0.064052
5 0.6921875 0.286928 0.010624999999999996 0.04313800000000001
5 0.705 0.27254900000000004 0.020000000000000018 0.09281
5 0.7640625000000001 0.271242 0.030625000000000013 0.08496800000000002
5 0.8300000000000001 0.27254900000000004 0.018749999999999933 0.07189600000000002
5 0.988125 0.2202615 0.022499999999999964 0.262745
