11 0.7534375 0.5820835 0.25312500000000004 0.07416699999999998
5 0.163125 0.281667 0.16625 0.31499999999999995
5 0.24624999999999997 0.2683335 0.046249999999999986 0.196667
5 0.6965625 0.2841665 0.08937499999999998 0.14833300000000002
5 0.8315625 0.2729165 0.11062499999999997 0.13416700000000004
5 0.90375 0.2866665 0.07999999999999996 0.098333
5 0.984375 0.2625 0.030000000000000027 0.146666
10 0.534375 0.3275 0.1925 0.04833399999999999
2 0.43437499999999996 0.3854165 0.044999999999999984 0.07583300000000004
2 0.8228125 0.38416700000000004 0.176875 0.10000000000000003
