0 0.103755 0.30375 0.14426799999999998 0.18250000000000002
0 0.10573099999999999 0.8821874999999999 0.140316 0.17812499999999998
0 0.107378 0.111875 0.14361000000000002 0.18125000000000002
0 0.107378 0.6890625 0.14361000000000002 0.18062500000000004
0 0.108366 0.496875 0.141634 0.1825
0 0.507905 0.108125 0.6389980000000001 0.1775
0 0.5082345 0.300625 0.635705 0.18249999999999997
0 0.508893 0.6896875 0.637022 0.17937500000000006
0 0.5108695 0.8821875 0.6409750000000001 0.18062500000000004
0 0.509881 0.4934375 0.635046 0.18312499999999998
0 0.903162 0.10718749999999999 0.15151599999999998 0.193125
0 0.9025035 0.88125 0.142293 0.18625000000000003
0 0.9034915 0.4928125 0.14031700000000003 0.18437499999999996
0 0.9041505000000001 0.3015625 0.13899899999999998 0.18437499999999998
0 0.9041505000000001 0.6865625 0.13899899999999998 0.18312499999999998
