0 0.319375 0.5354165 0.515 0.24083300000000002
5 0.1003125 0.19624999999999998 0.200625 0.390834
5 0.21875 0.19958299999999998 0.11875000000000002 0.3975
5 0.3490625 0.2104165 0.22187500000000002 0.420833
5 0.374375 0.2191665 0.1925 0.438333
5 0.43125 0.22458350000000002 0.08374999999999999 0.399167
5 0.48375 0.255417 0.08000000000000007 0.38249999999999995
5 0.5178125 0.265 0.10437499999999994 0.325
5 0.5065625 0.27375 0.06437499999999996 0.30416600000000005
5 0.5646875 0.3020835 0.06187500000000001 0.33083300000000004
5 0.5809375 0.30916699999999997 0.08687500000000004 0.31
5 0.630625 0.3366665 0.08250000000000002 0.268333
5 0.6712499999999999 0.3545835 0.07874999999999999 0.235833
5 0.7146874999999999 0.3666665 0.051875000000000004 0.163333
5 0.728125 0.3679165 0.03249999999999997 0.13083300000000003
5 0.8578125000000001 0.33999999999999997 0.28312499999999996 0.496666
5 0.78125 0.5125 0.12250000000000005 0.14833400000000008
5 0.76125 0.40375 0.05125000000000002 0.11416599999999999
5 0.8678125 0.0995835 0.254375 0.199167
5 0.7928125 0.4183335 0.04812499999999997 0.091667
5 0.8678125000000001 0.48708300000000004 0.166875 0.18750000000000006
5 0.8703125 0.416667 0.14812499999999995 0.28
