14 0.109167 0.351896 0.024999999999999994 0.030806
14 0.73 0.1338865 0.16333399999999998 0.191943
2 0.12291650000000001 0.433649 0.024167000000000008 0.040283999999999986
2 0.18125 0.460308 0.1225 0.06279599999999996
2 0.20625 0.48282 0.08249999999999999 0.07701399999999997
2 0.275417 0.493483 0.11249999999999999 0.05094799999999999
2 0.32999999999999996 0.48637450000000004 0.07 0.041469000000000034
2 0.3175 0.5065165 0.023333999999999966 0.04383900000000002
2 0.359583 0.5290285 0.07750000000000001 0.10308099999999998
2 0.5070835 0.5177725 0.27416700000000005 0.09478699999999995
2 0.6058335 0.5 0.15333299999999994 0.07820000000000005
2 0.661667 0.5231045 0.11499999999999999 0.05805699999999997
2 0.7295834999999999 0.558649 0.17583300000000002 0.07938400000000001
