5 0.7934570000000001 0.1536455 0.13183599999999995 0.234375
1 0.499023 0.48112 0.8925780000000001 0.39974
5 0.150879 0.3053385 0.301758 0.610677
5 0.2890625 0.31966150000000004 0.136719 0.17578100000000002
5 0.3984375 0.271484 0.09570299999999998 0.09505200000000003
5 0.5512695 0.2571615 0.21777299999999994 0.13411499999999998
5 0.6694335 0.223958 0.11425700000000005 0.1875
5 0.8051755 0.2539065 0.157227 0.08333299999999996
5 0.9418945000000001 0.251953 0.11425699999999994 0.503906
2 0.9545895 0.511719 0.08886700000000003 0.09375000000000006
