0 0.484375 0.4939025 0.5125 0.742027
5 0.0990625 0.2987805 0.198125 0.597561
5 0.2234375 0.2889305 0.239375 0.577861
5 0.47125 0.0919325 0.45125000000000004 0.183865
5 0.818125 0.339118 0.36250000000000004 0.678236
5 0.7278125 0.227955 0.176875 0.450282
5 0.89625 0.334428 0.20625000000000004 0.668856
2 0.0303125 0.6702625 0.060625 0.12288900000000003
2 0.13718750000000002 0.6941835 0.12562500000000001 0.163227
2 0.1959375 0.6519699999999999 0.06687499999999999 0.048779999999999935
2 0.21000000000000002 0.694653 0.04874999999999999 0.11350800000000005
2 0.6871875000000001 0.6988745 0.09312500000000001 0.230769
