11 0.0140625 0.360833 0.020625 0.015000000000000013
11 0.0240625 0.31333350000000004 0.023124999999999996 0.013332999999999984
11 0.20500000000000002 0.5320830000000001 0.04124999999999998 0.03749999999999998
11 0.2696875 0.3683335 0.015625 0.013332999999999984
11 0.5525 0.374583 0.012499999999999956 0.022499999999999964
11 0.5543750000000001 0.345 0.01375000000000004 0.008334000000000008
11 0.5709375 0.3408335 0.016874999999999973 0.013332999999999984
11 0.5990625 0.437083 0.02312499999999995 0.01749999999999996
11 0.6190625000000001 0.34416650000000004 0.01937500000000003 0.013332999999999984
11 0.88625 0.385417 0.030000000000000027 0.017500000000000016
11 0.9709375 0.3666665 0.04437500000000005 0.016666999999999987
