0 0.2784375 0.6445835 0.40437500000000004 0.46916700000000006
5 0.07968750000000001 0.3870835 0.110625 0.305833
5 0.031875 0.4583335 0.06375 0.24833300000000003
5 0.173125 0.4266665 0.13874999999999998 0.11833300000000002
5 0.6278125 0.4025 0.743125 0.805
2 0.005625 0.58375 0.01125 0.02416599999999991
2 0.0171875 0.5783335000000001 0.019375 0.031667
2 0.0396875 0.5720835 0.020625000000000004 0.025832999999999995
2 0.04625 0.5795835 0.02375 0.025832999999999995
2 0.0653125 0.6354165 0.026875000000000003 0.030833
2 0.0646875 0.5820835 0.023125 0.02083299999999999
2 0.0678125 0.625417 0.016875 0.01750000000000007
2 0.07500000000000001 0.6645835 0.020000000000000004 0.05916699999999997
2 0.08937500000000001 0.5779164999999999 0.009999999999999995 0.025833000000000106
