8 0.1871875 0.6763604999999999 0.104375 0.08067499999999994
8 0.0228125 0.815666 0.045625 0.19043199999999993
8 0.091875 0.652439 0.10250000000000001 0.12476599999999993
8 0.2809375 0.649156 0.06312499999999999 0.065666
8 0.340625 0.6857409999999999 0.06125000000000003 0.13883600000000007
8 0.39937500000000004 0.654784 0.05375000000000002 0.13508399999999998
8 0.4353125 0.620544 0.04062500000000002 0.04971799999999993
8 0.49875 0.8724205 0.11625000000000002 0.25328300000000004
8 0.5628124999999999 0.7448405 0.024374999999999925 0.15572300000000006
8 0.621875 0.5586305 0.04749999999999999 0.03470899999999999
8 0.6790625 0.7115385000000001 0.07687500000000003 0.18292699999999995
8 0.7593749999999999 0.5590995 0.04874999999999996 0.08067500000000005
8 0.8274999999999999 0.519231 0.04625000000000001 0.040337999999999985
8 0.9178124999999999 0.4906195 0.011874999999999969 0.03189500000000001
8 0.9584375 0.5164165000000001 0.028125000000000067 0.03470899999999999
8 0.980625 0.4713885 0.008750000000000036 0.02532899999999999
8 0.985625 0.500469 0.006249999999999978 0.02908000000000005
