2 0.0996875 0.7781425 0.191875 0.31613499999999994
2 0.18937500000000002 0.694653 0.22 0.35365800000000003
2 0.31125 0.7176359999999999 0.11249999999999999 0.22326400000000002
2 0.3709375 0.7162284999999999 0.073125 0.18667899999999993
2 0.4009375 0.7007505 0.08937499999999998 0.15947499999999992
2 0.42093749999999996 0.673546 0.12187500000000001 0.15384600000000004
2 0.49375 0.6796435 0.06000000000000005 0.12476500000000001
2 0.525 0.6683865 0.06125000000000003 0.109757
2 0.6353125 0.6374299999999999 0.038125000000000075 0.06285200000000002
2 0.7440625 0.6233584999999999 0.02562500000000001 0.03846099999999997
4 0.5825 0.646341 0.04749999999999999 0.065666
