8 0.7384375 0.7856475 0.07687500000000003 0.11538499999999996
5 0.399375 0.499531 0.79875 0.999062
5 0.19968750000000002 0.5032829999999999 0.09437500000000001 0.19606
5 0.395 0.49437149999999996 0.04749999999999999 0.144465
5 0.4009375 0.5126645 0.030625000000000013 0.05722299999999997
5 0.4046875 0.38789850000000003 0.02812500000000001 0.04971900000000001
5 0.4040625 0.336304 0.021874999999999978 0.04408999999999996
5 0.49187499999999995 0.402908 0.05124999999999996 0.104128
5 0.5 0.316604 0.034999999999999976 0.06097600000000003
5 0.496875 0.5023455 0.015000000000000013 0.036585000000000034
5 0.5415625 0.5028144999999999 0.030625000000000013 0.08067499999999994
5 0.568125 0.489212 0.011249999999999982 0.042213999999999974
5 0.574375 0.457317 0.02124999999999999 0.03846200000000005
5 0.6225 0.5262665 0.053750000000000075 0.09943699999999994
5 0.6481250000000001 0.39399649999999997 0.04375000000000007 0.07129500000000005
5 0.6565624999999999 0.456848 0.026875000000000093 0.065666
5 0.674375 0.29174500000000003 0.03749999999999998 0.084428
5 0.68625 0.566604 0.04874999999999996 0.08442799999999995
5 0.6971875000000001 0.41182 0.021874999999999978 0.06379000000000001
5 0.73125 0.4146345 0.04125000000000001 0.138837
5 0.751875 0.204034 0.04125000000000001 0.10975599999999996
5 0.7659374999999999 0.32223250000000003 0.045624999999999916 0.10412700000000003
5 0.774375 0.4366795 0.05249999999999999 0.12101300000000004
5 0.779375 0.1876175 0.030000000000000027 0.099437
5 0.8084375 0.215291 0.02562500000000001 0.047841999999999996
5 0.86 0.042683 0.0625 0.085366
5 0.9025 0.435741 0.04249999999999998 0.09287000000000001
5 0.905625 0.187617 0.04875000000000007 0.084428
5 0.9190625 0.1036585 0.055625000000000036 0.12101300000000001
5 0.9550000000000001 0.1425895 0.04500000000000004 0.14071299999999998
5 0.963125 0.0370545 0.05125000000000002 0.074109
5 0.9865625 0.075516 0.02562500000000001 0.151032
