1 0.111875 0.712917 0.22375 0.24750000000000005
2 0.1146875 0.72 0.229375 0.255
2 0.585 0.6558335 0.03375000000000006 0.03833300000000006
2 0.6409374999999999 0.6508335 0.016875000000000084 0.016666999999999987
2 0.6528125 0.64625 0.011874999999999969 0.015834000000000015
2 0.6637500000000001 0.6483335 0.0050000000000000044 0.011667000000000094
2 0.6796875 0.6475 0.016874999999999973 0.010000000000000009
2 0.6934375 0.6499999999999999 0.015625 0.015000000000000013
2 0.6940625 0.6579165 0.016874999999999973 0.02416700000000005
2 0.704375 0.662917 0.02749999999999997 0.02749999999999997
2 0.87875 0.8254170000000001 0.24124999999999996 0.34750000000000003
