11 0.5706249999999999 0.4371485 0.20375 0.09756100000000001
5 0.073125 0.37898699999999996 0.14625 0.21951199999999998
5 0.08499999999999999 0.21060050000000002 0.14375 0.09849900000000003
5 0.1953125 0.2345215 0.23562499999999997 0.09193300000000001
5 0.2140625 0.1655725 0.02562499999999998 0.122889
5 0.24531250000000002 0.1712005 0.02812500000000001 0.09662300000000001
5 0.28593749999999996 0.17870550000000002 0.02812500000000001 0.119137
5 0.36531250000000004 0.1824575 0.02812500000000001 0.10037499999999999
5 0.39875000000000005 0.169325 0.03375 0.130394
5 0.825625 0.154315 0.34750000000000003 0.30863
5 0.68375 0.144934 0.04249999999999998 0.197936
5 0.8428125 0.1482175 0.06562499999999993 0.28893100000000005
5 0.885625 0.1364915 0.0462499999999999 0.257973
5 0.9328125 0.3644465 0.13312500000000005 0.244841
