5 0.349375 0.18580750000000001 0.17874999999999996 0.154995
5 0.16125 0.2026145 0.3225 0.405229
5 0.1765625 0.1512605 0.06687499999999999 0.302521
5 0.7328125 0.239029 0.5331250000000001 0.478058
5 0.57 0.3716155 0.16499999999999998 0.252101
5 0.6846875 0.321195 0.13812500000000005 0.32679800000000003
5 0.7721875 0.432306 0.034375000000000044 0.06349199999999999
5 0.8003125 0.429972 0.021874999999999978 0.040149999999999963
5 0.82875 0.410364 0.040000000000000036 0.04948600000000003
5 0.83125 0.3720825 0.03749999999999998 0.034546999999999994
5 0.8825000000000001 0.3384685 0.1362500000000001 0.29038299999999995
5 0.89125 0.42343600000000003 0.04499999999999993 0.09617199999999998
5 0.931875 0.42903800000000003 0.03374999999999995 0.05695599999999995
5 0.9409375 0.407563 0.02562500000000001 0.10924400000000001
3 0.30531250000000004 0.5555555 0.47937500000000005 0.619981
