5 0.09874999999999999 0.49166699999999997 0.17875 0.665
14 0.221875 0.5216665 0.03125 0.048333000000000015
14 0.38 0.6683335 0.03749999999999998 0.04833299999999996
14 0.693125 0.6920835 0.15500000000000003 0.06916699999999998
14 0.688125 0.6916665 0.03374999999999995 0.053332999999999964
5 0.2590625 0.6483335 0.101875 0.161667
5 0.38593750000000004 0.6420835 0.215625 0.18083300000000002
5 0.54 0.5325 0.18374999999999997 0.41333400000000003
5 0.6781250000000001 0.508333 0.235 0.41
5 0.8768750000000001 0.494167 0.245 0.42500000000000004
