4 0.516113 0.8509115 0.22558599999999995 0.11588500000000002
2 0.0869145 0.8235680000000001 0.171875 0.09505200000000003
2 0.23242200000000002 0.813802 0.13086 0.07552000000000003
2 0.9721675000000001 0.848307 0.05371099999999995 0.027344000000000035
2 0.981445 0.88151 0.035155999999999965 0.05989599999999995
4 0.0654295 0.9596355 0.130859 0.078125
4 0.45019549999999997 0.8079425 0.10546899999999998 0.048176999999999914
4 0.6020505 0.8053385 0.08496099999999995 0.035156999999999994
4 0.63916 0.8138025 0.12597599999999998 0.078125
4 0.7958985000000001 0.8209635 0.097657 0.06119700000000006
