4 0.1515625 0.6554165000000001 0.303125 0.32083300000000003
4 0.03625 0.3470835 0.06874999999999999 0.024166999999999994
4 0.106875 0.35291649999999997 0.03875000000000001 0.024166999999999994
4 0.34781249999999997 0.5783335 0.24937499999999999 0.20166699999999999
4 0.53 0.55625 0.19249999999999995 0.18416600000000005
4 0.6421875 0.51125 0.14312499999999995 0.17083399999999993
4 0.6125 0.3370835 0.07625000000000004 0.03916700000000001
4 0.7246874999999999 0.48625 0.10187500000000005 0.13750000000000007
4 0.769375 0.4733335 0.08499999999999996 0.11166700000000007
4 0.815 0.449167 0.08124999999999993 0.10499999999999998
4 0.8674999999999999 0.4283335 0.07500000000000007 0.098333
4 0.8712500000000001 0.3279165 0.03874999999999995 0.02416700000000005
4 0.8965624999999999 0.40708350000000004 0.06312499999999999 0.07583299999999998
4 0.901875 0.33375 0.03749999999999998 0.025834000000000024
4 0.9234375 0.38375000000000004 0.055625000000000036 0.064166
4 0.9334375 0.36750000000000005 0.05687500000000001 0.05499999999999999
4 0.9490624999999999 0.34875 0.06187500000000001 0.07250000000000001
4 0.9871875 0.314167 0.024375000000000036 0.044999999999999984
