1 0.49812500000000004 0.5400940000000001 0.4725 0.378302
5 0.0346875 0.1816035 0.030625000000000003 0.03301900000000002
5 0.075 0.139623 0.10874999999999999 0.04339599999999999
5 0.09937499999999999 0.1896225 0.01625 0.04150900000000002
5 0.1109375 0.18773600000000001 0.014374999999999999 0.024528000000000022
5 0.11906249999999999 0.1853775 0.023124999999999993 0.04433900000000002
5 0.1284375 0.1481135 0.02062500000000002 0.026414999999999994
5 0.15187499999999998 0.158019 0.016250000000000014 0.027357999999999993
5 0.1946875 0.1740565 0.018124999999999974 0.02924500000000002
5 0.2078125 0.131604 0.028124999999999983 0.021697999999999995
5 0.260625 0.13679249999999998 0.04749999999999999 0.06981099999999998
5 0.3378125 0.146698 0.078125 0.04433999999999999
5 0.3171875 0.24150950000000002 0.03187499999999999 0.06415100000000001
5 0.46781249999999996 0.126887 0.09687499999999999 0.031131999999999993
5 0.54 0.155189 0.14249999999999996 0.04056599999999999
5 0.5646875 0.126887 0.07062499999999994 0.031131999999999993
5 0.6440625 0.150943 0.078125 0.05282999999999999
5 0.7296875 0.1537735 0.08562499999999995 0.103773
5 0.7615625 0.2334905 0.026874999999999982 0.04433899999999999
5 0.8115625 0.3882075 0.12687499999999996 0.21415099999999998
5 0.7931250000000001 0.1853775 0.04625000000000001 0.03679300000000002
5 0.8090625 0.257547 0.073125 0.1
5 0.8375 0.12452849999999999 0.09624999999999995 0.073585
5 0.846875 0.191981 0.04625000000000001 0.04622600000000002
5 0.9346874999999999 0.129717 0.114375 0.04811399999999999
5 0.935 0.22452850000000002 0.10625000000000007 0.06981099999999998
5 0.9053125 0.19103799999999999 0.041874999999999996 0.04434000000000002
5 0.9603125 0.1825475 0.078125 0.04245300000000002
5 0.973125 0.4617925 0.05249999999999999 0.114151
