14 0.1003125 0.6359465 0.019375000000000003 0.027522999999999964
14 0.3596875 0.5996665 0.016874999999999973 0.016680999999999946
14 0.88375 0.5946625 0.05249999999999999 0.03502899999999998
2 0.0834375 0.8728104999999999 0.166875 0.252711
2 0.20500000000000002 0.7635529999999999 0.035 0.03753200000000001
2 0.2334375 0.7627189999999999 0.050624999999999976 0.03920000000000001
2 0.26625 0.7618849999999999 0.03375 0.03753200000000001
2 0.29125 0.7668895 0.044999999999999984 0.034194999999999975
2 0.4128125 0.8665555 0.254375 0.26522100000000004
2 0.3159375 0.7552125000000001 0.021875000000000033 0.03085900000000008
2 0.619375 0.764804 0.11250000000000004 0.05504600000000004
2 0.7887500000000001 0.768974 0.11875000000000002 0.046706000000000025
2 0.7759375 0.7356130000000001 0.04937500000000006 0.04503800000000002
2 0.8225 0.7460385 0.04625000000000001 0.027523000000000075
2 0.8665625 0.7552125 0.05687500000000001 0.039198999999999984
2 0.93625 0.7693909999999999 0.12624999999999997 0.07089200000000007
2 0.906875 0.7443705 0.040000000000000036 0.01751500000000006
2 0.9678125 0.735196 0.04812499999999997 0.015846000000000027
