1 0.0941405 0.45416650000000003 0.167969 0.16041700000000003
1 0.369141 0.4 0.09140599999999999 0.1375
1 0.721875 0.43072900000000003 0.08593799999999996 0.08229199999999998
2 0.08789050000000001 0.453125 0.150781 0.15833399999999997
2 0.22148400000000001 0.45520799999999995 0.11640600000000001 0.11249999999999999
2 0.29296849999999997 0.453125 0.07187499999999997 0.08125000000000004
2 0.611719 0.4203125 0.40625 0.09895899999999996
2 0.884375 0.396875 0.01718799999999998 0.024999999999999967
2 0.9496095 0.403125 0.027343000000000006 0.029166000000000025
2 0.9746094999999999 0.39322900000000005 0.017969000000000013 0.017708
