11 0.16625 0.4452245 0.11624999999999999 0.058989000000000014
11 0.23781249999999998 0.46254649999999997 0.029375000000000012 0.031835
11 0.2565625 0.5702245 0.048125 0.020599000000000034
11 0.2640625 0.5028090000000001 0.03812500000000002 0.02809000000000006
11 0.298125 0.47331449999999997 0.034999999999999976 0.01966300000000004
11 0.6815625000000001 0.4405435 0.013124999999999942 0.008427000000000018
11 0.7028125000000001 0.4307115 0.016875000000000084 0.00749099999999997
11 0.7090624999999999 0.45318400000000003 0.011874999999999969 0.005617999999999956
11 0.72125 0.45318349999999996 0.012500000000000067 0.013108999999999982
11 0.7953125 0.423221 0.018124999999999947 0.007489999999999997
11 0.7984375 0.498127 0.016874999999999973 0.011236000000000024
11 0.8234375 0.475187 0.02312499999999995 0.012172000000000016
11 0.88375 0.4377345 0.020000000000000018 0.01404500000000003
11 0.9046875 0.4826775 0.024375000000000036 0.019662999999999986
11 0.9924999999999999 0.46301499999999995 0.01375000000000004 0.012172000000000016
