1 0.08437499999999999 0.671628 0.1525 0.40930200000000005
1 0.0846875 0.37534900000000004 0.078125 0.127442
1 0.139375 0.367907 0.06125000000000001 0.11255799999999999
1 0.161875 0.4251165 0.047500000000000014 0.109767
1 0.194375 0.340465 0.04125000000000001 0.06511600000000001
1 0.4840625 0.799535 0.32437499999999997 0.39348800000000006
1 0.5325 0.4330235 0.10249999999999998 0.11627900000000002
1 0.7240625 0.464186 0.11187500000000006 0.07255800000000007
1 0.7328125000000001 0.3902325 0.08187500000000003 0.10697699999999999
1 0.859375 0.4865115 0.1612499999999999 0.07813899999999996
1 0.8668750000000001 0.4176745 0.12 0.09302299999999997
2 0.0459375 0.247442 0.091875 0.026046000000000014
2 0.10999999999999999 0.42000000000000004 0.041249999999999995 0.05488399999999999
2 0.24656250000000002 0.9139535000000001 0.126875 0.16279100000000002
2 0.599375 0.2209305 0.020000000000000018 0.01209300000000002
2 0.7434375 0.22744199999999998 0.034375000000000044 0.021396
2 0.9381250000000001 0.4823255 0.04749999999999999 0.04186100000000004
2 0.9650000000000001 0.216279 0.04500000000000004 0.025116
