2 0.266875 0.49527849999999995 0.12499999999999997 0.13881099999999996
4 0.215625 0.3895185 0.012499999999999983 0.02171899999999999
4 0.22625 0.39848950000000005 0.015000000000000013 0.030216999999999994
4 0.2365625 0.4003775 0.028124999999999983 0.02266299999999999
4 0.38125 0.441926 0.04375000000000001 0.071766
4 0.455 0.46789400000000003 0.10625000000000007 0.12370200000000003
4 0.4928125 0.46317300000000006 0.059374999999999956 0.12370200000000003
4 0.6003125 0.5080264999999999 0.12062499999999998 0.15297499999999997
4 0.7315625 0.5736545 0.35187499999999994 0.27856500000000006
4 0.70625 0.440982 0.10875000000000001 0.05099199999999998
