14 0.43854150000000003 0.6194445 0.060417 0.033332999999999946
14 0.48958350000000006 0.5833335 0.12083300000000002 0.033332999999999946
14 0.641667 0.526389 0.125 0.15277800000000002
14 0.6041665 0.6555555 0.029167000000000054 0.022222999999999993
14 0.6510415 0.651389 0.03541699999999992 0.019444000000000017
14 0.692708 0.6166670000000001 0.05624999999999991 0.02777799999999997
14 0.696875 0.647222 0.022915999999999936 0.02777799999999997
14 0.7458335 0.6444445000000001 0.033332999999999946 0.022222999999999993
2 0.45624999999999993 0.831944 0.34166599999999997 0.32499999999999996
2 0.603125 0.7763884999999999 0.07291599999999998 0.08611099999999994
2 0.6916665 0.722222 0.029167000000000054 0.022221999999999964
2 0.7083335 0.7388885000000001 0.0458329999999999 0.061111000000000026
2 0.730208 0.734722 0.043749999999999956 0.030556000000000028
