11 0.5675 0.420313 0.09000000000000008 0.03749999999999998
5 0.0959375 0.103125 0.185625 0.20625
5 0.28125 0.13125 0.26 0.2625
5 0.216875 0.2609375 0.11125000000000002 0.251563
5 0.41000000000000003 0.114844 0.05499999999999999 0.09218799999999999
5 0.4965625 0.189453 0.15687499999999993 0.12890600000000002
5 0.5075000000000001 0.16015600000000002 0.10750000000000004 0.173438
5 0.5121875 0.28945350000000003 0.07562500000000005 0.23203100000000002
5 0.6699999999999999 0.161328 0.17875000000000008 0.236718
5 0.639375 0.228906 0.05500000000000005 0.067188
5 0.849375 0.323047 0.13624999999999998 0.285156
