8 0.097585 0.6202255 0.093342 0.176215
8 0.256854 0.6605905000000001 0.09725800000000001 0.07291700000000001
8 0.34595299999999995 0.5828994999999999 0.035248 0.056423
8 0.3962145 0.691406 0.03785900000000003 0.05989600000000006
8 0.394909 0.580295 0.030025999999999997 0.05815999999999999
8 0.451371 0.6657985 0.119452 0.10243100000000005
8 0.592363 0.608073 0.07114799999999999 0.13107599999999997
8 0.683094 0.7018230000000001 0.09725800000000007 0.06336799999999998
8 0.764034 0.530382 0.06723199999999996 0.0625
8 0.911227 0.654514 0.050914000000000015 0.0625
8 0.9751955 0.5238715 0.048302999999999985 0.131077
