10 0.135 0.346667 0.05875 0.030000000000000027
10 0.20124999999999998 0.30125 0.05250000000000002 0.017500000000000016
10 0.21281250000000002 0.23875000000000002 0.02687500000000001 0.017499999999999988
10 0.25593750000000004 0.24791649999999998 0.011875000000000024 0.014167000000000013
10 0.3025 0.3725 0.05874999999999997 0.02833399999999997
10 0.34375 0.30833299999999997 0.053749999999999964 0.024999999999999967
10 0.459375 0.27125 0.04125000000000001 0.017500000000000016
10 0.5328124999999999 0.249583 0.030625000000000013 0.017499999999999988
10 0.714375 0.2566665 0.036250000000000004 0.018332999999999988
10 0.733125 0.16125 0.025000000000000022 0.015834000000000015
10 0.7659374999999999 0.25125 0.045624999999999916 0.017500000000000016
10 0.8053125 0.2354165 0.02562500000000001 0.014166999999999985
10 0.92625 0.2941665 0.04249999999999998 0.018333000000000044
10 0.9371875000000001 0.24333349999999998 0.02937500000000004 0.008333000000000007
