5 0.75125 0.25984999999999997 0.32625000000000004 0.49718599999999996
11 0.1828125 0.7331145 0.06437499999999999 0.042213000000000056
11 0.2146875 0.662758 0.023125000000000007 0.02157599999999993
11 0.2828125 0.659475 0.015625 0.018762000000000056
11 0.2890625 0.7007505 0.015625 0.016884999999999928
11 0.3821875 0.7424949999999999 0.041874999999999996 0.134146
11 0.46781249999999996 0.7124765 0.06562499999999999 0.03658499999999998
11 0.4671875 0.8536585 0.023125000000000007 0.08818100000000006
11 0.6740625 0.6557225 0.06812499999999999 0.06941900000000001
11 0.9084375 0.7340530000000001 0.11312499999999992 0.044090000000000074
11 0.974375 0.6172610000000001 0.050000000000000044 0.06941800000000009
5 0.0609375 0.295028 0.121875 0.590056
5 0.4428125 0.2331145 0.17812499999999998 0.267355
10 0.0553125 0.683865 0.104375 0.058161999999999936
