5 0.0615625 0.30125 0.11687499999999999 0.2375
1 0.638125 0.5575 0.11875000000000002 0.09000000000000008
5 0.5321875 0.344583 0.015625 0.0625
5 0.5565625000000001 0.4341665 0.020625000000000004 0.048333000000000015
5 0.5965625 0.3895835 0.09812500000000002 0.229167
5 0.6553125 0.4683335 0.055625000000000036 0.093333
5 0.7050000000000001 0.525833 0.04625000000000001 0.09499999999999997
5 0.7346874999999999 0.4216665 0.10062500000000008 0.11666699999999997
5 0.7831250000000001 0.48125 0.025000000000000022 0.03583400000000003
5 0.823125 0.47 0.03249999999999997 0.048334000000000044
5 0.8715625 0.46625 0.030625000000000013 0.03749999999999998
5 0.9071875 0.4691665 0.024375000000000036 0.036667000000000005
5 0.9434374999999999 0.4570835 0.055624999999999925 0.06083299999999997
5 0.9896875 0.462917 0.01937500000000003 0.0625
1 0.748125 0.4808335 0.07250000000000001 0.048333000000000015
1 0.86625 0.485 0.04999999999999993 0.04999999999999999
