11 0.2210935 0.227344 0.08593700000000001 0.029687999999999992
11 0.34062499999999996 0.2234375 0.084374 0.028124999999999983
11 0.741406 0.4609375 0.09218799999999994 0.034375000000000044
11 0.79375 0.0421875 0.021876000000000007 0.006251
11 0.883594 0.457812 0.09218799999999994 0.03125
5 0.0148435 0.133594 0.029687 0.085938
5 0.555469 0.1726565 0.08906199999999997 0.03281300000000001
5 0.6265625 0.385156 0.05625100000000005 0.08593799999999996
5 0.7984375 0.3960935 0.034375000000000044 0.02968700000000002
5 0.8898440000000001 0.010156 0.029688000000000048 0.020312
5 0.9132815000000001 0.008594 0.017186999999999952 0.017188
