1 0.16218749999999998 0.1345835 0.281875 0.19916699999999998
5 0.49875 0.2270835 0.07125000000000004 0.454167
5 0.7171875000000001 0.1470835 0.04312499999999997 0.294167
5 0.8109375000000001 0.1220835 0.06437499999999996 0.244167
5 0.940625 0.0670835 0.11750000000000005 0.134167
1 0.7528125 0.097083 0.02562500000000001 0.022499999999999992
2 0.3259375 0.1075 0.06937499999999996 0.04166600000000001
2 0.36125 0.1029165 0.04249999999999998 0.039166999999999993
2 0.5590625 0.1341665 0.07062499999999994 0.091667
2 0.6387499999999999 0.15625 0.11625000000000008 0.084166
2 0.6334375 0.092917 0.05437500000000006 0.0325
2 0.7515624999999999 0.099583 0.02937500000000004 0.022500000000000006
2 0.7834375 0.09875 0.020625000000000004 0.020834000000000005
2 0.8553124999999999 0.105417 0.02312499999999995 0.027499999999999997
2 0.96 0.14500000000000002 0.03375000000000006 0.048334000000000016
