2 0.12548800000000002 0.9004395000000001 0.18066400000000002 0.14641300000000002
0 0.818848 0.693265 0.27832 0.08638400000000002
2 0.024414 0.9370425 0.048828 0.12298699999999996
2 0.0336915 0.849195 0.067383 0.06442199999999998
2 0.12353549999999999 0.706442 0.084961 0.05124400000000007
2 0.2197265 0.6991215 0.06445299999999998 0.03660300000000005
2 0.3740235 0.712299 0.066407 0.04245999999999994
2 0.3911135 0.6471450000000001 0.022460999999999953 0.017569999999999975
2 0.445801 0.7101025 0.077148 0.046853000000000034
2 0.429199 0.6471450000000001 0.03417999999999999 0.020498000000000016
2 0.6528320000000001 0.6991215 0.05761800000000006 0.042458999999999913
2 0.8188475 0.6427525000000001 0.018554999999999988 0.014641000000000015
2 0.9707035 0.6800875 0.015625 0.013176999999999994
2 0.9926755 0.6793560000000001 0.012695000000000012 0.020498000000000016
