5 0.0559375 0.2091165 0.111875 0.14191700000000002
5 0.16 0.7227445 0.32 0.5526309999999999
5 0.2115625 0.918233 0.238125 0.16165399999999996
5 0.16749999999999998 0.198778 0.145 0.109962
5 0.303125 0.20347700000000002 0.14750000000000002 0.11184200000000002
5 0.2878125 0.1541355 0.029374999999999984 0.06015100000000001
5 0.3440625 0.14520699999999997 0.024375000000000036 0.034774
5 0.50625 0.18609 0.26125 0.135338
5 0.8059375 0.381579 0.38687499999999997 0.36090200000000006
5 0.8221875000000001 0.15601500000000001 0.354375 0.133458
3 0.224375 0.4962405 0.057499999999999996 0.08458699999999997
3 0.4053125 0.6752819999999999 0.08812500000000001 0.10432399999999997
3 0.9421875 0.5963345 0.08812500000000001 0.10808299999999993
