2 0.2190625 0.7950280000000001 0.25312500000000004 0.331144
4 0.9075 0.7317075 0.16000000000000003 0.41838699999999995
2 0.16375 0.583021 0.14375 0.10787999999999998
2 0.18562499999999998 0.641651 0.13375 0.13695999999999997
2 0.47375 0.5079735 0.04125000000000001 0.11913699999999999
2 0.52375 0.5 0.09500000000000003 0.15759799999999996
2 0.5125 0.533771 0.04375000000000007 0.14446599999999998
2 0.5303125 0.5469040000000001 0.04312499999999997 0.14821800000000002
2 0.55 0.5520635 0.057499999999999996 0.166041
2 0.6643749999999999 0.6308635 0.14750000000000008 0.18480300000000005
2 0.7396875 0.6712005 0.16312500000000008 0.20731699999999997
2 0.77875 0.7012195 0.13875000000000004 0.19793700000000003
2 0.929375 0.8175425 0.135 0.269231
2 0.95375 0.8644465 0.09125000000000005 0.267355
4 0.2546875 0.443246 0.06937499999999999 0.134146
4 0.40249999999999997 0.41979350000000004 0.08625 0.117261
