2 0.2532835 0.858333 0.132583 0.14
14 0.607567 0.78375 0.01813600000000004 0.032500000000000084
14 0.6782364999999999 0.7029164999999999 0.066917 0.02416699999999994
14 0.7295185 0.70375 0.04815500000000006 0.029166000000000025
14 0.8455285 0.7995835 0.11757299999999993 0.030833
5 0.23546 0.7504165 0.44590399999999997 0.11916700000000002
5 0.595372 0.6745829999999999 0.26141400000000004 0.24250000000000005
5 0.8674175 0.7066665000000001 0.263915 0.251667
2 0.0334585 0.8133335 0.063165 0.046667000000000014
2 0.1278925 0.8454165 0.125703 0.089167
2 0.3352095 0.8033334999999999 0.028766999999999987 0.033332999999999946
2 0.36773 0.7970835000000001 0.02626600000000001 0.02416699999999994
2 0.4040025 0.8041665 0.03126899999999999 0.031667
2 0.4468415 0.8325 0.05816100000000002 0.06000000000000005
2 0.7148215 0.8187500000000001 0.04252699999999998 0.03583400000000003
