1 0.1203125 0.718574 0.084375 0.093808
1 0.18937500000000002 0.7129455 0.056249999999999994 0.071295
1 0.22593749999999999 0.7012195 0.070625 0.09099499999999994
1 0.33218749999999997 0.7340525 0.08812499999999995 0.09099499999999994
1 0.3771875 0.7443715 0.09312500000000001 0.11538499999999996
1 0.4559375 0.7481234999999999 0.16687500000000005 0.18480299999999994
2 0.263125 0.729831 0.06374999999999997 0.06379000000000001
2 0.2984375 0.7307695000000001 0.070625 0.07692299999999996
2 0.7 0.822233 0.1975 0.17542199999999997
2 0.9240625 0.8438085 0.150625 0.310507
