2 0.8396874999999999 0.7162919999999999 0.26812500000000006 0.455056
11 0.5715625 0.324438 0.08187500000000003 0.05524399999999996
5 0.04625 0.164794 0.0925 0.329588
5 0.2115625 0.28511200000000003 0.286875 0.568352
5 0.420625 0.24485 0.17124999999999996 0.345506
5 0.705 0.3235015 0.09250000000000003 0.17322099999999999
5 0.8049999999999999 0.3792135 0.1050000000000001 0.288389
5 0.9059375000000001 0.3544005 0.07937500000000008 0.253745
5 0.9559375 0.36844600000000005 0.08687500000000004 0.171348
2 0.1025 0.4644195 0.205 0.14981299999999997
2 0.8300000000000001 0.43118 0.33875 0.04400799999999999
