7 0.3460855 0.7679739999999999 0.09786499999999998 0.20915000000000006
7 0.4439505 0.53268 0.108541 0.2745099999999999
7 0.46530249999999995 0.8071895 0.10498299999999999 0.11764700000000006
7 0.5320285 0.3039215 0.09252700000000003 0.18300700000000003
7 0.605872 0.534314 0.15480400000000005 0.28431400000000007
7 0.6129895000000001 0.8349675000000001 0.11565900000000007 0.303921
7 0.616548 0.111111 0.094306 0.196078
7 0.7037370000000001 0.334967 0.13345200000000002 0.24509799999999998
7 0.747331 0.8039215 0.096086 0.143791
7 0.9039145 0.8104575 0.135231 0.21568700000000007
