5 0.31375 0.304163 0.15999999999999998 0.305582
5 0.4403125 0.3921475 0.06812499999999999 0.114475
5 0.4671875 0.3098395 0.116875 0.190161
5 0.7003125 0.23604550000000002 0.17562499999999992 0.18259300000000003
5 0.8215625 0.30700099999999997 0.07937499999999997 0.11069000000000001
5 0.8771875 0.34295149999999996 0.12437500000000001 0.197729
5 0.9259375000000001 0.304163 0.14687499999999998 0.205298
10 0.0934375 0.551088 0.016874999999999987 0.017975999999999992
10 0.2721875 0.5454114999999999 0.014374999999999971 0.01608299999999996
10 0.59 0.4659415 0.17500000000000004 0.06338699999999997
10 0.8146875 0.5704825 0.02187500000000009 0.030275000000000052
