6 0.8096405 0.269608 0.28594699999999995 0.271242
6 0.142974 0.5776144999999999 0.24346399999999999 0.36764699999999995
6 0.147059 0.8112745 0.212418 0.305555
6 0.234477 0.147059 0.29248399999999997 0.251634
6 0.245915 0.3300655 0.29248399999999997 0.343137
6 0.3488565 0.8112745 0.38071900000000003 0.3284309999999999
6 0.388072 0.5727125 0.312092 0.39379099999999995
6 0.508987 0.3047385 0.29248399999999997 0.315359
6 0.5 0.12418299999999999 0.25817 0.183006
6 0.6830065000000001 0.7998365 0.35294100000000006 0.318627
6 0.7009805 0.5334965 0.30065300000000006 0.33823499999999995
6 0.9142155000000001 0.7933005 0.14215699999999998 0.30882299999999996
6 0.9076795 0.530229 0.12254900000000002 0.29902
