8 0.4995115 0.7657395 0.178711 0.14934099999999995
8 0.0043945 0.45314750000000004 0.008789 0.036603
8 0.042969 0.4355785 0.03515599999999999 0.036603
8 0.08203150000000001 0.4004395 0.029297000000000004 0.05417300000000003
8 0.1137695 0.401171 0.034179 0.06735000000000002
8 0.1582035 0.442167 0.01953100000000002 0.046852000000000005
8 0.192383 0.423133 0.017577999999999983 0.06734999999999997
8 0.2045895 0.41142049999999997 0.018554999999999988 0.035138999999999976
8 0.2241215 0.4150805 0.02246100000000001 0.03953099999999998
8 0.32373050000000003 0.4011715 0.02441500000000002 0.017569
8 0.3525395 0.41874100000000003 0.015625 0.01757000000000003
8 0.7275389999999999 0.9824305 0.074218 0.03221099999999999
8 0.974121 0.500732 0.04980399999999996 0.16691
