2 0.4996095 0.4993055 0.999219 0.998611
2 0.157422 0.9277775 0.063282 0.141667
2 0.317969 0.9083335 0.051562 0.10833300000000001
2 0.43125 0.9027775 0.185938 0.19166700000000003
2 0.691797 0.9145835 0.06640599999999997 0.05694500000000002
2 0.7742184999999999 0.911111 0.08593700000000004 0.10555599999999998
4 0.0371095 0.933333 0.074219 0.12222199999999994
4 0.07929649999999999 0.915972 0.063281 0.08749999999999991
4 0.24531250000000002 0.903472 0.153125 0.19027800000000006
4 0.6046875 0.9194445 0.203125 0.15833300000000006
