0 0.37594000000000005 0.1415625 0.154136 0.118125
0 0.49389099999999997 0.270625 0.16447399999999995 0.11624999999999999
0 0.819079 0.5525 0.177632 0.14000000000000007
0 0.880169 0.7471875 0.23778199999999994 0.21187500000000004
2 0.0211465 0.0378125 0.042293 0.035625000000000004
2 0.023966 0.15250000000000002 0.047932 0.0325
2 0.36889099999999997 0.5540625 0.677632 0.890625
2 0.10056399999999999 0.0240625 0.05451199999999999 0.035625000000000004
2 0.757989 0.1540625 0.361842 0.08062499999999999
2 0.9783835 0.1565625 0.04135299999999997 0.040624999999999994
