8 0.06218749999999999 0.6695260000000001 0.021875 0.033299999999999996
8 0.1540625 0.660444 0.015625 0.019171999999999967
8 0.1775 0.6589305 0.0037500000000000033 0.008072999999999997
8 0.19 0.654894 0.015000000000000013 0.016145999999999994
8 0.2034375 0.657417 0.010624999999999996 0.041371999999999964
8 0.240625 0.7235115 0.05499999999999999 0.058526999999999996
8 0.266875 0.755298 0.014999999999999958 0.039354
8 0.2984375 0.6695255 0.026875000000000038 0.04944499999999996
8 0.398125 0.706862 0.03749999999999998 0.06559000000000004
8 0.4359375 0.6871849999999999 0.033125000000000016 0.05247199999999996
8 0.4703125 0.6377395 0.020625000000000004 0.01816299999999993
8 0.5428125 0.8052475 0.06812499999999999 0.08476299999999992
8 0.6103125 0.8446015 0.07437499999999997 0.16750700000000007
8 0.6934375 0.8753785000000001 0.08937499999999998 0.18062499999999992
8 0.755 0.707871 0.03125 0.04339000000000004
8 0.8209375 0.8218970000000001 0.08062499999999995 0.146316
8 0.90625 0.7986880000000001 0.03624999999999989 0.04338999999999993
8 0.9546875 0.6331990000000001 0.03562500000000002 0.04338999999999993
