8 0.040625 0.6554169999999999 0.08125 0.13249999999999995
8 0.11781250000000001 0.554583 0.068125 0.1375
8 0.24656250000000002 0.6499999999999999 0.136875 0.09833400000000003
8 0.339375 0.6266665 0.09000000000000002 0.13833300000000004
8 0.3671875 0.5254165 0.06312499999999999 0.08583299999999999
8 0.3884375 0.4675 0.02562500000000001 0.02166600000000002
8 0.5984375 0.63375 0.055624999999999925 0.08250000000000002
8 0.6543749999999999 0.744583 0.10875000000000001 0.14250000000000007
8 0.674375 0.43125 0.04749999999999999 0.03583399999999998
8 0.7015625 0.4383335 0.024375000000000036 0.036667000000000005
8 0.7525 0.5058335 0.04625000000000001 0.10333300000000001
8 0.9190625 0.8779165 0.16062500000000002 0.12416699999999992
8 0.9703125 0.773333 0.05812499999999998 0.15499999999999992
9 0.4984375 0.5237499999999999 0.996875 0.695834
