1 0.665625 0.530957 0.24 0.15197
5 0.1125 0.42213849999999997 0.225 0.13883700000000004
5 0.32906250000000004 0.35788 0.10812499999999997 0.10225199999999995
5 0.524375 0.31003749999999997 0.15875 0.22420299999999999
1 0.054375 0.522514 0.09874999999999999 0.061914000000000025
2 0.18125 0.5323640000000001 0.02124999999999999 0.042214000000000085
2 0.1965625 0.5361165 0.009375000000000022 0.03846100000000008
2 0.383125 0.535647 0.04625000000000001 0.06379000000000001
2 0.47343749999999996 0.5375235 0.085625 0.071295
2 0.53 0.5393995 0.04500000000000004 0.071295
