5 0.0590625 0.442222 0.091875 0.41999999999999993
14 0.6421874999999999 0.538889 0.04062500000000002 0.08222199999999996
5 0.2678125 0.2805555 0.535625 0.561111
5 0.2021875 0.5455555 0.116875 0.213333
5 0.22593749999999999 0.4177775 0.08687499999999998 0.19111100000000003
5 0.36874999999999997 0.39722250000000003 0.29874999999999996 0.23666700000000002
5 0.7375 0.2316665 0.5237499999999999 0.463333
5 0.753125 0.318889 0.47250000000000003 0.513334
5 0.9003125000000001 0.516111 0.09312500000000001 0.22333399999999992
5 0.93625 0.37222199999999994 0.06000000000000005 0.25999999999999995
5 0.9746874999999999 0.5216665 0.04937500000000006 0.18555499999999997
