0 0.3659375 0.65 0.731875 0.483334
5 0.2625 0.307917 0.525 0.2975
5 0.5603125 0.3625 0.07937499999999997 0.21833400000000003
5 0.8028124999999999 0.41625 0.39312500000000006 0.1975
5 0.7365625 0.5841665 0.02562500000000001 0.10333300000000001
5 0.78625 0.5891664999999999 0.03249999999999997 0.10666699999999996
5 0.82375 0.5954165 0.04749999999999999 0.10916700000000001
5 0.861875 0.585833 0.04375000000000007 0.10999999999999999
5 0.8965625 0.5854165 0.015625 0.08416699999999999
5 0.9156249999999999 0.59 0.03749999999999998 0.10499999999999998
5 0.971875 0.5841665 0.05500000000000005 0.11666699999999997
2 0.7540625 0.6695835 0.10812500000000003 0.0841670000000001
2 0.8478125 0.67125 0.09937499999999999 0.08083400000000007
2 0.941875 0.67625 0.11499999999999999 0.08083400000000007
