8 0.7893749999999999 0.7979165 0.16125 0.17416699999999996
8 0.4265625 0.795833 0.12062499999999998 0.05499999999999994
8 0.59125 0.7129165 0.12124999999999997 0.12416700000000003
5 0.05125 0.175 0.1025 0.35
5 0.089375 0.40625 0.12375 0.12250000000000005
5 0.0978125 0.2775 0.140625 0.515
5 0.2446875 0.2941665 0.32062500000000005 0.588333
5 0.193125 0.429583 0.036250000000000004 0.10750000000000004
5 0.6590625 0.25125 0.439375 0.4875
5 0.7159375 0.40125 0.16312499999999996 0.190834
5 0.9034375 0.4629165 0.19187500000000002 0.925833
