4 0.3905955 0.7890625 0.11452499999999999 0.08812500000000001
2 0.1461825 0.8478125000000001 0.292365 0.155625
2 0.477654 0.6296875 0.03538199999999997 0.016875000000000084
2 0.4809125 0.6065625 0.023276999999999992 0.02562500000000001
2 0.49022350000000003 0.5871875 0.015829000000000037 0.0068749999999999645
2 0.4939475 0.5265625 0.017691000000000068 0.015625
2 0.5041895 0.65375 0.038175000000000014 0.01749999999999996
2 0.4916205 0.5453125 0.007448999999999983 0.015625
2 0.5242085000000001 0.5487500000000001 0.013035000000000019 0.008749999999999925
2 0.565177 0.5178125 0.057728 0.02562500000000001
2 0.5549345 0.5925 0.027932999999999986 0.01375000000000004
2 0.5749535 0.6296875 0.05865900000000002 0.03437499999999993
2 0.587058 0.549375 0.03072600000000003 0.01375000000000004
2 0.5972999999999999 0.6690625 0.05121000000000009 0.034375000000000044
2 0.607542 0.5871875 0.010241999999999973 0.0068749999999999645
2 0.6699255 0.6425 0.11452499999999999 0.07374999999999998
2 0.6918059999999999 0.749375 0.09683399999999998 0.06125000000000003
2 0.719274 0.6928125 0.03072600000000003 0.020625000000000004
2 0.7639665 0.7406250000000001 0.0735570000000001 0.03749999999999998
2 0.8850095 0.8059375 0.11638700000000002 0.07187500000000002
2 0.9292365 0.8262499999999999 0.06331500000000001 0.07500000000000007
2 0.970205 0.8290625 0.057728 0.114375
