14 0.073125 0.511289 0.009999999999999995 0.025400000000000034
14 0.11875 0.465193 0.008749999999999994 0.015992000000000006
14 0.15875 0.3099715 0.03375 0.019754999999999967
14 0.2503125 0.34242700000000004 0.03687499999999999 0.01505200000000001
14 0.2471875 0.3010345 0.02562500000000001 0.009406999999999999
14 0.28875 0.3212605 0.057499999999999996 0.019754999999999967
14 0.2896875 0.426623 0.010624999999999996 0.023517999999999983
14 0.2975 0.464252 0.007500000000000007 0.017874
14 0.3621875 0.5597365 0.024375000000000036 0.047036999999999995
14 0.40031249999999996 0.7022575 0.03937499999999999 0.02916300000000005
14 0.410625 0.46801499999999996 0.00874999999999998 0.017874
14 0.4546875 0.30291650000000003 0.03562499999999996 0.01693300000000003
14 0.46375 0.8047975 0.053749999999999964 0.03668900000000008
14 0.44218749999999996 0.496237 0.008124999999999993 0.019755999999999996
14 0.460625 0.69191 0.04249999999999998 0.02351800000000004
14 0.514375 0.8913455 0.057499999999999996 0.047976999999999936
14 0.553125 0.8029165 0.050000000000000044 0.03668899999999997
14 0.6265624999999999 0.881938 0.06437499999999996 0.04045199999999993
14 0.8903125000000001 0.827846 0.020625000000000004 0.04891800000000002
5 0.1790625 0.3099715 0.151875 0.260583
5 0.38093750000000004 0.426623 0.08187499999999998 0.20790199999999998
5 0.68625 0.4995295 0.62625 0.999059
