0 0.47795499999999996 0.4803125 0.07223199999999996 0.04312499999999997
2 0.031426 0.6034375 0.062852 0.04812499999999997
2 0.098968 0.588125 0.072232 0.04125000000000001
2 0.129925 0.6228125 0.10412800000000001 0.059374999999999956
2 0.14774900000000002 0.54375 0.10788 0.02749999999999997
2 0.150094 0.5640625 0.071294 0.034375000000000044
2 0.33349 0.5421875 0.19230800000000003 0.09937500000000005
2 0.8438085 0.6025 0.05909900000000001 0.05625000000000002
2 0.8850845 0.5265625 0.09474700000000003 0.03437499999999993
2 0.926829 0.5900000000000001 0.133208 0.04749999999999999
2 0.934803 0.5984375 0.08161399999999996 0.048125000000000084
2 0.9821765 0.6053125 0.033770999999999995 0.04812499999999997
