14 0.74 0.376667 0.235556 0.06
5 0.0294445 0.4633335 0.058889 0.053332999999999964
5 0.0977775 0.47333349999999996 0.07111100000000001 0.048333000000000015
5 0.18 0.46625 0.062222 0.03583400000000003
5 0.376111 0.45083300000000004 0.09222199999999997 0.07
5 0.49888849999999996 0.44666700000000004 0.10888899999999996 0.034999999999999976
5 0.5894444999999999 0.4483335 0.08333299999999999 0.07166700000000004
5 0.6766665000000001 0.42833299999999996 0.08666699999999994 0.04999999999999999
5 0.9122224999999999 0.4129165 0.093333 0.06083299999999997
5 0.982778 0.4125 0.03222199999999997 0.05499999999999999
