8 0.3803125 0.6333335 0.104375 0.08666700000000005
8 0.2521875 0.7816665 0.12562500000000001 0.11888900000000002
8 0.6184375 0.7733335 0.13312500000000005 0.07111099999999992
8 0.7575 0.6316665 0.10375000000000001 0.141111
5 0.0271875 0.2883335 0.054375 0.14111100000000001
5 0.040625 0.14333300000000002 0.08125 0.257778
5 0.49906249999999996 0.216111 0.995625 0.43000000000000005
5 0.10843749999999999 0.1761115 0.12687500000000002 0.31888900000000003
5 0.8990625 0.112222 0.06812499999999999 0.224444
5 0.9081250000000001 0.1144445 0.06999999999999995 0.228889
5 0.9668749999999999 0.1394445 0.06500000000000006 0.278889
