1 0.538125 0.5395175 0.6687500000000001 0.639767
1 0.0846875 0.43344399999999994 0.076875 0.16306199999999998
2 0.1434375 0.6202165 0.210625 0.27204700000000004
2 0.0828125 0.4305325 0.084375 0.16222899999999996
2 0.18312499999999998 0.37395999999999996 0.16 0.127288
2 0.643125 0.4821135 0.07625000000000004 0.17221299999999995
2 0.755 0.45549100000000003 0.1399999999999999 0.18718800000000002
2 0.854375 0.482529 0.11375000000000002 0.19966799999999996
2 0.94625 0.45632249999999996 0.028749999999999942 0.07570700000000002
2 0.9503124999999999 0.35773699999999997 0.020625000000000004 0.053244000000000014
