11 0.1388885 0.359375 0.06388900000000002 0.035416
11 0.19374999999999998 0.3697915 0.02083399999999999 0.014583000000000013
11 0.2652775 0.36354149999999996 0.016666999999999987 0.027083000000000024
11 0.2993055 0.3729165 0.02083299999999999 0.016666999999999987
11 0.36041650000000003 0.4041665 0.02638900000000005 0.029167
11 0.4118055 0.4104165 0.031945 0.016666999999999987
11 0.65625 0.40937500000000004 0.029166000000000025 0.022915999999999992
11 0.6986114999999999 0.4239585 0.01388899999999993 0.027083000000000024
11 0.7305555 0.4083335 0.01388900000000004 0.029167
11 0.796528 0.421875 0.012499999999999956 0.018750000000000044
11 0.891667 0.436458 0.022221999999999964 0.01874999999999999
