1 0.289375 0.7495835 0.30874999999999997 0.28916700000000006
5 0.0828125 0.4995835 0.165625 0.999167
5 0.156875 0.50625 0.028750000000000026 0.02916599999999997
5 0.18937500000000002 0.5075000000000001 0.03624999999999998 0.04500000000000004
5 0.816875 0.34125 0.365 0.6825
2 0.1740625 0.602083 0.05562500000000001 0.04249999999999998
2 0.225 0.6129169999999999 0.08000000000000002 0.01749999999999996
2 0.28625 0.63125 0.08125000000000002 0.04249999999999998
2 0.2553125 0.5933335 0.011874999999999969 0.018333000000000044
2 0.2728125 0.5979165 0.015625 0.02416699999999994
2 0.36375 0.659583 0.15375 0.07250000000000001
