1 0.3964385 0.745625 0.671041 0.36875
1 0.138238 0.5196875 0.276476 0.22562499999999996
1 0.203374 0.45125000000000004 0.406748 0.3575
1 0.585754 0.611875 0.5248360000000001 0.18624999999999992
1 0.6757259999999999 0.4753125 0.614808 0.20687499999999998
1 0.9015934999999999 0.525625 0.19493900000000008 0.11624999999999996
1 0.9142455 0.6240625 0.16963499999999998 0.23062499999999997
3 0.138238 0.5221875 0.276476 0.203125
3 0.354733 0.750625 0.709466 0.46124999999999994
3 0.6223055 0.5984375 0.461105 0.17062499999999992
3 0.8964385 0.518125 0.20524900000000001 0.10875000000000001
3 0.910497 0.6259375 0.17713200000000007 0.23562499999999997
