8 0.436875 0.826454 0.13250000000000006 0.07692399999999999
8 0.0134375 0.8175425000000001 0.026875 0.09474700000000003
8 0.5034375 0.48874300000000004 0.013124999999999998 0.024389999999999967
8 0.5284375 0.49531000000000003 0.014375000000000027 0.02251399999999998
8 0.566875 0.7148215 0.06499999999999995 0.1388370000000001
8 0.6546875 0.7002815 0.07937499999999997 0.05909900000000001
8 0.67875 0.533771 0.012500000000000067 0.022513999999999923
8 0.7475 0.4990615 0.008749999999999925 0.011256999999999961
8 0.7615625 0.61773 0.03687499999999999 0.04784199999999994
8 0.7890625 0.5595684999999999 0.008124999999999938 0.02157500000000001
8 0.8243750000000001 0.4840525 0.01375000000000004 0.015008999999999995
8 0.8434375000000001 0.4878045 0.014374999999999916 0.011257000000000017
