4 0.576875 0.8700000000000001 0.37625000000000003 0.255
2 0.0221875 0.7604169999999999 0.044375 0.057499999999999996
4 0.0940625 0.7470835 0.016874999999999987 0.02083299999999999
4 0.11156250000000001 0.7495835 0.023124999999999993 0.025832999999999995
4 0.1446875 0.74875 0.02437499999999998 0.02416600000000002
4 0.19968750000000002 0.7841670000000001 0.09812499999999999 0.09999999999999998
4 0.3315625 0.8175 0.17312500000000003 0.1499999999999999
4 0.674375 0.8304165 0.14875000000000005 0.1458330000000001
4 0.868125 0.9091670000000001 0.26250000000000007 0.18000000000000005
4 0.90375 0.8004165000000001 0.19125000000000003 0.165833
