0 0.516667 0.582497 0.3 0.600892
5 0.072222 0.713489 0.10592599999999999 0.18060200000000004
5 0.2485185 0.637124 0.06444500000000003 0.09699000000000002
5 0.29555549999999997 0.652174 0.050371 0.09364600000000001
5 0.3233335 0.6036790000000001 0.07481499999999996 0.07023400000000002
5 0.32851850000000005 0.684504 0.04370299999999999 0.10702400000000001
5 0.6892594999999999 0.5785955 0.06296299999999999 0.17391300000000004
5 0.792222 0.556299 0.027407999999999988 0.05128200000000005
5 0.89 0.62709 0.11481399999999997 0.08584199999999997
5 0.900741 0.48272 0.10814800000000002 0.07580799999999999
5 0.9848144999999999 0.6465995 0.028889000000000054 0.06911899999999993
2 0.6759255 0.7597545 0.03481499999999993 0.1282049999999999
2 0.7488889999999999 0.744147 0.09777800000000003 0.08584199999999997
