14 0.714375 0.2433335 0.39125 0.31333300000000003
5 0.44343750000000004 0.4604165 0.288125 0.19583299999999998
5 0.379375 0.5070835 0.11249999999999999 0.06916700000000003
5 0.55625 0.5820835 0.10499999999999998 0.18083299999999997
5 0.6331249999999999 0.59125 0.08500000000000008 0.16249999999999998
5 0.6946874999999999 0.6575 0.135625 0.32166599999999995
5 0.69625 0.562083 0.11124999999999996 0.22750000000000004
5 0.81125 0.589583 0.11124999999999996 0.2825
5 0.8771875 0.5995835 0.13687500000000008 0.330833
5 0.934375 0.5941665 0.13 0.308333
5 0.9803125 0.418333 0.038124999999999964 0.10499999999999998
2 0.09125 0.8229165 0.1825 0.16416700000000006
2 0.235625 0.8254170000000001 0.14750000000000002 0.12750000000000006
