2 0.9478125 0.8320825000000001 0.07937500000000008 0.14634099999999994
0 0.2840625 0.6580675 0.271875 0.175423
0 0.4003125 0.6819885 0.290625 0.165103
0 0.29312499999999997 0.4057225 0.04375000000000001 0.029081000000000023
0 0.3121875 0.4915575 0.02562500000000001 0.033770999999999995
0 0.3559375 0.511726 0.07437500000000002 0.05159399999999997
0 0.475625 0.5520635 0.10875000000000001 0.09474700000000003
0 0.6090625000000001 0.6060035 0.09312500000000001 0.163227
0 0.729375 0.598968 0.20124999999999993 0.12289000000000005
2 0.15031250000000002 0.8649155 0.129375 0.15572299999999994
2 0.2484375 0.8761725 0.09687499999999999 0.14446500000000007
2 0.3459375 0.8644465 0.08437499999999998 0.13227100000000003
2 0.4871875 0.8531895 0.06812499999999999 0.13227099999999992
2 0.6309374999999999 0.8489685 0.06312499999999999 0.14071299999999998
2 0.724375 0.827392 0.08374999999999999 0.15009399999999995
2 0.7621875 0.7443715 0.13312499999999994 0.09287100000000004
2 0.82375 0.8334895 0.11250000000000004 0.11350900000000008
2 0.8865624999999999 0.6810505 0.11312500000000003 0.08067500000000005
