1 0.4591465 0.7331025 0.17926899999999996 0.214905
14 0.559146 0.3327555 0.18414599999999998 0.07625700000000002
14 0.7908535 0.3388215 0.18414700000000006 0.08838900000000005
14 0.9634145 0.5866549999999999 0.063415 0.08492200000000005
1 0.22560999999999998 0.79896 0.37561 0.398614
1 0.507927 0.672444 0.09877999999999998 0.16637800000000003
1 0.5304875 0.6551125 0.11707299999999998 0.14904699999999993
1 0.6426825 0.532929 0.20731700000000008 0.320624
1 0.898171 0.580589 0.12073199999999995 0.10398600000000002
2 0.028049 0.616984 0.056098 0.06585799999999997
2 0.757317 0.70104 0.09512199999999993 0.11265199999999997
2 0.8390245000000001 0.6074525 0.07073099999999999 0.039861000000000035
