5 0.0493165 0.41467049999999994 0.077149 0.41317299999999996
14 0.1552735 0.288174 0.13671899999999998 0.181138
14 0.3149415 0.3218565 0.19628900000000002 0.16467099999999998
14 0.6015625 0.216317 0.318359 0.18413200000000002
14 0.8525389999999999 0.335329 0.042968000000000006 0.07185600000000003
14 0.853027 0.404192 0.04199200000000003 0.047904
14 0.9106445000000001 0.317365 0.04980499999999999 0.11377199999999998
14 0.9072264999999999 0.400449 0.04101499999999991 0.052396
5 0.4155275 0.4887725 0.11035099999999998 0.21706499999999995
5 0.7578125 0.37574850000000004 0.482421 0.359281
