4 0.176172 0.665625 0.303906 0.16874999999999996
2 0.290625 0.5854165 0.18124999999999997 0.09166699999999994
2 0.417969 0.565104 0.125 0.08229199999999992
2 0.4910155 0.618229 0.14140699999999995 0.11354200000000003
2 0.507422 0.525 0.114844 0.07083400000000006
4 0.223828 0.8604165 0.447656 0.27708299999999997
4 0.638281 0.8364579999999999 0.35000000000000003 0.32500000000000007
4 0.5890625 0.509375 0.07968699999999995 0.07291600000000004
4 0.703125 0.5135415 0.07812599999999992 0.064583
4 0.7597659999999999 0.490625 0.0539059999999999 0.0625
4 0.8777345 0.46197900000000003 0.04140699999999997 0.036458000000000046
4 0.893359 0.446875 0.021093999999999946 0.03125
4 0.910547 0.43489599999999995 0.019531999999999994 0.017708
4 0.9269535 0.42291650000000003 0.017969000000000013 0.020833000000000046
4 0.9375 0.4296875 0.012499999999999956 0.017708999999999975
