1 0.6621874999999999 0.10836849999999999 0.22687500000000005 0.141423
1 0.9115625 0.1230125 0.17562500000000003 0.105439
2 0.044375000000000005 0.0343095 0.075 0.068619
2 0.5059375 0.40795 0.906875 0.8159
2 0.150625 0.077406 0.17375 0.154812
2 0.244375 0.0548115 0.0325 0.027615
2 0.2675 0.028451499999999998 0.047500000000000014 0.033473
2 0.32906250000000004 0.0615065 0.11562500000000003 0.035983
2 0.32625000000000004 0.090795 0.09500000000000003 0.09121399999999999
2 0.41374999999999995 0.0627615 0.07500000000000001 0.04686100000000001
2 0.5140625 0.103347 0.10562500000000002 0.08954000000000001
2 0.575625 0.0711295 0.09124999999999994 0.053556999999999994
2 0.768125 0.08954000000000001 0.07124999999999992 0.04853600000000001
2 0.816875 0.1008365 0.03500000000000003 0.046024999999999996
2 0.8696875 0.093724 0.03437499999999993 0.011716000000000004
