5 0.080625 0.2541665 0.16125 0.508333
5 0.2184375 0.24375 0.295625 0.4875
5 0.3528125 0.295 0.184375 0.405
5 0.5871875 0.416667 0.06687500000000002 0.21999999999999997
5 0.7224999999999999 0.3304165 0.265 0.47583299999999995
5 0.9078125 0.2520835 0.18312499999999998 0.504167
1 0.43125 0.4716665 0.16750000000000004 0.16666700000000007
2 0.085625 0.56625 0.17125 0.2525
2 0.13375 0.49750000000000005 0.20375 0.11500000000000005
2 0.5662499999999999 0.5129165 0.03375000000000006 0.025832999999999995
2 0.6053124999999999 0.5129165 0.020625000000000004 0.015832999999999986
