5 0.0565625 0.313333 0.113125 0.29
5 0.1965625 0.4083335 0.111875 0.10333300000000001
5 0.32125 0.3616665 0.155 0.20666700000000005
5 0.535625 0.29041649999999997 0.20374999999999993 0.384167
5 0.660625 0.3279165 0.1975 0.35583299999999995
5 0.7309375 0.31708349999999996 0.09812500000000002 0.289167
5 0.82125 0.285 0.18374999999999997 0.343334
5 0.8784375 0.365 0.17937500000000006 0.345
5 0.9703125 0.2445835 0.05812499999999998 0.23416700000000001
3 0.40499999999999997 0.5483335 0.28874999999999995 0.406667
