8 0.09999999999999999 0.47125000000000006 0.156666 0.16750000000000004
13 0.3008335 0.885 0.06833300000000003 0.15500000000000003
8 0.3258335 0.48 0.12833300000000003 0.24
8 0.609167 0.29875 0.04499999999999993 0.0625
13 0.0758335 0.8612500000000001 0.031667 0.10750000000000004
13 0.10250000000000001 0.89625 0.03499999999999999 0.11749999999999994
13 0.48333349999999997 0.82125 0.033333 0.09750000000000003
13 0.5091665000000001 0.87875 0.031667 0.09250000000000003
13 0.8158335000000001 0.835 0.031667 0.14
13 0.8258335 0.88375 0.03833299999999995 0.14249999999999996
