0 0.2909805 0.815 0.581961 0.36750000000000005
0 0.7290625 0.7946875 0.12956299999999998 0.10812500000000003
2 0.583751 0.98125 0.48317799999999994 0.036250000000000004
2 0.735147 0.9615625 0.34073 0.07562500000000005
2 0.637437 0.8203125 0.07086599999999998 0.03937499999999994
2 0.7050825000000001 0.84 0.08446699999999996 0.05125000000000002
2 0.8095920000000001 0.9512499999999999 0.293486 0.09625000000000006
2 0.769506 0.8596874999999999 0.044379999999999975 0.0668749999999999
2 0.83214 0.7453125 0.02505399999999991 0.02562500000000001
2 0.8976379999999999 0.7075 0.10164600000000001 0.06000000000000005
2 0.8801 0.76125 0.0465279999999999 0.04125000000000001
2 0.9395135 0.7596875000000001 0.04509699999999994 0.030625000000000013
