1 0.6268750000000001 0.5541665 0.5337500000000001 0.32666700000000004
2 0.385625 0.37375 0.13375000000000004 0.21416600000000002
2 0.1640625 0.55125 0.135625 0.18249999999999994
2 0.265 0.38125 0.12000000000000002 0.1875
2 0.47562499999999996 0.179167 0.09374999999999994 0.14499999999999996
2 0.516875 0.0541665 0.09125 0.108333
2 0.665 0.0429165 0.07750000000000001 0.085833
2 0.69 0.33499999999999996 0.09375 0.14666600000000002
2 0.728125 0.19374999999999998 0.08499999999999996 0.145834
2 0.7759375 0.0575 0.06937500000000008 0.115
2 0.783125 0.0308335 0.07374999999999998 0.061667
2 0.8456250000000001 0.2108335 0.0675 0.14333299999999996
