5 0.5143840000000001 0.5469485 0.15072000000000002 0.357747
14 0.786116 0.4605635 0.21138200000000007 0.21502300000000002
5 0.069106 0.6577465 0.13571 0.10985899999999993
5 0.1691685 0.6356805 0.07692300000000002 0.13896700000000006
5 0.333646 0.6521125 0.026892000000000027 0.04788700000000001
5 0.373984 0.661033 0.06379000000000001 0.06197200000000003
5 0.388055 0.6840375 0.05941200000000002 0.04600899999999997
5 0.5775485 0.6197185 0.06941900000000001 0.07136100000000001
5 0.68793 0.5539905 0.253908 0.386855
5 0.8692934999999999 0.4723005 0.26016300000000003 0.31924899999999995
5 0.969669 0.6042255 0.05941200000000002 0.13239500000000004
2 0.0259535 0.7122065 0.034397000000000004 0.032862999999999976
2 0.14196350000000002 0.7084509999999999 0.056285 0.02535199999999993
2 0.1819885 0.706573 0.013759000000000021 0.032864000000000004
2 0.254221 0.7103285 0.13570999999999997 0.186855
2 0.34615399999999996 0.701878 0.011882000000000004 0.012205999999999939
