5 0.099375 0.6 0.10750000000000001 0.135
11 0.7771875 0.239167 0.059374999999999956 0.05499999999999999
5 0.0325 0.6391665 0.065 0.06166700000000003
5 0.2046875 0.6179165 0.08812500000000001 0.03916699999999995
5 0.255625 0.5754165 0.03249999999999997 0.0208330000000001
5 0.2940625 0.5891665 0.10312500000000002 0.05833299999999997
5 0.36375 0.5679165 0.03375 0.035833000000000004
5 0.6084375 0.5291669999999999 0.04062500000000002 0.05500000000000005
5 0.6425000000000001 0.5329165 0.036250000000000004 0.07916699999999999
5 0.676875 0.57625 0.04499999999999993 0.180834
5 0.8868750000000001 0.2604165 0.22499999999999998 0.520833
