0 0.0589415 0.8265625 0.117883 0.06687500000000002
0 0.2710505 0.825 0.136327 0.04625000000000001
0 0.36327200000000004 0.8171875 0.08339999999999997 0.08562499999999995
0 0.5048115 0.8009375000000001 0.295911 0.08062500000000006
0 0.7405775 0.8 0.2718529999999999 0.06874999999999998
0 0.7686445 0.8103125 0.21892499999999993 0.13312499999999994
0 0.913392 0.8500000000000001 0.171612 0.29874999999999996
2 0.37008850000000004 0.8775 0.22373700000000002 0.0837500000000001
2 0.42461899999999997 0.8996875 0.21090599999999998 0.114375
2 0.6315155 0.9084375 0.409783 0.145625
