5 0.921098 0.3663235 0.140652 0.46272500000000005
5 0.03259 0.4183805 0.015437999999999997 0.044987
5 0.095197 0.40616949999999996 0.010291999999999996 0.03856100000000001
5 0.277444 0.5044985 0.280446 0.420309
5 0.5 0.4383035 0.19725600000000004 0.843187
5 0.425815 0.39781500000000003 0.01800999999999997 0.060411999999999966
5 0.46012 0.4138815 0.040307999999999955 0.04627300000000001
5 0.5506005 0.413239 0.05831900000000001 0.19922800000000002
5 0.7319895000000001 0.381748 0.03859299999999999 0.07197999999999999
5 0.7975985 0.4955015 0.09433899999999995 0.11696699999999993
5 0.7658665 0.4087405 0.020583000000000018 0.04884299999999997
5 0.797599 0.4003855 0.018867999999999996 0.04241700000000004
5 0.8473415 0.3984575 0.054888999999999966 0.061697
5 0.924528 0.576478 0.14922800000000003 0.30976799999999993
5 0.8932249999999999 0.516067 0.05574599999999996 0.122108
10 0.6196395 0.358612 0.07804499999999992 0.028278000000000025
