8 0.5361165 0.4559375 0.272983 0.09937499999999999
8 0.1238275 0.6496875 0.247655 0.314375
8 0.1810505 0.15187499999999998 0.046905 0.018750000000000017
8 0.23592849999999999 0.19374999999999998 0.07410899999999998 0.037500000000000006
8 0.282364 0.1534375 0.020638000000000045 0.021875000000000006
8 0.300188 0.14250000000000002 0.02063799999999999 0.02375000000000002
8 0.325516 0.161875 0.028142 0.022499999999999992
8 0.394934 0.1790625 0.09005600000000002 0.049374999999999974
8 0.4385555 0.161875 0.032833 0.0325
8 0.48686700000000005 0.10375000000000001 0.02063799999999999 0.018750000000000003
8 0.780019 0.14406249999999998 0.02345200000000003 0.02687500000000001
8 0.9047845 0.429375 0.12288900000000003 0.04749999999999999
8 0.870544 0.07 0.020637999999999934 0.013749999999999998
