5 0.24406250000000002 0.6200749999999999 0.400625 0.697936
14 0.45 0.780957 0.10875000000000001 0.11163199999999995
5 0.0371875 0.510788 0.074375 0.19605999999999996
5 0.0721875 0.8105065 0.144375 0.377111
5 0.0996875 0.1909005 0.199375 0.381801
5 0.1328125 0.44136949999999997 0.123125 0.11163300000000004
5 0.3040625 0.1477485 0.21687499999999998 0.295497
5 0.45406250000000004 0.530019 0.26562500000000006 0.43151999999999996
5 0.5590625 0.1149155 0.303125 0.229831
5 0.878125 0.2767355 0.24250000000000005 0.553471
