5 0.0296875 0.40263400000000005 0.059375 0.36876800000000004
5 0.0403125 0.554092 0.028125 0.08466600000000002
5 0.16875 0.3273755 0.24 0.560677
5 0.0721875 0.543274 0.02562500000000001 0.09501399999999999
5 0.1028125 0.5395110000000001 0.02562500000000001 0.06679200000000007
5 0.20375 0.5310440000000001 0.0975 0.05174000000000001
5 0.27718750000000003 0.5338665 0.03187500000000004 0.023519000000000068
5 0.3125 0.5310445 0.04125000000000001 0.03668899999999997
5 0.48125 0.4863595 0.05500000000000005 0.13170300000000001
10 0.5846875 0.3471305 0.13937500000000003 0.080903
