0 0.48624999999999996 0.4628925 0.20874999999999994 0.18553699999999995
0 0.7190624999999999 0.4552805 0.28312499999999996 0.196955
5 0.065625 0.318744 0.13125 0.16365400000000002
5 0.0690625 0.4405325 0.11937500000000001 0.10656500000000002
5 0.131875 0.4081825 0.05499999999999999 0.08182699999999998
5 0.1721875 0.3339675 0.074375 0.21883899999999998
5 0.2490625 0.359657 0.133125 0.15223600000000004
5 0.3425 0.37725949999999997 0.10749999999999998 0.18744100000000002
5 0.47843749999999996 0.22882950000000002 0.18187499999999995 0.276879
5 0.5531250000000001 0.2221695 0.11875000000000002 0.349191
5 0.6659375 0.19362500000000002 0.13937500000000003 0.362512
5 0.7228125 0.3320645 0.07687500000000003 0.08182699999999998
5 0.8143750000000001 0.1693625 0.15249999999999997 0.310181
5 0.7965625000000001 0.3301615 0.08062500000000006 0.08943900000000005
5 0.85375 0.306851 0.10250000000000004 0.20647000000000001
5 0.9340625 0.2725975 0.130625 0.360609
2 0.0190625 0.530447 0.038125 0.05042799999999992
2 0.22468749999999998 0.491437 0.129375 0.058039999999999925
2 0.38 0.49429100000000004 0.01375000000000004 0.033302
