0 0.0190625 0.27805599999999997 0.038125 0.047094000000000025
0 0.0471875 0.3547095 0.094375 0.084169
0 0.05125 0.452906 0.1025 0.10821599999999998
0 0.18156250000000002 0.297595 0.03562499999999999 0.07414799999999999
0 0.239375 0.330661 0.08750000000000002 0.07414799999999999
0 0.30093749999999997 0.42334649999999996 0.19437500000000002 0.107215
0 0.60125 0.3587175 0.20874999999999994 0.10020100000000004
0 0.573125 0.277054 0.06000000000000005 0.057114000000000026
0 0.650625 0.292585 0.10250000000000004 0.07214399999999999
0 0.7665625 0.4043085 0.24687500000000007 0.123247
2 0.06562499999999999 0.281563 0.045 0.024048000000000014
2 0.22468749999999998 0.271042 0.031875000000000014 0.029058000000000028
2 0.2453125 0.26002 0.024375000000000008 0.019038
2 0.934375 0.35420799999999997 0.07750000000000001 0.04308600000000001
