2 0.4996875 0.2066665 0.999375 0.413333
4 0.1 0.6328205 0.2 0.38564099999999996
4 0.155625 0.4866665 0.31125 0.378461
4 0.2146875 0.274359 0.429375 0.29025599999999996
4 0.18937500000000002 0.133333 0.35875 0.17641
4 0.338125 0.0815385 0.19499999999999998 0.12820499999999999
4 0.7290625000000001 0.4989745 0.538125 0.45435899999999996
4 0.694375 0.2584615 0.46625 0.278975
4 0.594375 0.030769 0.18500000000000005 0.061538
4 0.7871874999999999 0.6676925 0.42437500000000006 0.637949
4 0.7578125 0.079487 0.298125 0.158974
4 0.90375 0.079487 0.19125000000000003 0.158974
4 0.9359375000000001 0.160513 0.12687499999999996 0.218462
4 0.9590624999999999 0.2010255 0.08062500000000006 0.168205
