5 0.010625 0.641182 0.02125 0.04596599999999995
5 0.0509375 0.7124765 0.101875 0.10412699999999997
5 0.071875 0.87758 0.14375 0.24296399999999996
5 0.0396875 0.6350845 0.019375000000000003 0.011256999999999961
5 0.12562500000000001 0.6369605 0.08625000000000001 0.061912999999999996
5 0.1096875 0.7420260000000001 0.035625000000000004 0.04502799999999996
5 0.1696875 0.650563 0.06937499999999999 0.0684800000000001
5 0.235 0.6210135 0.05124999999999999 0.07504700000000009
5 0.2659375 0.6468105 0.03562499999999999 0.03470899999999999
5 0.2796875 0.6163225 0.026875000000000038 0.011257000000000073
5 0.3090625 0.6669795000000001 0.026874999999999982 0.028142999999999918
5 0.36343749999999997 0.6660415 0.07187499999999997 0.05816100000000002
5 0.34781249999999997 0.621482 0.025624999999999953 0.027204000000000006
5 0.3715625 0.619606 0.02437499999999998 0.03471000000000002
5 0.3915625 0.6055345 0.020625000000000004 0.014070999999999945
5 0.4165625 0.606473 0.03937500000000005 0.038461999999999996
5 0.436875 0.5919325 0.044999999999999984 0.05253300000000005
5 0.5 0.8780485 0.13874999999999998 0.21013100000000007
5 0.50375 0.6636960000000001 0.065 0.042214000000000085
5 0.5146875 0.5942775 0.06687499999999996 0.03658499999999998
5 0.6071875 0.8803939999999999 0.12687500000000007 0.19606
5 0.6090625000000001 0.7045025 0.07437499999999997 0.12007500000000004
5 0.659375 0.6238275 0.09500000000000008 0.06941900000000001
5 0.6809375 0.5909945 0.08187500000000003 0.046904999999999974
5 0.7496875000000001 0.607411 0.07562499999999994 0.09099400000000002
5 0.7884375 0.7012195 0.08562500000000006 0.05909900000000001
5 0.8553124999999999 0.5938085 0.14812499999999995 0.08255099999999993
5 0.8590625000000001 0.6210135 0.030625000000000013 0.05628499999999992
5 0.93625 0.598499 0.12624999999999997 0.15009399999999995
1 0.3140625 0.4845215 0.278125 0.833959
