0 0.4921875 0.6558335 0.21937500000000004 0.29833300000000007
5 0.0046875 0.3545835 0.009375 0.08083300000000004
5 0.0740625 0.65 0.148125 0.14833399999999997
5 0.0328125 0.5454165 0.051875 0.19416699999999998
5 0.0846875 0.38375 0.13437500000000002 0.07750000000000001
5 0.07999999999999999 0.495 0.09124999999999998 0.09666599999999997
5 0.1453125 0.4654165 0.21937500000000001 0.16916700000000007
5 0.06156249999999999 0.5470835000000001 0.020624999999999998 0.08416699999999999
5 0.095 0.5404165000000001 0.03875000000000001 0.07416699999999998
5 0.125625 0.556667 0.03874999999999999 0.06499999999999995
5 0.2228125 0.6129165000000001 0.18062499999999998 0.12583299999999997
5 0.18656250000000002 0.3679165 0.030624999999999986 0.025832999999999995
5 0.215625 0.36916649999999995 0.037500000000000006 0.038333000000000006
5 0.255625 0.38 0.06374999999999997 0.06
5 0.3221875 0.6491665 0.168125 0.15333299999999994
5 0.333125 0.467083 0.16874999999999998 0.21750000000000003
5 0.3596875 0.5616669999999999 0.09562499999999996 0.09999999999999998
5 0.43125 0.45875 0.04250000000000004 0.030834000000000028
5 0.46624999999999994 0.49750000000000005 0.08124999999999999 0.05333400000000005
5 0.47843749999999996 0.4379165 0.06437500000000002 0.04083300000000001
5 0.5859375 0.45083300000000004 0.17062500000000003 0.10500000000000004
5 0.6115625 0.5233335 0.08062499999999995 0.046667000000000014
5 0.745 0.5808335 0.31125 0.258333
5 0.703125 0.453333 0.08499999999999996 0.10000000000000003
5 0.8784375 0.44291650000000005 0.24187500000000006 0.14083300000000004
2 0.2015625 0.7666665 0.24312499999999998 0.14833300000000005
2 0.2325 0.704167 0.07500000000000001 0.06000000000000005
2 0.909375 0.7004170000000001 0.10875000000000001 0.07750000000000001
