1 0.1197625 0.46827149999999995 0.239525 0.374179
5 0.030644 0.130744 0.061288 0.21772400000000003
5 0.067542 0.259847 0.135084 0.16083199999999997
5 0.286429 0.345186 0.107568 0.263676
5 0.333333 0.462801 0.08630399999999999 0.06564599999999998
5 0.431207 0.37910299999999997 0.128206 0.33150999999999997
5 0.5531585 0.5038290000000001 0.035646999999999984 0.13895000000000002
5 0.6363354999999999 0.3845735 0.15071899999999994 0.33807499999999996
5 0.7470295 0.4234135 0.06316499999999992 0.08971499999999999
5 0.8220765 0.332057 0.07442100000000007 0.24617
5 0.904315 0.3014225 0.10256399999999999 0.226477
5 0.9837400000000001 0.26477 0.03127000000000002 0.18818400000000002
1 0.350219 0.5415755 0.11131999999999997 0.08096300000000001
2 0.35334600000000005 0.5415755 0.11507200000000001 0.07658699999999996
2 0.3980615 0.5350105 0.02313900000000002 0.035011000000000014
2 0.4327705 0.5530634999999999 0.043776999999999955 0.053610999999999964
2 0.466229 0.5563454999999999 0.020638000000000045 0.033917000000000086
