8 0.244375 0.7004170000000001 0.12249999999999997 0.24749999999999994
8 0.0371875 0.8316665000000001 0.074375 0.19666700000000004
8 0.116875 0.6316665 0.07750000000000001 0.10666700000000007
8 0.3646875 0.7808335 0.135625 0.24666700000000008
8 0.494375 0.735417 0.10125000000000006 0.1825
8 0.575625 0.6983334999999999 0.06999999999999995 0.05666699999999991
8 0.6365625 0.687083 0.05687500000000001 0.09250000000000003
8 0.7112499999999999 0.7233335 0.08750000000000002 0.17166700000000001
8 0.7571875 0.7266665 0.026874999999999982 0.023333000000000048
8 0.7978125 0.6920835 0.05437499999999995 0.06916699999999998
8 0.860625 0.703333 0.04249999999999998 0.10499999999999998
