8 0.29375 0.735 0.16125 0.20999999999999996
8 0.1353125 0.6370835 0.10812499999999999 0.12083299999999997
8 0.5137499999999999 0.5520835 0.08999999999999997 0.08083300000000004
8 0.6074999999999999 0.47625 0.03749999999999998 0.07750000000000001
8 0.6499999999999999 0.4754165 0.02749999999999997 0.034167
8 0.7309375 0.53125 0.059374999999999956 0.03583399999999992
8 0.7953125000000001 0.47375 0.03312499999999996 0.08583399999999997
8 0.981875 0.517083 0.03500000000000003 0.07750000000000001
5 0.1884375 0.36624999999999996 0.376875 0.33583399999999997
5 0.261875 0.1608335 0.52375 0.321667
5 0.5375000000000001 0.3608335 0.3375 0.25333300000000003
5 0.6209375 0.1291665 0.475625 0.258333
5 0.8868750000000001 0.1420835 0.22499999999999998 0.284167
