8 0.8996875 0.772983 0.12437500000000001 0.23077000000000003
11 0.383125 0.545966 0.10375000000000001 0.065666
11 0.7037500000000001 0.518293 0.09875 0.06285199999999996
11 0.6690625 0.316604 0.016874999999999973 0.025328000000000017
11 0.8965624999999999 0.2997185 0.05437499999999995 0.030957000000000012
8 0.028125 0.5820825000000001 0.04125 0.09287100000000004
8 0.153125 0.5924015 0.047500000000000014 0.04409099999999999
8 0.2209375 0.606942 0.09062499999999998 0.12758000000000003
8 0.4665625 0.36069399999999996 0.029374999999999984 0.04596600000000001
8 0.5553125 0.359756 0.016874999999999973 0.040337999999999985
8 0.6365624999999999 0.5961535 0.03312499999999996 0.055347000000000035
