4 0.9289065000000001 0.45625 0.14218699999999995 0.254166
5 0.221875 0.2760415 0.44375 0.552083
5 0.466406 0.2072915 0.28906199999999993 0.414583
5 0.473437 0.2 0.1875 0.4
5 0.4875 0.28125 0.16249999999999998 0.22499999999999998
5 0.755469 0.24270850000000002 0.22343799999999991 0.252083
5 0.8125 0.10833300000000001 0.04687599999999992 0.06250000000000001
5 0.914844 0.229167 0.167188 0.4
5 0.860938 0.183333 0.012499999999999956 0.28750000000000003
5 0.930469 0.21666649999999998 0.135938 0.204167
5 0.885156 0.1885415 0.014061999999999908 0.310417
5 0.9 0.209375 0.012499999999999956 0.272916
2 0.625781 0.515625 0.29843800000000004 0.30624999999999997
2 0.817187 0.36354200000000003 0.11874999999999991 0.10625000000000001
