0 0.10375 0.255 0.2075 0.15500000000000003
0 0.24375 0.36125 0.22749999999999998 0.33083399999999996
0 0.840625 0.284167 0.16249999999999998 0.18999999999999997
5 0.05875 0.20375 0.1175 0.1725
5 0.3028125 0.103333 0.09937499999999999 0.205
5 0.42000000000000004 0.1408335 0.18625000000000003 0.281667
5 0.5534375 0.08625 0.06562500000000004 0.1725
5 0.58875 0.2025 0.11749999999999994 0.146666
5 0.669375 0.0870835 0.12124999999999997 0.174167
5 0.676875 0.2658335 0.07000000000000006 0.10833300000000001
5 0.7353125 0.2575 0.05437499999999995 0.11833399999999997
5 0.763125 0.0966665 0.07625000000000004 0.193333
5 0.8696875 0.0879165 0.0981249999999999 0.175833
5 0.88125 0.21083300000000002 0.08250000000000002 0.305
