6 0.70625 0.6937500000000001 0.11499999999999999 0.369166
6 0.2784375 0.630417 0.173125 0.33749999999999997
6 0.46375 0.7324999999999999 0.14874999999999994 0.29999999999999993
5 0.2865625 0.44666700000000004 0.573125 0.27499999999999997
5 0.098125 0.5758335 0.12125 0.151667
5 0.161875 0.5541665 0.08374999999999999 0.163333
5 0.4240625 0.5208335 0.04562500000000003 0.10333300000000001
5 0.5171875 0.4966665 0.04562500000000003 0.06833299999999998
5 0.53 0.55875 0.03249999999999997 0.08583399999999997
5 0.546875 0.5370835 0.03249999999999997 0.08083299999999999
5 0.7509375 0.387917 0.109375 0.49250000000000005
5 0.8353125 0.41125 0.14187499999999997 0.5358339999999999
5 0.8859375 0.3729165 0.219375 0.744167
5 0.90125 0.3645835 0.19124999999999992 0.729167
