11 0.14352700000000002 0.700625 0.043151999999999996 0.012500000000000067
11 0.19230750000000002 0.675 0.028143 0.012500000000000067
11 0.23076950000000002 0.9465625 0.07879899999999998 0.021874999999999978
11 0.256098 0.745 0.06378999999999999 0.028750000000000053
11 0.3245775 0.7025 0.030019000000000018 0.010000000000000009
11 0.456848 0.64375 0.028142 0.008749999999999925
11 0.553002 0.525625 0.025328000000000017 0.008750000000000036
11 0.5689495 0.7290625 0.03846100000000008 0.0068750000000000755
11 0.6454035 0.7128125000000001 0.061912999999999996 0.010624999999999996
11 0.6482175 0.7106250000000001 0.04878099999999996 0.0050000000000000044
11 0.8522510000000001 0.90375 0.066604 0.018749999999999933
11 0.902908 0.525625 0.038461999999999996 0.010000000000000009
