14 0.1570315 0.6916665 0.02968699999999999 0.05555500000000002
14 0.6355465 0.695139 0.06796899999999995 0.08472200000000008
14 0.7207030000000001 0.363889 0.189844 0.252778
14 0.6703125000000001 0.697222 0.009375000000000022 0.047221999999999986
5 0.030078 0.379861 0.060156 0.49583399999999994
5 0.0847655 0.590972 0.169531 0.659722
5 0.301953 0.6555555 0.291406 0.366667
5 0.501172 0.8041665 0.04765600000000003 0.10555500000000007
5 0.5566405000000001 0.8013889999999999 0.035156999999999994 0.07777800000000001
2 0.273828 0.9125000000000001 0.333594 0.172222
2 0.43828100000000003 0.8458334999999999 0.014061999999999963 0.011110999999999982
2 0.445703 0.8694445 0.011718000000000006 0.030555
2 0.462891 0.8715280000000001 0.01640600000000003 0.015278000000000014
2 0.5105465 0.8847225 0.05078100000000002 0.06666700000000003
2 0.49531250000000004 0.852778 0.015625000000000056 0.025000000000000022
2 0.5136715000000001 0.870139 0.04453099999999999 0.054165999999999936
2 0.6347655 0.88125 0.04140699999999997 0.05972200000000005
2 0.6773435 0.8979165 0.09062499999999996 0.08194499999999993
