1 0.5421875 0.509375 0.495313 0.27708399999999994
2 0.078125 0.6197915 0.13281199999999999 0.12916699999999992
5 0.066406 0.175 0.13125 0.291666
5 0.1953125 0.236979 0.24843700000000002 0.473958
5 0.3390625 0.199479 0.410937 0.392708
5 0.4347655 0.2109375 0.250781 0.34270900000000004
5 0.7023435 0.184896 0.401563 0.369792
5 0.7777345 0.2458335 0.439843 0.491667
5 0.921094 0.19375 0.15625 0.3875
2 0.026172 0.6484375 0.052344 0.1343749999999999
2 0.2890625 0.5703125 0.20781300000000003 0.15729100000000001
