14 0.1946875 0.16 0.10437500000000002 0.128334
5 0.8981250000000001 0.5195835 0.16000000000000003 0.40583300000000005
14 0.0084375 0.5016665 0.016875 0.06166699999999997
14 0.2815625 0.5783335000000001 0.020625000000000004 0.036666999999999894
14 0.3015625 0.5687500000000001 0.011874999999999969 0.02416600000000002
14 0.463125 0.5608335 0.03249999999999997 0.053333000000000075
14 0.7775000000000001 0.4983335 0.036250000000000004 0.08333300000000005
5 0.0534375 0.382083 0.106875 0.37750000000000006
5 0.1853125 0.484583 0.13437500000000002 0.3375000000000001
5 0.3571875 0.4525 0.24062499999999998 0.5183340000000001
5 0.5 0.5404165 0.09125000000000005 0.34916699999999995
5 0.6515625 0.4683335 0.250625 0.518333
5 0.9428125 0.41625 0.05062500000000003 0.11583399999999999
5 0.9709375 0.6025 0.05687500000000001 0.201666
