8 0.06718750000000001 0.4148395 0.036875000000000005 0.06576699999999996
8 0.12281249999999999 0.5122260000000001 0.07187500000000001 0.12900600000000007
8 0.32843750000000005 0.3056495 0.03437499999999999 0.02782499999999999
8 0.4221875 0.526138 0.08437499999999998 0.14839800000000003
8 0.513125 0.610034 0.11124999999999996 0.05480600000000002
8 0.5665625000000001 0.322091 0.02937500000000004 0.04721799999999998
8 0.5928125 0.3250425 0.02562500000000001 0.03119700000000003
8 0.6565624999999999 0.6231025 0.13687499999999997 0.15345699999999995
8 0.6290625 0.26770700000000003 0.02562500000000001 0.034570000000000045
8 0.7478125 0.4232715 0.020625000000000004 0.042159
8 0.771875 0.432125 0.04249999999999998 0.044688000000000005
