1 0.7015625 0.631667 0.05812499999999998 0.05499999999999994
1 0.715 0.6499999999999999 0.043749999999999956 0.046665999999999985
1 0.7853125000000001 0.7245835 0.125625 0.10083300000000006
1 0.821875 0.75875 0.12250000000000005 0.08083399999999996
3 0.169375 0.6454165 0.04125000000000001 0.025832999999999995
3 0.37468749999999995 0.6012500000000001 0.018125000000000002 0.02416600000000002
3 0.485625 0.8445834999999999 0.12000000000000005 0.08583299999999994
3 0.468125 0.7108335 0.08000000000000007 0.053333000000000075
3 0.46125 0.60375 0.040000000000000036 0.025833999999999913
3 0.4671875 0.5954165 0.04812500000000003 0.029166999999999943
3 0.715625 0.64625 0.04500000000000004 0.03416599999999992
3 0.9303125 0.855 0.13812500000000005 0.09999999999999998
