5 0.693125 0.264583 0.1812499999999999 0.25249999999999995
0 0.5046875 0.505417 0.33812499999999995 0.23249999999999998
5 0.045 0.2654165 0.09 0.44083300000000003
5 0.2075 0.38416649999999997 0.065 0.096667
5 0.259375 0.3495835 0.04125000000000004 0.12083299999999997
5 0.5809375 0.2829165 0.04937499999999995 0.07083299999999998
5 0.86625 0.19375 0.15000000000000002 0.3875
5 0.9606250000000001 0.19458350000000002 0.07750000000000001 0.334167
2 0.1003125 0.47875 0.023125000000000007 0.02749999999999997
2 0.3153125 0.4766665 0.04562500000000003 0.036667000000000005
