11 0.0025 0.2213885 0.005 0.013132999999999978
11 0.0803125 0.08067550000000001 0.015625 0.011257000000000003
11 0.09468750000000001 0.152908 0.025624999999999995 0.022514000000000006
11 0.0925 0.151032 0.01625 0.016886000000000012
11 0.1728125 0.084897 0.02562500000000001 0.017824000000000007
11 0.2240625 0.30018750000000005 0.015625 0.013133000000000006
11 0.24437499999999998 0.1069415 0.013749999999999984 0.013132999999999992
11 0.2490625 0.108818 0.014374999999999971 0.018762
11 0.2778125 0.335366 0.020625000000000004 0.01782399999999995
11 0.2865625 0.217636 0.030625000000000013 0.02063799999999999
11 0.3075 0.31425899999999996 0.028749999999999998 0.016886000000000012
11 0.4090625 0.23733549999999998 0.030625000000000013 0.009381
11 0.4984375 0.333021 0.028124999999999956 0.02063799999999999
11 0.515625 0.30394 0.018750000000000044 0.018762
11 0.605 0.2650095 0.05249999999999999 0.038460999999999995
11 0.640625 0.31848 0.01750000000000007 0.017824000000000007
11 0.8459375 0.337711 0.02187500000000009 0.015010000000000023
11 0.880625 0.38930549999999997 0.013749999999999929 0.011257000000000017
11 0.9196875 0.3921205 0.009374999999999911 0.011257000000000017
11 0.9484375 0.3189495 0.013124999999999942 0.011256999999999961
8 0.06937499999999999 0.390244 0.052500000000000005 0.06754199999999999
8 0.134375 0.3649155 0.05875000000000001 0.14258899999999997
8 0.2759375 0.541276 0.05562500000000001 0.06941799999999998
8 0.48343749999999996 0.484991 0.07812499999999994 0.08630400000000005
8 0.71125 0.533771 0.04125000000000001 0.04315200000000008
8 0.8525 0.5619135 0.09124999999999994 0.08255099999999993
8 0.9196875 0.5778615 0.06687500000000002 0.07317099999999999
