8 0.9168750000000001 0.7208415 0.12 0.23135700000000003
8 0.1846875 0.5807835 0.021875000000000006 0.04110900000000006
8 0.45406250000000004 0.616635 0.02437499999999998 0.06309799999999999
8 0.5065625 0.6563095000000001 0.070625 0.125239
8 0.5534375 0.633365 0.030625000000000013 0.08890999999999993
8 0.6259375 0.655832 0.073125 0.07839399999999996
8 0.7525 0.6089865000000001 0.039999999999999925 0.03059299999999998
8 0.7749999999999999 0.6018165 0.01749999999999996 0.04875699999999994
8 0.8062499999999999 0.6563095000000001 0.04749999999999999 0.10994300000000001
8 0.9896875 0.6864245 0.01937500000000003 0.04588900000000007
