2 0.48169 0.8910525 0.7507039999999999 0.215789
2 0.34401400000000004 0.745263 0.07957799999999998 0.05052600000000007
2 0.6411975 0.7884215 0.09647899999999998 0.04842100000000005
2 0.7309855 0.7094735 0.04084500000000002 0.044211
2 0.885211 0.824737 0.06197200000000003 0.03684199999999993
2 0.928169 0.702105 0.04506999999999994 0.040000000000000036
2 0.9827465 0.9026315 0.03309899999999999 0.08526299999999998
4 0.746831 0.6273685 0.03591600000000006 0.02105299999999999
4 0.7577465 0.6094735 0.039436999999999944 0.025263000000000035
4 0.797535 0.6663155000000001 0.031689999999999996 0.04210499999999995
4 0.8200704999999999 0.7242105000000001 0.04859099999999994 0.05263099999999998
