0 0.253125 0.8786455 0.21125000000000002 0.23706499999999997
0 0.5331250000000001 0.7770459999999999 0.028749999999999942 0.05832599999999999
0 0.558125 0.7615240000000001 0.018750000000000044 0.02351800000000004
0 0.5921875 0.766228 0.013125000000000053 0.03292600000000001
0 0.6046875 0.7652865 0.015625 0.042332999999999954
0 0.6478124999999999 0.75682 0.021874999999999978 0.025399999999999978
2 0.45125 0.8612415 0.04625000000000001 0.05550300000000008
2 0.5237499999999999 0.8400749999999999 0.04375000000000007 0.035748
2 0.5409375 0.8226715 0.02562500000000001 0.02916300000000005
2 0.6471875 0.7878645 0.03562500000000002 0.021637000000000017
2 0.655625 0.7761055 0.013749999999999929 0.009406999999999943
