1 0.8659375 0.7009380000000001 0.224375 0.12275200000000008
2 0.6740625 0.8608285 0.37437499999999996 0.275215
1 0.17875 0.715794 0.21000000000000002 0.17904599999999993
1 0.4603125 0.645426 0.080625 0.07896800000000004
1 0.5071875 0.629398 0.08937499999999998 0.07036799999999999
1 0.6896875 0.869429 0.38562499999999994 0.2595780000000001
1 0.611875 0.679046 0.15374999999999994 0.146208
1 0.6971875000000001 0.607506 0.038125000000000075 0.057857999999999965
1 0.735625 0.6211884999999999 0.08250000000000002 0.07584099999999994
1 0.7803125 0.679046 0.14437500000000003 0.11180599999999996
2 0.066875 0.7447225 0.13375 0.16653700000000005
2 0.399375 0.6563725 0.27625 0.11649699999999996
