4 0.5843750000000001 0.84 0.13 0.14833399999999997
2 0.4446875 0.625 0.889375 0.575
4 0.0309375 0.6583330000000001 0.061875 0.05999999999999994
4 0.209375 0.6020835 0.09000000000000002 0.05916699999999997
4 0.4978125 0.46333349999999995 0.06062499999999993 0.04333300000000001
4 0.49812500000000004 0.4495835 0.034999999999999976 0.025832999999999995
4 0.49624999999999997 0.41041649999999996 0.028749999999999998 0.029167
4 0.50125 0.4345835 0.028749999999999998 0.025832999999999995
4 0.52625 0.458333 0.03499999999999992 0.040000000000000036
4 0.55625 0.67 0.08499999999999996 0.10499999999999998
4 0.5684374999999999 0.44708349999999997 0.03312499999999996 0.04416700000000001
4 0.6009375 0.4195835 0.02562500000000001 0.02416700000000005
4 0.6021875 0.3929165 0.018124999999999947 0.019167000000000045
4 0.6253124999999999 0.3695835 0.018125000000000058 0.02083299999999999
4 0.6259375 0.390417 0.01937500000000003 0.027500000000000024
4 0.63375 0.4070835 0.030000000000000027 0.025832999999999995
4 0.808125 0.6654165 0.12749999999999995 0.12916700000000003
4 0.8159375 0.805833 0.12937500000000002 0.14
4 0.8174999999999999 0.4479165 0.036250000000000004 0.035833000000000004
4 0.8303125 0.56875 0.059374999999999956 0.06583399999999995
4 0.8318749999999999 0.519167 0.04500000000000004 0.05499999999999999
4 0.8746875000000001 0.36875 0.018125000000000058 0.01916599999999996
