4 0.19625 0.0567545 0.08374999999999999 0.10225100000000001
4 0.26437499999999997 0.1829265 0.09874999999999998 0.09568499999999999
4 0.34875 0.1693245 0.10624999999999996 0.122889
4 0.355 0.292214 0.10375000000000001 0.166042
4 0.4878125 0.630394 0.283125 0.362102
4 0.50875 0.151032 0.11375000000000002 0.13696000000000003
4 0.5549999999999999 0.13930599999999999 0.04999999999999993 0.09099399999999999
4 0.6715625000000001 0.5351779999999999 0.26312499999999994 0.344278
4 0.714375 0.424953 0.19500000000000006 0.20075000000000004
4 0.8921875 0.543152 0.21437499999999998 0.32832999999999996
