8 0.8115235 0.8043795 0.234375 0.18394100000000002
8 0.0063475 0.549635 0.012695 0.08029200000000003
8 0.0214845 0.50146 0.019531 0.018977999999999995
8 0.0493165 0.4978105 0.022460999999999995 0.049634999999999985
8 0.060059 0.5014595 0.024413999999999998 0.04817499999999997
8 0.08447299999999999 0.508029 0.020508000000000012 0.058394
8 0.1166995 0.539416 0.043944999999999984 0.07153199999999993
8 0.1816405 0.478102 0.025390999999999997 0.054014000000000006
8 0.2192385 0.481752 0.026367 0.04379600000000006
8 0.2788085 0.512409 0.04003899999999999 0.07883200000000001
8 0.356445 0.6649635 0.10742200000000002 0.12408699999999995
8 0.4160155 0.5824815 0.023436999999999986 0.06715300000000002
8 0.494629 0.6058395000000001 0.05761799999999995 0.049634999999999985
8 0.5449219999999999 0.47007299999999996 0.017577999999999983 0.02043800000000001
8 0.57959 0.47299250000000004 0.028320000000000012 0.03211700000000001
8 0.6005860000000001 0.4759125 0.017577999999999983 0.026276999999999995
8 0.6206054999999999 0.46934299999999995 0.018554999999999988 0.027737999999999985
