11 0.1903125 0.3941665 0.101875 0.041666999999999954
11 0.7584375 0.9195835 0.08937499999999998 0.06916699999999998
5 0.021875 0.4258335 0.04375 0.05166699999999996
5 0.0453125 0.4454165 0.014374999999999999 0.04083300000000001
5 0.0796875 0.4558335 0.04187500000000001 0.04833299999999996
5 0.2625 0.469583 0.10500000000000001 0.017500000000000016
5 0.28875 0.537083 0.06374999999999997 0.0675
5 0.531875 0.55375 0.22749999999999998 0.07916599999999996
5 0.49812500000000004 0.575 0.013749999999999984 0.046665999999999985
5 0.499375 0.5804165 0.007500000000000062 0.06416700000000009
5 0.6871875000000001 0.5791664999999999 0.024374999999999925 0.053332999999999964
5 0.7546875 0.5745835 0.05812499999999998 0.07583300000000004
5 0.8459375 0.5570835000000001 0.05437500000000006 0.08083300000000004
5 0.8778125 0.5616665000000001 0.046875 0.06333299999999997
5 0.936875 0.44166649999999996 0.125 0.293333
5 0.941875 0.37166699999999997 0.10999999999999999 0.15999999999999998
