1 0.26709 0.6125 0.18066400000000002 0.21029399999999998
14 0.33251949999999997 0.0566175 0.04589899999999997 0.113235
14 0.42871099999999995 0.054411999999999995 0.052734 0.079412
14 0.4892575 0.10441149999999999 0.046875 0.061765
14 0.6416014999999999 0.3235295 0.029297000000000017 0.108823
14 0.645508 0.18602950000000001 0.027344000000000035 0.07794100000000001
14 0.673828 0.31544099999999997 0.03125 0.11029399999999995
2 0.0561525 0.6080885 0.09472699999999999 0.10147099999999998
2 0.180664 0.6176475 0.027344000000000007 0.06764700000000001
2 0.37890599999999997 0.634559 0.013671999999999962 0.010294000000000025
2 0.432129 0.6522060000000001 0.06933600000000001 0.03676399999999991
2 0.5507815 0.7051475 0.03710899999999995 0.09264700000000003
