9 0.3046875 0.4066605 0.03312499999999996 0.04033700000000001
9 0.3384375 0.41041300000000003 0.026874999999999982 0.04409000000000002
9 0.3665625 0.402908 0.021874999999999978 0.040337999999999985
9 0.3903125 0.554409 0.06187500000000001 0.13696000000000003
9 0.5293749999999999 0.46153849999999996 0.04999999999999993 0.08442699999999997
9 0.68125 0.9197934999999999 0.24875000000000003 0.15853700000000004
9 0.6303125 0.5792685 0.09062500000000007 0.12101300000000004
9 0.674375 0.47279550000000004 0.04749999999999999 0.05065700000000001
9 0.8046875 0.8625700000000001 0.17062500000000003 0.263602
9 0.7575000000000001 0.44606 0.03500000000000003 0.038461999999999996
9 0.805625 0.40853649999999997 0.04125000000000001 0.017822999999999978
9 0.8246875 0.55394 0.030625000000000013 0.027204000000000006
9 0.8574999999999999 0.4699815 0.03749999999999998 0.05628500000000003
9 0.8796875 0.6247655 0.08187500000000003 0.099437
9 0.8959375 0.43152 0.03937500000000005 0.06754199999999999
9 0.9290625 0.5450280000000001 0.03937499999999994 0.060037999999999925
