10 0.660833 0.47058849999999997 0.2849999999999999 0.13516900000000004
5 0.0304165 0.096996 0.060833 0.193992
5 0.1104165 0.3579475 0.215833 0.715895
5 0.07375000000000001 0.46683349999999996 0.11750000000000001 0.528161
5 0.084583 0.1226535 0.0325 0.23779699999999998
5 0.1433335 0.3491865 0.05166700000000002 0.698373
5 0.195833 0.351064 0.07500000000000001 0.702128
5 0.2833335 0.381727 0.131667 0.763454
5 0.36083299999999996 0.123905 0.02999999999999997 0.24781
5 0.4404165 0.1188985 0.18083300000000002 0.237797
5 0.42333350000000003 0.1220275 0.023332999999999993 0.244055
5 0.46625000000000005 0.1226535 0.064166 0.245307
5 0.506667 0.123905 0.025000000000000022 0.24781
5 0.7066665 0.170213 0.34166699999999994 0.340426
5 0.63125 0.0444305 0.08250000000000002 0.088861
5 0.7975 0.2277845 0.21833400000000003 0.455569
10 0.914167 0.270338 0.17000000000000004 0.140176
