14 0.2678125 0.6125704999999999 0.030625000000000013 0.07317099999999999
14 0.2690625 0.5079735000000001 0.02812500000000001 0.09474700000000003
14 0.2871875 0.7124765 0.021874999999999978 0.04971899999999996
14 0.4115625 0.5384614999999999 0.016874999999999973 0.06003700000000001
14 0.464375 0.555816 0.044999999999999984 0.040337999999999985
14 0.51875 0.541276 0.01749999999999996 0.061914000000000025
14 0.8043750000000001 0.708724 0.019999999999999907 0.04596599999999995
14 0.8234375 0.60788 0.028125000000000067 0.060038000000000036
14 0.8234375 0.6608814999999999 0.028125000000000067 0.030957000000000012
14 0.8246875 0.502814 0.023125000000000062 0.08442799999999995
