4 0.27749999999999997 0.3968255 0.25375 0.24089700000000003
4 0.5134375 0.662465 0.45812500000000006 0.6732020000000001
4 0.44781249999999995 0.318394 0.128125 0.138188
4 0.5506249999999999 0.2623715 0.08999999999999997 0.08776899999999999
4 0.594375 0.2502335 0.04875000000000007 0.05975700000000003
4 0.6499999999999999 0.314192 0.15249999999999997 0.09617199999999998
4 0.6196875 0.235761 0.030625000000000013 0.03828200000000001
4 0.6584375 0.248366 0.07437500000000008 0.031745999999999996
4 0.7106250000000001 0.229225 0.04375000000000007 0.025209999999999982
4 0.723125 0.2810455 0.057499999999999996 0.09337099999999998
4 0.8459375 0.22362300000000002 0.010624999999999996 0.03828200000000001
4 0.9003125000000001 0.239029 0.02312499999999995 0.06349199999999999
4 0.9634375 0.3954245 0.07187500000000002 0.200747
