14 0.47625 0.56375 0.245 0.06416599999999995
14 0.4790625 0.625 0.250625 0.05833400000000011
14 0.47625000000000006 0.377917 0.23000000000000004 0.2975
14 0.4690625 0.74375 0.09687499999999993 0.17583400000000005
5 0.04625 0.36 0.0925 0.418334
5 0.056875 0.35291649999999997 0.11375 0.345833
5 0.0625 0.41500000000000004 0.125 0.09833399999999998
5 0.4996875 0.4995835 0.999375 0.999167
5 0.1521875 0.335833 0.16562499999999997 0.57
5 0.1759375 0.334167 0.128125 0.47
5 0.2284375 0.364167 0.13937499999999997 0.375
5 0.2528125 0.3925 0.12937500000000002 0.34666600000000003
5 0.22375 0.48375 0.044999999999999984 0.08083400000000007
5 0.3875 0.3016665 0.31500000000000006 0.603333
5 0.26718749999999997 0.4983335 0.061874999999999986 0.151667
5 0.3221875 0.484583 0.09937499999999999 0.21750000000000003
5 0.3434375 0.4754165 0.046875 0.18416700000000003
5 0.80125 0.4995835 0.39625 0.999167
5 0.9181250000000001 0.46875 0.16249999999999998 0.9375
