14 0.307422 0.41874999999999996 0.01328199999999996 0.03958400000000001
5 0.021094 0.3859375 0.042188 0.078125
5 0.066797 0.32135400000000003 0.133594 0.06354200000000004
5 0.054297 0.4083335 0.041406 0.095833
5 0.075391 0.388021 0.03515599999999999 0.06979199999999997
5 0.092578 0.3786455 0.03515600000000001 0.046875
5 0.1066405 0.38385400000000003 0.019530999999999993 0.036458000000000046
5 0.1472655 0.331771 0.046092999999999995 0.21354199999999998
5 0.18242150000000001 0.334375 0.094531 0.24375
5 0.235156 0.29791650000000003 0.05781200000000003 0.333333
5 0.29609399999999997 0.3890625 0.039061999999999986 0.15729100000000001
5 0.6707035 0.1619795 0.5617190000000001 0.171875
5 0.7839845 0.261979 0.23046900000000003 0.09895800000000002
5 0.965625 0.17916649999999998 0.06718799999999991 0.154167
