5 0.06875 0.3281425 0.1375 0.47608500000000004
5 0.179375 0.385428 0.04125000000000001 0.12792000000000003
5 0.220625 0.40545050000000005 0.08124999999999999 0.183537
5 0.2790625 0.380979 0.05937500000000001 0.09677400000000003
5 0.375625 0.35317 0.1225 0.09677399999999997
5 0.45406250000000004 0.3576195 0.05312500000000003 0.067853
5 0.4846875 0.2925475 0.08562499999999995 0.18909900000000002
5 0.5703125 0.288654 0.10187499999999994 0.16796400000000003
5 0.69625 0.324805 0.15500000000000003 0.21802000000000002
5 0.753125 0.2263625 0.23875000000000002 0.08565099999999998
5 0.7925 0.3314795 0.15500000000000003 0.20244700000000002
5 0.923125 0.28809799999999997 0.15249999999999997 0.24249199999999999
3 0.78375 0.5800890000000001 0.14374999999999993 0.134594
