0 0.5490625 0.5070835 0.418125 0.47916699999999995
2 0.01625 0.633333 0.0325 0.305
2 0.206875 0.61125 0.27125000000000005 0.22916599999999993
2 0.23375 0.47250000000000003 0.1475 0.061666000000000054
2 0.31375 0.5912499999999999 0.155 0.2375
2 0.766875 0.595 0.03500000000000003 0.10333400000000004
2 0.8021875 0.5925 0.06187500000000001 0.09833400000000003
2 0.8440624999999999 0.58375 0.06562499999999993 0.08749999999999991
2 0.90375 0.5904165 0.04749999999999999 0.07083299999999992
2 0.9228125 0.5554165 0.024375000000000036 0.030833
2 0.9337500000000001 0.6016665 0.03874999999999995 0.07166699999999993
2 0.9534374999999999 0.629167 0.030625000000000013 0.04500000000000004
