11 0.145833 0.352344 0.05625000000000001 0.04531200000000002
5 0.041146 0.0453125 0.082292 0.090625
5 0.1369795 0.096094 0.190625 0.192188
5 0.19114550000000002 0.10234399999999999 0.040624999999999994 0.095312
5 0.43125 0.07187550000000001 0.022915999999999992 0.140625
5 0.5609375 0.1 0.21562499999999996 0.2
5 0.684896 0.025781 0.03645799999999999 0.051562
5 0.715104 0.053125 0.05729200000000001 0.10625
5 0.759375 0.030469 0.033333999999999975 0.060938
5 0.7869790000000001 0.13125 0.06770799999999999 0.2625
5 0.8359375 0.0398435 0.028124999999999956 0.079687
5 0.8692705000000001 0.082031 0.05312499999999998 0.164062
5 0.934375 0.0453125 0.08541600000000005 0.090625
5 0.980208 0.261719 0.03749999999999998 0.523438
