8 0.5178125 0.7204505 0.06812499999999999 0.12195099999999992
11 0.35187500000000005 0.47514100000000004 0.03375 0.017824000000000007
11 0.4165625 0.43855500000000003 0.028124999999999956 0.019699999999999995
11 0.515625 0.4629455 0.040000000000000036 0.027205000000000035
11 0.515 0.45684800000000003 0.03125 0.016886000000000012
11 0.566875 0.43574100000000004 0.03249999999999997 0.021575999999999984
8 0.3328125 0.6665099999999999 0.08187500000000003 0.08536599999999994
8 0.40656250000000005 0.716229 0.075625 0.12664199999999992
8 0.5896874999999999 0.6899625 0.073125 0.12288900000000003
8 0.7159375 0.5576925 0.028124999999999956 0.055347000000000035
8 0.7740625 0.5492495 0.02937499999999993 0.05722299999999991
8 0.8006249999999999 0.5417449999999999 0.01749999999999996 0.04596600000000006
8 0.8678125 0.531895 0.024375000000000036 0.02626600000000001
