1 0.1975 0.10134000000000001 0.1725 0.130654
2 0.19468749999999999 0.0933835 0.169375 0.131491
1 0.415625 0.0448075 0.13999999999999996 0.089615
1 0.6325000000000001 0.1201845 0.1362500000000001 0.082915
1 0.6465624999999999 0.036851 0.06937500000000008 0.073702
2 0.06 0.08835849999999999 0.12 0.094639
2 0.0484375 0.0234505 0.058124999999999996 0.046901
2 0.0846875 0.0933835 0.06312500000000001 0.08291499999999999
2 0.0659375 0.0238695 0.023125 0.046063
2 0.39187500000000003 0.1009215 0.62125 0.201843
2 0.1421875 0.18718600000000002 0.10812500000000001 0.032664
2 0.17125 0.064489 0.08875000000000002 0.061976
2 0.23531249999999998 0.172948 0.10937499999999997 0.04103799999999999
2 0.2953125 0.0657455 0.11062500000000003 0.089615
2 0.35624999999999996 0.1126465 0.1275 0.076215
2 0.4003125 0.1616415 0.14687499999999998 0.043551000000000006
2 0.518125 0.0850085 0.16624999999999995 0.103015
2 0.53625 0.14531 0.13250000000000006 0.041038000000000005
2 0.559375 0.0414575 0.13 0.082915
2 0.62625 0.117672 0.135 0.066164
2 0.6421874999999999 0.0389445 0.07187500000000002 0.077889
2 0.943125 0.045645 0.09000000000000008 0.086264
2 0.9225 0.11515900000000001 0.04249999999999998 0.03768800000000001
2 0.9590624999999999 0.0816585 0.08062500000000006 0.079565
2 0.9715625 0.123953 0.055625000000000036 0.013399999999999995
