0 0.1509375 0.768109 0.301875 0.213546
0 0.62 0.7328315000000001 0.11250000000000004 0.14299099999999998
0 0.6946875 0.6994355 0.026874999999999982 0.042332999999999954
2 0.07875 0.857949 0.1575 0.08278399999999997
2 0.3153125 0.733302 0.023125000000000007 0.046095999999999915
2 0.46125000000000005 0.7427095 0.03375 0.042332999999999954
2 0.541875 0.757761 0.04125000000000001 0.044213999999999976
2 0.6699999999999999 0.7083725000000001 0.0050000000000000044 0.015051000000000037
2 0.6815625000000001 0.702728 0.008125000000000049 0.015052000000000065
2 0.7046875 0.739887 0.028124999999999956 0.047977999999999965
2 0.7584375 0.8057384999999999 0.08187499999999992 0.10253900000000005
