14 0.1453125 0.5429165 0.020625000000000004 0.07416699999999998
14 0.1440625 0.4691665 0.015625 0.05666700000000002
14 0.7953125 0.2675 0.27437500000000004 0.40166599999999997
14 0.8759375 0.523333 0.05062500000000003 0.08999999999999997
2 0.1259375 0.725 0.251875 0.188334
2 0.481875 0.618333 0.04500000000000004 0.050000000000000044
2 0.491875 0.6070835000000001 0.036250000000000004 0.030833
2 0.6015625 0.65 0.05437500000000006 0.05499999999999994
2 0.5996875 0.609583 0.04812499999999997 0.04249999999999998
2 0.6615625 0.6745835 0.05062500000000003 0.02416700000000005
2 0.843125 0.7691665 0.3125 0.17333299999999996
