2 0.62625 0.742964 0.3925 0.3902439999999999
4 0.239375 0.6866795 0.47875 0.48780500000000004
4 0.48906249999999996 0.597092 0.11812499999999998 0.17167
4 0.6331249999999999 0.6913695 0.38875000000000004 0.45966300000000004
4 0.5834375 0.5619135 0.06437499999999996 0.08067499999999994
4 0.605 0.5694185 0.08750000000000002 0.061912999999999996
4 0.7415625 0.5412755 0.03687499999999999 0.03189500000000001
4 0.80375 0.5539400000000001 0.05874999999999997 0.06472800000000001
4 0.8621875 0.5393995 0.026874999999999982 0.03189500000000001
4 0.8843749999999999 0.528612 0.015000000000000013 0.01970000000000005
