14 0.21437499999999998 0.688857 0.04000000000000001 0.08592999999999995
14 0.8790625000000001 0.6718605 0.051875000000000004 0.08781899999999998
5 0.083125 0.661473 0.16625 0.35410800000000003
5 0.2790625 0.43484449999999997 0.558125 0.792257
5 0.578125 0.47922549999999997 0.35250000000000004 0.582625
5 0.85625 0.5576015 0.255 0.338999
5 0.9762500000000001 0.611898 0.04625000000000001 0.07931999999999995
5 0.9759375 0.530689 0.02562500000000001 0.01322000000000001
5 0.9909375 0.5443815000000001 0.016874999999999973 0.021718999999999933
5 0.9915625 0.530689 0.015625 0.01322000000000001
