5 0.20875 0.3244445 0.41500000000000004 0.648889
5 0.22531249999999997 0.4972225 0.15062499999999998 0.3233329999999999
5 0.3859375 0.3005555 0.224375 0.601111
5 0.5271874999999999 0.341111 0.073125 0.16666599999999998
5 0.645 0.217778 0.245 0.435556
5 0.5634375 0.327222 0.04062500000000002 0.07
5 0.6799999999999999 0.3988885 0.15374999999999994 0.29111100000000006
5 0.82875 0.25722249999999997 0.08499999999999996 0.501111
5 0.905 0.258889 0.07874999999999999 0.517778
5 0.9684375000000001 0.277778 0.06187500000000001 0.555556
3 0.755625 0.6205555 0.2124999999999999 0.18777699999999997
