0 0.38968749999999996 0.451507 0.17562499999999998 0.21751399999999999
5 0.8028124999999999 0.368644 0.39312500000000006 0.737288
2 0.0525 0.583804 0.105 0.15254199999999996
2 0.0921875 0.8968929999999999 0.184375 0.20244800000000007
2 0.2478125 0.8700565 0.295625 0.258003
2 0.19125 0.532957 0.14750000000000002 0.12806000000000006
2 0.24562499999999998 0.5230695000000001 0.10250000000000001 0.11205300000000007
2 0.5559375 0.45574400000000004 0.12062499999999998 0.08851199999999998
2 0.808125 0.6572505 0.35125000000000006 0.20715699999999992
2 0.825 0.5710919999999999 0.27625 0.11958600000000008
2 0.878125 0.556968 0.18875000000000008 0.09887000000000001
2 0.8996875 0.53484 0.18062500000000004 0.10357799999999995
