1 0.291875 0.7359020000000001 0.2875 0.40225600000000006
1 0.1034375 0.655545 0.13062500000000002 0.20394800000000002
1 0.4659375 0.656015 0.07187499999999997 0.21804599999999996
1 0.5603125 0.647556 0.14687500000000003 0.21240599999999998
1 0.709375 0.655075 0.15625 0.22744399999999998
1 0.8512500000000001 0.6456765 0.16249999999999998 0.23120300000000005
1 0.9621875 0.656955 0.07437499999999997 0.238722
3 0.0221875 0.62782 0.044375 0.236842
3 0.0975 0.651786 0.14250000000000002 0.20018800000000003
3 0.296875 0.7166355 0.31000000000000005 0.40695499999999996
3 0.4634375 0.6522555 0.06937499999999996 0.21616499999999994
3 0.556875 0.657895 0.16375000000000006 0.22744399999999998
3 0.6965625 0.6588345 0.145625 0.22932299999999994
3 0.8484375 0.6522555 0.16062500000000002 0.23496300000000003
3 0.95375 0.655075 0.09125000000000005 0.24060199999999998
