11 0.244375 0.25565000000000004 0.08499999999999999 0.04425600000000002
11 0.4440625 0.2641245 0.07437500000000002 0.038607
11 0.7415625 0.2829565 0.07937499999999997 0.04802300000000004
11 0.9284375 0.36064050000000003 0.02562500000000001 0.018833000000000044
5 0.1015625 0.18785300000000002 0.203125 0.17985
5 0.4184375 0.1403015 0.276875 0.280603
5 0.5209375 0.262241 0.06937500000000002 0.134652
5 0.676875 0.2015065 0.15500000000000003 0.28436900000000004
5 0.868125 0.257533 0.26125 0.22127999999999998
10 0.5903125 0.230226 0.07437499999999997 0.02919000000000002
10 0.8353124999999999 0.312147 0.030625000000000013 0.03483999999999998
2 0.124375 0.283898 0.1675 0.038605999999999974
