0 0.22749999999999998 0.7505554999999999 0.26 0.09666699999999995
5 0.0275 0.5338890000000001 0.010000000000000002 0.025556000000000023
5 0.0853125 0.5288885 0.043125 0.088889
5 0.2240625 0.506111 0.026874999999999982 0.02999999999999997
5 0.4359375 0.4972225 0.080625 0.03888900000000001
5 0.5246875 0.51 0.020625000000000004 0.03111200000000003
5 0.64125 0.711667 0.053749999999999964 0.11222199999999993
5 0.6721874999999999 0.536111 0.013124999999999942 0.06555599999999995
5 0.685 0.5533330000000001 0.012500000000000067 0.01777799999999996
5 0.74 0.4627775 0.11749999999999994 0.05666700000000002
5 0.7528125 0.5155555 0.059374999999999956 0.02444499999999994
5 0.7637499999999999 0.567778 0.05999999999999994 0.020000000000000018
5 0.8087500000000001 0.493889 0.04500000000000004 0.06777799999999995
5 0.870625 0.673889 0.10749999999999993 0.187778
5 0.8859375 0.5816669999999999 0.06437499999999996 0.15222199999999997
5 0.930625 0.2694445 0.13750000000000007 0.25666700000000003
