5 0.890667 0.2645 0.08800000000000008 0.33699999999999997
10 0.067 0.4495 0.134 0.10299999999999998
5 0.0913335 0.20550000000000002 0.061333 0.225
5 0.145 0.2325 0.084666 0.321
5 0.1396665 0.32899999999999996 0.01933299999999999 0.09000000000000002
5 0.155 0.34450000000000003 0.019334000000000018 0.09100000000000003
5 0.18966650000000002 0.34299999999999997 0.024667000000000022 0.057999999999999996
5 0.214 0.36050000000000004 0.01200000000000001 0.04299999999999998
5 0.228667 0.358 0.01999999999999999 0.04799999999999999
5 0.2356665 0.3285 0.01933299999999999 0.025000000000000022
5 0.264 0.29400000000000004 0.034666 0.05199999999999999
5 0.3 0.279 0.02933399999999997 0.08600000000000002
5 0.31266649999999996 0.31699999999999995 0.029332999999999998 0.055999999999999994
5 0.325333 0.345 0.03199999999999997 0.057999999999999996
5 0.34033349999999996 0.344 0.031333 0.06
5 0.40866650000000004 0.28400000000000003 0.033333 0.10400000000000001
5 0.5136665 0.247 0.012666999999999984 0.04600000000000001
5 0.5386664999999999 0.28 0.03733299999999995 0.04999999999999999
5 0.615 0.138 0.09266599999999992 0.276
5 0.588 0.3085 0.028000000000000025 0.169
5 0.61 0.2315 0.069334 0.08500000000000002
5 0.6813335 0.2395 0.07066700000000004 0.265
5 0.6636665 0.34550000000000003 0.028666999999999998 0.185
5 0.7883335 0.2955 0.028666999999999998 0.069
5 0.8109999999999999 0.211 0.05266599999999999 0.422
5 0.85 0.3335 0.033333999999999975 0.03899999999999998
5 0.8563335 0.399 0.02066699999999999 0.08400000000000002
5 0.956333 0.39549999999999996 0.04600000000000004 0.08900000000000002
5 0.9696665 0.356 0.05266700000000002 0.14800000000000002
5 0.974 0.19899999999999998 0.05066599999999999 0.184
5 0.974333 0.39549999999999996 0.03400000000000003 0.08900000000000002
