1 0.374375 0.4900905 0.655 0.536937
5 0.013125 0.4887385 0.02625 0.051351000000000036
5 0.057499999999999996 0.49234200000000006 0.0425 0.04414400000000002
5 0.691875 0.42927899999999997 0.023749999999999938 0.17207199999999995
5 0.7184375000000001 0.44009 0.03187499999999999 0.13062999999999997
5 0.738125 0.4481985 0.05125000000000002 0.12522500000000003
5 0.7578125 0.4806305 0.028124999999999956 0.060361
5 0.9375 0.48648650000000004 0.10125000000000006 0.07567499999999999
5 0.9381250000000001 0.4472975 0.05625000000000002 0.04954900000000001
5 0.9821875 0.4445945 0.034375000000000044 0.033333
