1 0.46499999999999997 0.4990605 0.64625 0.7706770000000001
5 0.053125 0.226034 0.10625 0.452068
5 0.1746875 0.31391 0.18312499999999998 0.464286
5 0.3175 0.2349625 0.11250000000000004 0.24812099999999998
5 0.41781250000000003 0.137688 0.19312500000000005 0.17011199999999999
5 0.7190624999999999 0.2984025 0.08562499999999995 0.091165
5 0.7178125 0.242481 0.08062500000000006 0.06015000000000001
5 0.7446875 0.36466200000000004 0.12187500000000007 0.07330799999999998
5 0.80375 0.31203000000000003 0.09375 0.152256
5 0.8928125 0.1480265 0.213125 0.296053
5 0.9128125 0.31109 0.17312499999999997 0.38533799999999996
2 0.740625 0.4572365 0.08250000000000002 0.18139099999999997
