1 0.314375 0.553471 0.26249999999999996 0.37523399999999996
2 0.1040625 0.6121015 0.174375 0.18667900000000004
1 0.12281249999999999 0.6139775000000001 0.179375 0.18667899999999993
1 0.733125 0.55394 0.15249999999999997 0.2579739999999999
1 0.90875 0.6439965 0.18125000000000002 0.338649
2 0.0090625 0.6463414999999999 0.018125 0.13320900000000002
2 0.4796875 0.60788 0.015625 0.07879999999999998
2 0.5128125 0.599437 0.07687500000000003 0.0919319999999999
2 0.6256250000000001 0.531426 0.05625000000000002 0.08161399999999996
2 0.6465624999999999 0.543152 0.03187499999999999 0.07316999999999996
2 0.8128124999999999 0.5131335 0.021874999999999978 0.03189500000000001
2 0.8609375 0.4620075 0.02562500000000001 0.023453
2 0.8615625 0.3860225 0.024375000000000036 0.032833
2 0.8703125 0.4498125 0.028125000000000067 0.029081000000000023
2 0.8968750000000001 0.3832085 0.05625000000000002 0.03470899999999999
2 0.888125 0.4863975 0.036250000000000004 0.03658499999999998
2 0.8815625 0.4469985 0.018124999999999947 0.030957000000000012
2 0.8890625000000001 0.4432455 0.020625000000000004 0.03470899999999999
2 0.8965625 0.42636 0.026874999999999982 0.040337999999999985
2 0.9143749999999999 0.414165 0.03500000000000003 0.04971800000000004
2 0.9215625 0.4690435 0.02562500000000001 0.01313299999999995
2 0.9521875 0.4591935 0.03562500000000002 0.032833
2 0.9615625000000001 0.37757949999999996 0.021874999999999978 0.02720499999999998
2 0.97375 0.3832085 0.010000000000000009 0.030957000000000012
