5 0.441875 0.19083350000000002 0.18875000000000003 0.221667
0 0.514375 0.59375 0.46499999999999997 0.43916599999999995
5 0.04375 0.3120835 0.0875 0.624167
5 0.164375 0.149583 0.32875 0.29750000000000004
5 0.2396875 0.380833 0.27437500000000004 0.675
5 0.365625 0.39749999999999996 0.14625 0.47
5 0.538125 0.3683335 0.16749999999999998 0.10833300000000001
5 0.6265624999999999 0.33375 0.198125 0.270834
5 0.7440625000000001 0.41375 0.104375 0.17916600000000005
5 0.775 0.3258335 0.11250000000000004 0.093333
5 0.7821875 0.5316665 0.09812500000000002 0.19166699999999992
5 0.811875 0.405 0.07250000000000001 0.11000000000000004
5 0.8471875 0.3216665 0.05812499999999998 0.088333
5 0.8512500000000001 0.542083 0.06375000000000008 0.14250000000000002
5 0.858125 0.43875000000000003 0.07750000000000001 0.16083400000000003
5 0.906875 0.46625 0.08125000000000004 0.17083400000000004
5 0.888125 0.5487500000000001 0.0412499999999999 0.08083399999999996
5 0.9203125 0.33875 0.05437500000000006 0.08083399999999996
5 0.953125 0.4870835 0.0787500000000001 0.16416699999999995
5 0.9709375 0.34750000000000003 0.05687500000000001 0.08500000000000002
2 0.76 0.6679170000000001 0.09499999999999997 0.09750000000000003
2 0.8196874999999999 0.6525000000000001 0.05312499999999998 0.066666
2 0.868125 0.630833 0.03874999999999995 0.05499999999999994
2 0.9828125000000001 0.7025 0.03312499999999996 0.20833400000000002
