0 0.668125 0.7415735 0.15625 0.15280899999999997
5 0.191875 0.6741575 0.38375 0.24269700000000005
5 0.499375 0.303371 0.99875 0.606742
5 0.043125000000000004 0.7797750000000001 0.08125 0.161798
5 0.081875 0.8921345 0.06375 0.10337099999999999
5 0.20625 0.8865164999999999 0.035 0.06966299999999992
5 0.278125 0.819101 0.06125000000000003 0.11011199999999999
5 0.34875 0.867416 0.07250000000000001 0.18427000000000004
5 0.41875 0.819101 0.09750000000000003 0.13707800000000003
5 0.435 0.6797755 0.08750000000000002 0.168539
5 0.50625 0.711236 0.09499999999999997 0.17303400000000002
5 0.53375 0.9595505 0.08249999999999996 0.07640500000000006
5 0.6425000000000001 0.8707864999999999 0.04500000000000004 0.10112299999999996
5 0.803125 0.5674155000000001 0.27875000000000005 0.334831
5 0.84875 0.816854 0.15250000000000008 0.17303400000000002
