1 0.306875 0.2467045 0.1575 0.18644099999999997
1 0.43718749999999995 0.269303 0.075625 0.08474600000000002
1 0.5334375 0.257062 0.09062500000000001 0.07909599999999997
1 0.75625 0.26742 0.09624999999999995 0.07721200000000003
1 0.8365625 0.260829 0.08937499999999998 0.079096
2 0.156875 0.2744825 0.04500000000000001 0.051789
2 0.2134375 0.284369 0.03437499999999999 0.06591399999999997
2 0.7309375 0.27306949999999997 0.11937500000000001 0.08097899999999997
2 0.901875 0.27730699999999997 0.05125000000000002 0.04237200000000002
2 0.9228125 0.26883250000000003 0.02937500000000004 0.02542300000000003
2 0.9621875 0.27636550000000004 0.07437499999999997 0.063089
