4 0.7973735 0.85875 0.232645 0.15250000000000008
2 0.227017 0.71625 0.06003799999999998 0.07750000000000001
2 0.24108849999999998 0.67375 0.035646999999999984 0.04249999999999998
2 0.3095685 0.6975 0.07504700000000003 0.040000000000000036
2 0.3752345 0.8600000000000001 0.172607 0.255
2 0.466229 0.8025 0.065666 0.09499999999999997
2 0.5684804999999999 0.86375 0.202627 0.21250000000000002
2 0.5347095 0.7025 0.05253300000000005 0.040000000000000036
4 0.2964355 0.755 0.071295 0.08000000000000007
4 0.39962450000000005 0.7225 0.052532999999999996 0.050000000000000044
4 0.43245750000000005 0.7475 0.080675 0.05999999999999994
