8 0.5084375 0.6151685 0.09687499999999999 0.08052499999999996
8 0.0478125 0.662453 0.095625 0.11516800000000005
8 0.2375 0.6315545 0.03 0.088951
8 0.2875 0.625936 0.0625 0.17696600000000007
8 0.390625 0.6067415 0.08750000000000002 0.06928900000000004
8 0.6021875 0.619382 0.06937499999999996 0.05524400000000007
8 0.6793750000000001 0.6067415 0.04999999999999993 0.054306999999999994
8 0.76 0.743914 0.10624999999999996 0.135768
8 0.7275 0.4953185 0.03874999999999995 0.05430700000000005
8 0.8646875 0.5355805 0.06187500000000001 0.08052500000000001
