1 0.1781915 0.152344 0.313829 0.247396
1 0.1787235 0.467448 0.357447 0.273438
1 0.5595745 0.516927 0.33191499999999996 0.302084
2 0.181383 0.470703 0.362766 0.27213599999999993
2 0.181383 0.8072915 0.362766 0.38281299999999996
2 0.16914900000000002 0.14583300000000002 0.32766 0.278646
2 0.545213 0.8313805 0.36276600000000003 0.33203099999999997
2 0.533511 0.1484375 0.31383 0.296875
2 0.863298 0.4856775 0.2712760000000001 0.140625
2 0.863298 0.7753905 0.2712760000000001 0.446615
2 0.887766 0.2076825 0.2223400000000001 0.415365
