1 0.223404 0.556801 0.320616 0.29147999999999996
5 0.25495249999999997 0.42825100000000005 0.08290499999999998 0.10911799999999999
5 0.287968 0.34005949999999996 0.05796000000000001 0.270553
5 0.323184 0.395366 0.025678000000000034 0.144992
5 0.521277 0.32959649999999996 0.172414 0.43796699999999994
5 0.673881 0.3572495 0.12985999999999998 0.36771299999999996
5 0.818415 0.26457400000000003 0.1856199999999999 0.30194400000000005
1 0.7593544999999999 0.47010450000000004 0.27732900000000005 0.336323
2 0.282832 0.492526 0.027145999999999948 0.03139000000000003
2 0.30630999999999997 0.4887895 0.018342000000000025 0.029895000000000005
2 0.32538500000000004 0.4835575 0.016874 0.02242099999999997
