12 0.4253125 0.5176054999999999 0.09187499999999998 0.29275700000000004
13 0.5784374999999999 0.7117705000000001 0.08062500000000006 0.09557300000000002
12 0.296875 0.43309850000000005 0.053749999999999964 0.37122700000000003
12 0.36125 0.4270625 0.05625000000000002 0.35110700000000006
12 0.4603125 0.5251505 0.03937499999999999 0.24949700000000002
12 0.518125 0.5387325 0.057499999999999996 0.21026099999999998
12 0.56875 0.550805 0.06125000000000003 0.226358
12 0.6378125 0.5653925 0.06687500000000002 0.18108699999999994
12 0.6825 0.5658955 0.05875000000000008 0.19617700000000005
12 0.8578125 0.614688 0.07062499999999994 0.21529200000000004
12 0.926875 0.6302815 0.11375000000000002 0.188129
13 0.09593750000000001 0.729376 0.034375 0.11670000000000003
13 0.1278125 0.7369215 0.03437499999999999 0.13581500000000002
13 0.275625 0.7535210000000001 0.04625000000000001 0.152918
13 0.3284375 0.7369215 0.06187500000000001 0.12776699999999996
13 0.451875 0.6881285 0.044999999999999984 0.08651900000000001
13 0.489375 0.6856135000000001 0.050000000000000044 0.09154899999999999
13 0.50125 0.806338 0.03875000000000001 0.11368200000000006
13 0.53625 0.80332 0.05249999999999999 0.11167000000000005
13 0.663125 0.7072435 0.05249999999999999 0.13480899999999996
13 0.7 0.7052315 0.05625000000000002 0.13078499999999993
13 0.7696875000000001 0.726861 0.041874999999999996 0.10764600000000002
13 0.80625 0.729879 0.053749999999999964 0.11770599999999998
13 0.8240625 0.8385315 0.038124999999999964 0.131791
13 0.8671875 0.835513 0.06062499999999993 0.12977800000000006
