1 0.713125 0.8295665 0.4925 0.32956699999999994
1 0.029375 0.6525425 0.05875 0.175141
1 0.0484375 0.126648 0.096875 0.1629
1 0.0678125 0.42655350000000003 0.135625 0.244821
1 0.2190625 0.733051 0.438125 0.19679800000000003
1 0.28125 0.873823 0.5625 0.25046999999999997
1 0.1071875 0.044256 0.12312500000000001 0.07533
1 0.18000000000000002 0.4962335 0.2575 0.18267499999999998
1 0.2240625 0.6082865 0.28437500000000004 0.19585700000000006
1 0.23875000000000002 0.0409605 0.11624999999999999 0.081921
1 0.464375 0.5607344999999999 0.16499999999999998 0.200565
1 0.5231250000000001 0.08286249999999999 0.21375 0.160075
1 0.56625 0.467985 0.21000000000000002 0.15442599999999995
1 0.6884375 0.6991525000000001 0.334375 0.24576300000000006
1 0.7978125 0.5353105 0.22812500000000002 0.191149
1 0.8490625 0.1450095 0.2231249999999999 0.182675
1 0.9196875 0.254708 0.15937500000000004 0.27212800000000004
1 0.930625 0.324388 0.13750000000000007 0.102636
1 0.948125 0.73258 0.10250000000000004 0.316384
1 0.95625 0.42796599999999996 0.08625000000000005 0.11958600000000003
2 0.71 0.0677965 0.24375000000000002 0.135593
