2 0.42562500000000003 0.871359 0.044999999999999984 0.07928800000000003
4 0.318125 0.869741 0.04375000000000001 0.05339800000000006
4 0.35 0.9320390000000001 0.08249999999999996 0.11003200000000002
4 0.36750000000000005 0.8697415 0.05499999999999999 0.06634299999999993
4 0.3625 0.8317155 0.036250000000000004 0.03559900000000005
4 0.4309375 0.8001615 0.021875000000000033 0.04045299999999996
4 0.4471875 0.8203885 0.030625000000000013 0.038835000000000064
4 0.4653125 0.7823625 0.02437499999999998 0.030745000000000022
4 0.5103125 0.8033980000000001 0.018125000000000058 0.04692599999999991
4 0.5234375 0.7855985000000001 0.024375000000000036 0.04368899999999998
4 0.6046875 0.7176375 0.015625 0.027509000000000006
