1 0.6184375 0.6055090000000001 0.22687500000000005 0.32399600000000006
1 0.478125 0.3071895 0.03750000000000003 0.085901
1 0.5165625 0.351541 0.046875000000000056 0.08310000000000001
2 0.47343749999999996 0.545752 0.05687499999999995 0.08309999999999995
2 0.494375 0.2189545 0.014999999999999958 0.015872999999999998
2 0.4946875 0.0812325 0.010624999999999996 0.013071
2 0.51125 0.096172 0.010000000000000009 0.013072
2 0.515625 0.219888 0.013749999999999929 0.017739999999999978
2 0.520625 0.246032 0.016250000000000098 0.019608000000000014
2 0.5284375 0.623249 0.02937499999999993 0.114846
2 0.5284375 0.261905 0.01937499999999992 0.032680000000000015
2 0.5328125 0.2791785 0.015625 0.02054100000000003
2 0.5365625 0.2917835 0.020625000000000004 0.030813000000000035
