14 0.0528125 0.2584675 0.03187500000000001 0.126613
14 0.3565625 0.28104850000000003 0.03187499999999999 0.113709
14 0.41093749999999996 0.284274 0.02812500000000001 0.11371
14 0.6403125000000001 0.372984 0.009375000000000022 0.04596800000000001
14 0.6665625 0.457258 0.009375000000000022 0.03225800000000001
14 0.6856249999999999 0.3616935 0.01749999999999996 0.055645
5 0.4678125 0.38870950000000004 0.030625000000000013 0.08064500000000002
5 0.5021875 0.4028225 0.029374999999999984 0.03629100000000002
5 0.5559375 0.327016 0.11062499999999997 0.20080599999999998
5 0.78 0.415726 0.4125 0.06532199999999999
5 0.719375 0.297984 0.20500000000000007 0.325
5 0.6846875 0.391532 0.09062499999999996 0.095968
5 0.731875 0.35120949999999995 0.1449999999999999 0.215323
5 0.8259375 0.279839 0.213125 0.367742
5 0.9265625 0.257258 0.145625 0.354838
