9 0.44695150000000006 0.5084375 0.42834500000000003 0.39312499999999995
5 0.6528105 0.40593749999999995 0.434679 0.545625
5 0.7276324999999999 0.3940625 0.106097 0.02562500000000001
5 0.739509 0.47375 0.05225599999999997 0.05125000000000002
5 0.7640534999999999 0.4778125 0.07125900000000007 0.06687499999999996
5 0.7988915 0.39749999999999996 0.11876500000000001 0.05624999999999997
5 0.8277909999999999 0.4609375 0.10372199999999998 0.059374999999999956
5 0.864608 0.47875 0.09976200000000002 0.07500000000000001
5 0.93943 0.4653125 0.11005599999999993 0.109375
2 0.1512275 0.581875 0.266033 0.14500000000000002
2 0.7387174999999999 0.589375 0.28186900000000004 0.13624999999999998
2 0.8167059999999999 0.543125 0.08155199999999996 0.04125000000000001
