14 0.935 0.21134 0.11750000000000005 0.268978
14 0.9237500000000001 0.41190249999999995 0.04500000000000004 0.060919
5 0.165 0.46344850000000004 0.33 0.353327
5 0.7084375 0.425492 0.581875 0.850984
2 0.30093749999999997 0.6344890000000001 0.09437500000000004 0.07122799999999996
2 0.333125 0.6105905 0.043749999999999956 0.03842500000000004
2 0.40156250000000004 0.6124645 0.03937499999999999 0.04592300000000005
2 0.4628125 0.595595 0.026874999999999982 0.03842600000000007
2 0.5 0.5979380000000001 0.013749999999999984 0.01687000000000005
2 0.9762500000000001 0.5712280000000001 0.04625000000000001 0.08716000000000002
