14 0.19536399999999998 0.677057 0.016555999999999987 0.02244400000000002
5 0.1614235 0.670823 0.048013 0.06982600000000005
5 0.201987 0.65212 0.019867999999999997 0.06733200000000006
5 0.240894 0.6321695 0.028146000000000004 0.14713300000000007
5 0.2922185 0.6433915 0.05794699999999997 0.184539
5 0.337748 0.6134660000000001 0.03642400000000001 0.06483800000000006
5 0.4130795 0.6359105 0.091059 0.09975100000000003
5 0.48841100000000004 0.587282 0.06291399999999997 0.25187
5 0.5405629999999999 0.594763 0.05463600000000002 0.2618460000000001
5 0.568709 0.5374065 0.08112600000000003 0.381547
5 0.6548015 0.51995 0.11423899999999998 0.486284
5 0.7533115 0.5698255 0.06622499999999998 0.3167090000000001
5 0.8013245 0.554863 0.05629100000000009 0.301746
5 0.8692055 0.5137160000000001 0.12251699999999999 0.48877800000000005
5 0.9428805 0.5037405 0.07450299999999999 0.528679
