5 0.2340625 0.7021575 0.130625 0.28611699999999995
0 0.7234375 0.7598499999999999 0.27937500000000004 0.16698000000000002
5 0.08125 0.7575045 0.1625 0.25046900000000005
5 0.3159375 0.822233 0.026874999999999982 0.040337999999999985
5 0.3296875 0.7307695000000001 0.023125000000000007 0.07692299999999996
5 0.3315625 0.74531 0.019374999999999976 0.04408999999999996
5 0.369375 0.704034 0.020000000000000018 0.130394
5 0.4028125 0.7664165000000001 0.08187499999999998 0.12195100000000003
5 0.6428125 0.6364915 0.11937500000000001 0.13414700000000002
5 0.8315625 0.516417 0.33562500000000006 0.608818
5 0.9456249999999999 0.7307695 0.10750000000000004 0.16135100000000002
2 0.11375 0.8316135 0.08375000000000002 0.06285099999999999
2 0.9740625 0.800657 0.05062500000000003 0.10600399999999999
