1 0.1157225 0.5160585 0.231445 0.19416099999999997
5 0.0776365 0.4138685 0.10253899999999999 0.07737299999999997
5 0.2001955 0.2941605 0.29101499999999997 0.351825
5 0.1347655 0.37445249999999997 0.140625 0.15036500000000003
5 0.34863299999999997 0.38321150000000004 0.13867199999999996 0.147445
5 0.408203 0.31167849999999997 0.0625 0.06861299999999998
5 0.47949200000000003 0.36204400000000003 0.12500000000000006 0.19854
5 0.5927735000000001 0.3160585 0.10546899999999992 0.235037
1 0.38916 0.48467150000000003 0.20800799999999997 0.14306500000000005
2 0.289551 0.49927 0.14941400000000002 0.10803000000000001
2 0.529785 0.4978105 0.16894599999999999 0.128467
2 0.7294925 0.5350365 0.42578099999999997 0.20875899999999997
