8 0.4434375 0.711716 0.11687499999999995 0.20572000000000001
5 0.06375 0.3777675 0.10999999999999999 0.34040499999999996
8 0.2434375 0.6314575 0.023125000000000007 0.03413299999999997
8 0.2734375 0.6079335 0.016874999999999973 0.01291500000000001
8 0.315 0.5880995 0.015000000000000013 0.03413299999999997
8 0.3334375 0.5917895 0.024375000000000036 0.030442999999999998
8 0.3528125 0.592712 0.01687500000000003 0.02490799999999993
8 0.8928125 0.6563654999999999 0.028124999999999956 0.03782300000000005
5 0.17593750000000002 0.2910515 0.22937500000000002 0.582103
5 0.56625 0.35562699999999997 0.5762499999999999 0.412362
5 0.905625 0.158672 0.07374999999999998 0.097786
