11 0.4940625 0.30864749999999996 0.030625000000000013 0.028519000000000017
5 0.0771875 0.297608 0.154375 0.405704
5 0.42375 0.3417665 0.38875000000000004 0.42594299999999996
5 0.7618750000000001 0.35832600000000003 0.05999999999999994 0.10211600000000004
5 0.7709375 0.2943885 0.0681250000000001 0.07543699999999998
5 0.8190625 0.3624655 0.06937499999999996 0.06439700000000004
5 0.913125 0.393744 0.11624999999999996 0.137994
5 0.944375 0.327507 0.04625000000000001 0.08095600000000003
5 0.9803125 0.274609 0.038124999999999964 0.155474
5 0.9803125 0.396964 0.038124999999999964 0.11499599999999999
