8 0.271215 0.835 0.31614000000000003 0.3175
8 0.217138 0.22999999999999998 0.28452600000000006 0.06249999999999997
8 0.21797 0.14937499999999998 0.28619000000000006 0.11124999999999999
8 0.231281 0.095625 0.24625599999999997 0.19125
8 0.5049915 0.166875 0.25790300000000005 0.23124999999999998
8 0.532446 0.46875 0.27953399999999995 0.17250000000000004
8 0.5673874999999999 0.799375 0.262895 0.21624999999999994
8 0.7437605 0.200625 0.24292900000000006 0.17625000000000002
8 0.770383 0.46687500000000004 0.28286200000000006 0.15625000000000006
8 0.8019965 0.765625 0.24292899999999995 0.17874999999999996
