5 0.10123700000000001 0.2627315 0.184244 0.472223
0 0.279297 0.5752315 0.151042 0.15972300000000006
0 0.37793 0.5729165 0.04882799999999998 0.12268500000000004
0 0.4749345 0.5821755 0.15820299999999998 0.20138899999999998
0 0.6565755 0.5810185 0.20768300000000006 0.189815
5 0.057943 0.467014 0.09114599999999999 0.10069399999999995
5 0.1360675 0.4398145 0.10416700000000001 0.25925899999999996
5 0.19563799999999998 0.376736 0.102214 0.27199000000000007
5 0.30533849999999996 0.35879649999999996 0.24218699999999999 0.280093
5 0.38053349999999997 0.4965275 0.06445300000000004 0.032407000000000075
5 0.5315755 0.3778935 0.205079 0.24189899999999998
5 0.7164714999999999 0.33449100000000004 0.289713 0.34722200000000003
5 0.823242 0.270833 0.298828 0.46064799999999995
5 0.9257815 0.595486 0.14713500000000002 0.09838000000000002
5 0.9303385 0.3541665 0.13802100000000006 0.708333
3 0.0703125 0.6278935 0.140625 0.2418990000000001
3 0.375651 0.570602 0.050781999999999994 0.141204
3 0.478841 0.5810185 0.163412 0.20370299999999997
