1 0.2278125 0.880417 0.278125 0.16749999999999998
5 0.025625 0.7104165 0.05125 0.11416699999999991
5 0.41218750000000004 0.7116665 0.14937499999999998 0.14833300000000005
5 0.5475 0.6791665 0.08000000000000007 0.161667
5 0.6325000000000001 0.6516664999999999 0.2025 0.363333
5 0.7334375 0.620417 0.09687499999999993 0.08250000000000002
5 0.7471874999999999 0.7583335 0.104375 0.19333299999999998
5 0.885 0.68875 0.11375000000000002 0.27749999999999997
5 0.9259375000000001 0.5879165 0.14687499999999998 0.440833
3 0.22218749999999998 0.865 0.259375 0.17166599999999999
