13 0.11624999999999999 0.215625 0.05416599999999999 0.07499999999999998
13 0.15625 0.92625 0.09749999999999999 0.14625
13 0.158333 0.8075 0.07500000000000001 0.12125000000000008
13 0.255417 0.809375 0.07750000000000001 0.11750000000000005
13 0.2804165 0.924375 0.10083299999999998 0.15000000000000002
13 0.337083 0.8146875 0.07749999999999996 0.114375
13 0.3875 0.9203125000000001 0.10499999999999998 0.15812499999999996
13 0.443333 0.7975000000000001 0.08500000000000002 0.13124999999999998
13 0.48875 0.921875 0.134166 0.15500000000000003
13 0.5266665 0.7984375 0.11833300000000002 0.11937500000000001
13 0.59125 0.9140625 0.09750000000000003 0.17062500000000003
13 0.620833 0.8078125 0.07999999999999996 0.07687499999999992
13 0.6699999999999999 0.9196875 0.12333399999999994 0.150625
13 0.6941665 0.7887500000000001 0.11166699999999996 0.07999999999999996
13 0.740417 0.8940625 0.12749999999999995 0.150625
13 0.7666664999999999 0.7831250000000001 0.10666699999999996 0.07874999999999999
13 0.8091664999999999 0.8778125 0.13666699999999998 0.14187499999999997
13 0.8375 0.774375 0.11666599999999994 0.07874999999999999
13 0.875 0.8571875 0.12333400000000005 0.14187499999999997
13 0.949167 0.8178125 0.07499999999999996 0.06312499999999999
