5 0.864603 0.78545 0.10193800000000008 0.18249000000000004
0 0.7479675 0.858816 0.11882499999999996 0.080148
5 0.041901 0.4759555 0.083802 0.06411899999999998
5 0.0437775 0.970407 0.087555 0.05671999999999999
5 0.069731 0.7706535000000001 0.079424 0.226881
5 0.12132599999999999 0.7879160000000001 0.08880599999999998 0.21208400000000005
5 0.19199500000000003 0.9414305000000001 0.19637200000000002 0.11467299999999991
5 0.218261 0.508015 0.14384000000000002 0.09124599999999994
5 0.2191995 0.8508015 0.08192699999999997 0.11590699999999998
5 0.3392745 0.44327950000000005 0.03439700000000001 0.04808899999999999
5 0.3896185 0.8421704999999999 0.06128899999999998 0.18988900000000009
5 0.55566 0.6011095 0.07817400000000008 0.04562299999999997
5 0.61601 0.7940815 0.04252599999999995 0.08877899999999994
5 0.664165 0.6744760000000001 0.04127600000000009 0.07644799999999996
5 0.7045025 0.8347720000000001 0.07066899999999998 0.143034
5 0.7914319999999999 0.7737365 0.03939999999999999 0.053021000000000096
5 0.8818010000000001 0.546856 0.1250779999999999 0.12946999999999997
5 0.9496560000000001 0.7601725 0.03314600000000001 0.10727500000000001
2 0.36804250000000005 0.8674474999999999 0.059412999999999994 0.043157
