5 0.05125 0.34875 0.1025 0.38916599999999996
5 0.1628125 0.3245835 0.325625 0.630833
5 0.2025 0.3458335 0.405 0.691667
5 0.13343750000000001 0.45291649999999994 0.04187500000000001 0.10916699999999996
5 0.161875 0.4491665 0.03875000000000001 0.11166700000000002
5 0.17281249999999998 0.4804165 0.043125 0.035833000000000004
5 0.1825 0.4366665 0.036250000000000004 0.05166700000000002
5 0.20500000000000002 0.48625 0.04250000000000001 0.03749999999999998
5 0.36 0.3079165 0.35250000000000004 0.615833
5 0.2103125 0.4475 0.045625 0.063334
5 0.2375 0.4504165 0.02749999999999997 0.089167
5 0.39 0.3008335 0.31125 0.601667
5 0.475 0.2716665 0.2675 0.543333
5 0.49624999999999997 0.4675 0.03875000000000001 0.061666
5 0.51125 0.465 0.022499999999999964 0.066666
5 0.54625 0.469167 0.03499999999999992 0.09000000000000002
5 0.565625 0.46749999999999997 0.029999999999999916 0.07999999999999996
5 0.590625 0.4675 0.03375000000000006 0.08333400000000002
5 0.6171875 0.4683335 0.0318750000000001 0.08166700000000005
5 0.7559374999999999 0.34083349999999996 0.26312499999999994 0.583333
5 0.6384375 0.4654165 0.02562500000000001 0.07916699999999999
5 0.6499999999999999 0.45375 0.036250000000000004 0.08250000000000002
5 0.6668750000000001 0.4691665 0.026249999999999996 0.08333299999999999
5 0.80625 0.3283335 0.3025 0.656667
5 0.6890625 0.46749999999999997 0.023125000000000062 0.07999999999999996
5 0.7175 0.4625 0.03874999999999995 0.10333400000000004
5 0.745 0.4708335 0.04499999999999993 0.08666700000000005
5 0.7753125000000001 0.4691665 0.028125000000000067 0.11333300000000002
5 0.80625 0.47000000000000003 0.043749999999999956 0.15000000000000002
5 0.8262499999999999 0.477917 0.04500000000000004 0.1925
5 0.9143749999999999 0.3329165 0.17000000000000004 0.665833
5 0.87625 0.46916650000000004 0.04125000000000001 0.16166700000000006
5 0.924375 0.4779165 0.039999999999999925 0.17583300000000002
5 0.9515625000000001 0.50125 0.06062500000000004 0.13583399999999995
5 0.984375 0.4970835 0.030000000000000027 0.13416699999999998
1 0.4278125 0.679583 0.718125 0.3524999999999999
2 0.0990625 0.58875 0.198125 0.1391659999999999
2 0.4265625 0.6637500000000001 0.716875 0.3275
2 0.860625 0.56125 0.03125 0.03583400000000003
2 0.90125 0.56875 0.03499999999999992 0.02083400000000002
