8 0.485 0.770638 0.08250000000000002 0.158536
5 0.081875 0.5839585 0.16375 0.24671699999999996
5 0.18875 0.599906 0.10625000000000001 0.20168799999999998
5 0.495 0.356473 0.6599999999999999 0.712946
5 0.2728125 0.588649 0.12062500000000001 0.20168800000000003
5 0.37593750000000004 0.5919325 0.085625 0.15384699999999996
5 0.5815625 0.5286115 0.07687500000000003 0.10600300000000007
5 0.718125 0.492495 0.26 0.3058159999999999
5 0.818125 0.3189495 0.36250000000000004 0.637899
5 0.90625 0.4530955 0.10125000000000006 0.12382700000000008
5 0.950625 0.4788935 0.04874999999999996 0.098499
