0 0.4921875 0.4320835 0.830625 0.479167
5 0.0609375 0.30333350000000003 0.121875 0.25666700000000003
5 0.1721875 0.19624999999999998 0.13687500000000002 0.04250000000000001
5 0.28 0.125833 0.19 0.15000000000000002
5 0.42656249999999996 0.125 0.18312499999999993 0.16166599999999998
5 0.515625 0.1095835 0.14749999999999996 0.219167
5 0.6728125 0.1070835 0.171875 0.214167
5 0.7384375 0.13375 0.298125 0.2675
5 0.890625 0.1416665 0.21750000000000003 0.283333
5 0.946875 0.3154165 0.10499999999999998 0.18416699999999997
