13 0.005625 0.1416665 0.01125 0.053333000000000005
13 0.005625 0.31833350000000005 0.01125 0.038333000000000006
13 0.01 0.3591665 0.02 0.053332999999999964
13 0.0134375 0.5183335 0.026875 0.11333299999999996
13 0.0146875 0.45 0.029375 0.056665999999999994
13 0.0153125 0.239583 0.030625 0.07249999999999998
13 0.0321875 0.39166650000000003 0.064375 0.06333300000000003
13 0.0275 0.1616665 0.0425 0.09333299999999999
13 0.0609375 0.27125 0.094375 0.06083400000000003
13 0.0796875 0.4004165 0.095625 0.11916700000000002
13 0.0796875 0.2008335 0.059375 0.098333
13 0.110625 0.595 0.10625000000000001 0.11833400000000005
13 0.09968750000000001 0.120417 0.07062500000000001 0.0825
13 0.125 0.194583 0.08750000000000001 0.0925
13 0.1515625 0.2108335 0.09437500000000001 0.098333
13 0.1390625 0.11875 0.05937500000000001 0.079166
13 0.1546875 0.35375 0.049375 0.1225
13 0.185625 0.1120835 0.06 0.079167
13 0.20156249999999998 0.3870835 0.05812500000000001 0.13083300000000003
13 0.2171875 0.18916650000000002 0.060624999999999984 0.09666699999999998
13 0.22312500000000002 0.1066665 0.06250000000000003 0.06833300000000002
13 0.26968749999999997 0.52 0.10312499999999997 0.178334
13 0.2478125 0.205 0.054375000000000034 0.09666599999999997
13 0.265625 0.3779165 0.03874999999999998 0.12916700000000003
13 0.296875 0.1154165 0.043749999999999956 0.08916700000000001
13 0.301875 0.2425 0.04874999999999996 0.11333400000000002
13 0.34187500000000004 0.6870835 0.09000000000000002 0.18583300000000003
13 0.3334375 0.4054165 0.06812499999999999 0.10916700000000001
13 0.339375 0.11458299999999999 0.036250000000000004 0.08750000000000001
13 0.34375 0.19624999999999998 0.04500000000000004 0.095834
13 0.36124999999999996 0.31 0.07 0.10999999999999999
13 0.3878125 0.197083 0.04312499999999997 0.0975
13 0.4140625 0.105417 0.051875000000000004 0.07749999999999999
13 0.4403125 0.2891665 0.06187500000000001 0.10333300000000001
13 0.4440625 0.6275 0.06687499999999996 0.15666600000000008
13 0.439375 0.199583 0.04249999999999998 0.0925
13 0.454375 0.11374999999999999 0.07 0.06916599999999999
13 0.48062499999999997 0.293333 0.08374999999999999 0.095
13 0.48875 0.394583 0.07374999999999998 0.1275
13 0.5128125 0.6525 0.05812499999999998 0.16500000000000004
13 0.515 0.1745835 0.05624999999999997 0.094167
13 0.5284375 0.42874999999999996 0.055625000000000036 0.1275
13 0.5446875 0.26416649999999997 0.046875 0.10833299999999998
13 0.5575 0.12208350000000001 0.04875000000000007 0.085833
13 0.5840625 0.489167 0.04812499999999997 0.14500000000000002
13 0.5965625 0.12541650000000001 0.059374999999999956 0.085833
13 0.590625 0.27625 0.03749999999999998 0.10916599999999999
13 0.631875 0.5604165 0.08625000000000005 0.13583300000000004
13 0.65125 0.33916650000000004 0.08624999999999994 0.10666700000000001
13 0.6553125 0.192917 0.09187500000000004 0.08249999999999999
13 0.761875 0.1141665 0.27125 0.11166700000000002
13 0.6959375000000001 0.3720835 0.10312500000000002 0.08583299999999999
13 0.6875 0.2270835 0.07374999999999998 0.089167
13 0.7553125 0.45375 0.051875000000000004 0.14250000000000002
13 0.770625 0.22541699999999998 0.0774999999999999 0.0925
13 0.8075 0.46458350000000004 0.07125000000000004 0.13416699999999998
13 0.8165625000000001 0.294167 0.06312499999999999 0.1
13 0.8309375 0.2158335 0.06562500000000004 0.098333
13 0.84875 0.31666649999999996 0.07374999999999998 0.096667
13 0.945625 0.2616665 0.08374999999999999 0.11666699999999999
13 0.9553125 0.12708350000000002 0.051875000000000004 0.085833
13 0.9740625 0.3954165 0.05062500000000003 0.08083300000000004
13 0.9884375000000001 0.25125 0.021874999999999978 0.13083399999999998
