14 0.40218750000000003 0.5109835 0.278125 0.255969
14 0.28218750000000004 0.769341 0.01687500000000003 0.04297999999999991
14 0.31156249999999996 0.6752625 0.026875000000000038 0.05539699999999992
14 0.3375 0.8309454999999999 0.00874999999999998 0.024832999999999994
14 0.40531249999999996 0.6733525 0.03437499999999999 0.059216999999999964
14 0.49812500000000004 0.6805159999999999 0.03375 0.060172
14 0.5809375 0.855301 0.01937499999999992 0.023878000000000066
14 0.6096874999999999 0.857211 0.020625000000000004 0.027698
14 0.6828125 0.5315185 0.12937500000000002 0.214899
14 0.6815625000000001 0.672397 0.038125000000000075 0.04966599999999999
14 0.774375 0.670487 0.03249999999999997 0.0496660000000001
14 0.8146875 0.8309454999999999 0.015625 0.024832999999999994
