1 0.59125 0.48250000000000004 0.245 0.341666
5 0.3975 0.2741665 0.795 0.548333
5 0.691875 0.26708350000000003 0.036250000000000004 0.07916700000000002
5 0.7053125 0.2466665 0.04062499999999991 0.12333300000000003
5 0.8190625 0.3191665 0.05812499999999998 0.17166700000000001
5 0.8190625 0.1595835 0.055625000000000036 0.07083300000000001
5 0.8996875 0.30625 0.06437499999999996 0.16416599999999998
5 0.8953125 0.17875000000000002 0.024374999999999925 0.039166000000000006
5 0.9828125 0.174583 0.024375000000000036 0.037500000000000006
5 0.9959375 0.141667 0.0068749999999999645 0.035
2 0.4690625 0.194583 0.021874999999999978 0.027499999999999997
2 0.49312500000000004 0.55625 0.06624999999999998 0.14583400000000002
2 0.7825 0.2683335 0.04125000000000001 0.04833299999999999
2 0.9484375 0.2995835 0.048125000000000084 0.05583300000000002
