14 0.09916649999999999 0.490625 0.03833299999999999 0.05124999999999996
14 0.6233335 0.3309375 0.088333 0.073125
14 0.8145835 0.27625 0.18416699999999997 0.060000000000000026
14 0.7858335000000001 0.33875 0.08666699999999994 0.06874999999999998
5 0.0116665 0.4525 0.023333 0.04125000000000001
5 0.0479165 0.490625 0.04083300000000001 0.07
5 0.1445835 0.5096875 0.06583299999999999 0.08687499999999998
5 0.2004165 0.5125 0.04583300000000001 0.05124999999999996
5 0.5833335000000001 0.3659375 0.7883330000000001 0.731875
5 0.23041699999999998 0.5021875 0.022499999999999992 0.02062499999999995
5 0.3620835 0.5131249999999999 0.214167 0.25999999999999995
5 0.915417 0.28468750000000004 0.16749999999999998 0.541875
