0 0.6853125 0.7572225 0.22687499999999994 0.41888900000000007
5 0.168125 0.6438889999999999 0.00874999999999998 0.06999999999999995
5 0.2515625 0.6827775 0.03687500000000002 0.12111099999999997
5 0.3009375 0.690556 0.020625000000000004 0.04999999999999993
5 0.3484375 0.692778 0.020625000000000004 0.050000000000000044
5 0.4646875 0.6455555 0.135625 0.271111
5 0.5653125 0.6866669999999999 0.03687499999999999 0.09777800000000003
5 0.80375 0.6494445 0.09875 0.20111100000000004
5 0.926875 0.6777775 0.06499999999999995 0.19333299999999998
5 0.9684375000000001 0.6655555 0.045624999999999916 0.18666700000000003
5 0.9890625 0.6233335 0.020625000000000004 0.11555500000000007
2 0.8221875 0.763889 0.08812500000000001 0.056665999999999994
