11 0.2771875 0.445122 0.09312499999999999 0.030955999999999984
5 0.04375 0.22045 0.0875 0.414634
5 0.105625 0.206379 0.04625 0.412758
5 0.1740625 0.216229 0.080625 0.432458
5 0.2396875 0.1909005 0.07187500000000002 0.381801
5 0.3153125 0.197936 0.07687500000000003 0.395872
5 0.3821875 0.193715 0.06687500000000002 0.38743
5 0.5359375 0.18996249999999998 0.271875 0.361163
5 0.580625 0.23686700000000002 0.1462500000000001 0.282364
5 0.7096875 0.2312385 0.08562499999999995 0.209193
5 0.7915625 0.1468105 0.13937499999999992 0.293621
5 0.9321875 0.160882 0.13437500000000002 0.319888
