2 0.5753125 0.7729170000000001 0.18062500000000004 0.15249999999999997
14 0.953125 0.50375 0.040000000000000036 0.13916599999999996
5 0.164375 0.4083335 0.32875 0.5333330000000001
5 0.41093749999999996 0.48583350000000003 0.16312500000000002 0.13833300000000004
5 0.5509375000000001 0.5666665 0.186875 0.28666699999999995
5 0.690625 0.41500000000000004 0.08374999999999999 0.038334000000000035
5 0.7275 0.595 0.08250000000000002 0.25333399999999995
2 0.225625 0.77625 0.15999999999999998 0.16416600000000003
2 0.2765625 0.7308330000000001 0.07062500000000002 0.08999999999999997
2 0.41718750000000004 0.7195834999999999 0.05562499999999998 0.060833000000000026
2 0.4971875 0.73125 0.05312500000000003 0.08083399999999996
2 0.565625 0.7041664999999999 0.03874999999999995 0.043332999999999955
