13 0.081875 0.6100865 0.05125 0.09348100000000004
13 0.1234375 0.5719555 0.034375 0.073801
13 0.146875 0.5578105 0.048750000000000016 0.04551100000000008
13 0.18 0.5264455 0.05249999999999999 0.06396099999999999
13 0.254375 0.6765065 0.04999999999999999 0.11562099999999997
13 0.36125 0.7736775 0.09999999999999998 0.11316100000000007
13 0.37906249999999997 0.6912665 0.030624999999999958 0.09102100000000002
13 0.5334375 0.6961865 0.06312499999999999 0.10086099999999998
13 0.5359375 0.785363 0.06312499999999999 0.136532
13 0.6684375 0.6838865000000001 0.06687500000000002 0.09594099999999994
13 0.7040625 0.7718325 0.078125 0.14637100000000003
13 0.80375 0.6912665 0.06999999999999995 0.08610099999999998
13 0.87625 0.7570725 0.09250000000000003 0.156211
13 0.9171875 0.6691265 0.07187500000000002 0.10086099999999998
13 0.983125 0.7613775 0.03249999999999997 0.09840100000000007
