2 0.8218749999999999 0.6364920000000001 0.08875 0.10788000000000009
0 0.05375 0.6683865 0.1075 0.22045099999999995
0 0.1796875 0.6027205 0.070625 0.11913700000000005
0 0.2971875 0.5666045 0.17437500000000003 0.38086300000000006
0 0.42593749999999997 0.56848 0.075625 0.30394000000000004
0 0.4965625 0.5783305 0.078125 0.26923099999999994
0 0.5603125 0.5825515 0.05812499999999998 0.23639699999999997
0 0.598125 0.582083 0.020000000000000018 0.19605999999999996
0 0.65125 0.5787995 0.09125000000000005 0.232645
0 0.6993750000000001 0.586773 0.015000000000000013 0.167918
0 0.773125 0.5834895 0.0625 0.14634100000000005
0 0.8865624999999999 0.5816135 0.08187500000000003 0.14634100000000005
0 0.9696875 0.584428 0.05937500000000007 0.14821800000000007
2 0.15875 0.6866795 0.11499999999999999 0.1388370000000001
2 0.2134375 0.674953 0.021874999999999978 0.11163199999999995
2 0.7106250000000001 0.6355535 0.008749999999999925 0.03846100000000008
2 0.7234375 0.6364915 0.01937500000000003 0.029081000000000023
2 0.933125 0.6557225 0.050000000000000044 0.071295
