1 0.5134375 0.4718805 0.674375 0.521969
5 0.0528125 0.3365555 0.105625 0.29525499999999993
5 0.079375 0.09051 0.11625 0.15993
5 0.20625 0.15202100000000002 0.08625000000000002 0.07381400000000002
5 0.235625 0.102812 0.065 0.059754
5 0.30156249999999996 0.117311 0.06937500000000002 0.058875999999999984
5 0.41375 0.14630949999999998 0.15249999999999997 0.099297
5 0.4578125 0.1695955 0.02562500000000001 0.070299
5 0.4971875 0.18058000000000002 0.024375000000000036 0.05887600000000001
5 0.5221875 0.184974 0.03312499999999996 0.043057999999999985
5 0.565625 0.16695949999999998 0.04625000000000001 0.10017499999999999
5 0.6103125 0.16871750000000002 0.03312499999999996 0.08260100000000001
5 0.66875 0.0795255 0.12374999999999992 0.09929700000000001
5 0.6559375 0.163445 0.046875 0.119508
5 0.71625 0.14718799999999999 0.11124999999999996 0.16608
5 0.7846875 0.1436735 0.05687500000000001 0.159051
5 0.8428125 0.155536 0.03187499999999999 0.15289999999999998
5 0.8928125 0.1419155 0.08562500000000006 0.194201
5 0.9396875 0.174868 0.08937499999999998 0.13180999999999998
5 0.9796875 0.122144 0.03937500000000005 0.12653799999999998
2 0.0775 0.2192445 0.04750000000000001 0.039542999999999995
2 0.1234375 0.2719685 0.078125 0.06590499999999999
2 0.16875 0.22627450000000002 0.05374999999999999 0.05360300000000001
