11 0.041875 0.264071 0.03125 0.02157600000000004
11 0.11499999999999999 0.316604 0.04625 0.027204000000000006
11 0.26625 0.2471855 0.017500000000000016 0.027205000000000007
11 0.37593750000000004 0.27157600000000004 0.026875000000000038 0.032833999999999974
11 0.424375 0.2992495 0.0625 0.061912999999999996
11 0.4584375 0.202627 0.02562500000000001 0.02063799999999999
11 0.490625 0.34709199999999996 0.058750000000000024 0.05816199999999999
11 0.4825 0.35975599999999996 0.03874999999999995 0.04596600000000001
11 0.568125 0.2251405 0.04249999999999998 0.03189500000000001
11 0.573125 0.217167 0.040000000000000036 0.023452
11 0.6071875 0.185741 0.03562500000000002 0.026265999999999984
11 0.85625 0.468574 0.0625 0.038461999999999996
