14 0.34125 0.6050195 0.12624999999999997 0.07001299999999999
14 0.3196875 0.6509244999999999 0.03562500000000002 0.025758999999999976
14 0.3234375 0.722259 0.03562500000000002 0.03104400000000007
14 0.3278125 0.686592 0.02937500000000004 0.03236400000000006
14 0.3484375 0.7701454999999999 0.046875 0.06472899999999993
14 0.3721875 0.6885735 0.05312499999999998 0.042933
14 0.37312500000000004 0.646631 0.03875000000000001 0.023777999999999966
14 0.3728125 0.7206075000000001 0.03687499999999999 0.030382999999999938
14 0.815 0.5204755 0.1925 0.15059499999999998
14 0.8134375 0.7820345 0.11812500000000004 0.359313
