5 0.0694185 0.4390625 0.090057 0.09812499999999996
14 0.8461535 0.55625 0.15947500000000003 0.15750000000000003
5 0.0290805 0.4496875 0.058161 0.11312499999999998
5 0.1758915 0.4475 0.07223299999999999 0.08374999999999999
5 0.2321765 0.44218749999999996 0.051594999999999974 0.09062500000000001
5 0.2781425 0.483125 0.12288900000000003 0.06000000000000005
5 0.3194185 0.421875 0.060975 0.03249999999999997
5 0.4066605 0.48124999999999996 0.11350900000000003 0.07374999999999993
5 0.467167 0.43875 0.06941799999999998 0.06624999999999998
5 0.54409 0.45406250000000004 0.12570399999999998 0.08687499999999998
5 0.6144464999999999 0.45999999999999996 0.127579 0.09249999999999997
5 0.685272 0.4603125 0.094746 0.09562500000000007
5 0.7631334999999999 0.45937500000000003 0.09662300000000001 0.09750000000000003
5 0.8386495 0.453125 0.07504699999999997 0.06125000000000003
5 0.9282360000000001 0.48062499999999997 0.130394 0.09249999999999997
5 0.9516884999999999 0.445625 0.09474700000000003 0.13875000000000004
