14 0.2540625 0.63375 0.010625000000000023 0.02749999999999997
14 0.4815625 0.6420835 0.010624999999999996 0.02416700000000005
14 0.49687499999999996 0.284167 0.031249999999999944 0.10999999999999999
14 0.49624999999999997 0.6412500000000001 0.011249999999999982 0.025834000000000024
14 0.5128125 0.6225 0.02187500000000009 0.008333999999999953
14 0.5662499999999999 0.29458300000000004 0.07874999999999999 0.027500000000000024
14 0.71 0.2933335 0.028749999999999942 0.11166700000000002
14 0.7515625 0.6841665 0.023125000000000062 0.05666700000000002
14 0.7815625 0.3129165 0.046875 0.06916699999999998
2 0.1540625 0.76125 0.208125 0.120834
