4 0.511939 0.7767915 0.21967600000000004 0.129359
2 0.078319 0.9800255 0.156638 0.038680999999999965
4 0.1141355 0.789474 0.228271 0.13316400000000006
4 0.190067 0.6905515 0.133716 0.112873
4 0.3213945 0.6185795000000001 0.241643 0.09575100000000003
4 0.3447945 0.9226380000000001 0.23686699999999997 0.15345599999999993
4 0.350525 0.5615095 0.19293200000000005 0.08053299999999997
4 0.3868195 0.5187065 0.20821299999999998 0.07355699999999998
4 0.422636 0.47083050000000004 0.197708 0.07165500000000008
4 0.6466095000000001 0.6366514999999999 0.1623690000000001 0.10399499999999995
4 0.7511939999999999 0.9311985 0.350526 0.13633499999999998
4 0.6384909999999999 0.3376665 0.115568 0.05136299999999999
4 0.6298945 0.4540265 0.08691499999999996 0.063411
4 0.6723975 0.41883349999999997 0.16236899999999999 0.06150899999999998
4 0.767908 0.5434365 0.14135600000000004 0.08243500000000004
4 0.824737 0.812619 0.1977080000000001 0.13506600000000002
4 0.840974 0.4701965 0.10792800000000002 0.07165500000000002
4 0.8720155 0.4137605 0.08213900000000007 0.05263100000000004
4 0.9331425 0.7102094999999999 0.13180499999999995 0.11794500000000008
4 0.9374405 0.182942 0.04871099999999995 0.03234000000000001
4 0.9675265 0.60241 0.06303700000000001 0.10906799999999994
4 0.9765999999999999 0.5025365 0.044889999999999985 0.07038700000000003
