1 0.8984375 0.900094 0.19062500000000004 0.17917400000000006
2 0.2878125 0.9071294999999999 0.13187500000000002 0.13320900000000002
2 0.0159375 0.8681989999999999 0.031875 0.027203999999999895
2 0.159375 0.868668 0.037500000000000006 0.015009999999999968
2 0.2328125 0.871482 0.018125000000000002 0.016885999999999957
2 0.385625 0.8846155 0.06625000000000003 0.07692300000000007
2 0.45406250000000004 0.879456 0.029374999999999984 0.03658600000000001
2 0.4759375 0.8780490000000001 0.011875000000000024 0.020638000000000045
2 0.4984375 0.8855535 0.038124999999999964 0.04878099999999996
2 0.53375 0.880863 0.01375000000000004 0.018762000000000056
2 0.65875 0.904784 0.1050000000000001 0.10975599999999996
2 0.7346874999999999 0.8864915 0.041874999999999996 0.046904999999999974
2 0.778125 0.8752344999999999 0.02124999999999999 0.01313299999999995
2 0.9065624999999999 0.902908 0.17812499999999998 0.160412
