5 0.9137500000000001 0.452031 0.14750000000000008 0.217804
0 0.5665625000000001 0.519879 0.23687500000000006 0.235956
5 0.12 0.2454625 0.24 0.490925
5 0.585 0.344425 0.30875 0.25497000000000003
5 0.7849999999999999 0.4585135 0.0675 0.168539
5 0.8496874999999999 0.4503025 0.08687499999999992 0.15903100000000003
2 0.036875000000000005 0.47363900000000003 0.04125 0.022471999999999992
2 0.111875 0.4844425 0.03499999999999999 0.023336999999999997
2 0.4078125 0.511668 0.083125 0.039758000000000016
2 0.704375 0.5445115 0.05625000000000002 0.055315
2 0.7646875 0.558773 0.09187500000000004 0.050993999999999984
