0 0.5087515 0.517757 0.6067670000000001 0.343926
5 0.1767795 0.19345800000000002 0.10851899999999999 0.11028000000000002
5 0.26779450000000005 0.20186900000000002 0.03850700000000001 0.06728999999999999
5 0.315636 0.197196 0.06417800000000001 0.102804
5 0.536173 0.20186900000000002 0.10618400000000006 0.205608
5 0.6668609999999999 0.2168225 0.11085200000000006 0.056074999999999986
5 0.7193700000000001 0.1906545 0.057176000000000005 0.100935
5 0.8039675 0.17757 0.07467900000000005 0.15700999999999998
5 0.8500585 0.088785 0.05250900000000003 0.069158
2 0.9002335 0.161682 0.17852899999999994 0.11027999999999999
