14 0.7866665 0.349167 0.286667 0.17500000000000004
2 0.0144445 0.649167 0.013333000000000001 0.015000000000000013
2 0.194444 0.6191665 0.01999999999999999 0.028333000000000053
2 0.2322225 0.613333 0.033333 0.020000000000000018
2 0.35666699999999996 0.6908335 0.06 0.061666999999999916
2 0.5055555 0.61 0.031111 0.033333999999999975
2 0.5666665 0.5816669999999999 0.013332999999999928 0.029999999999999916
2 0.613889 0.5533335 0.007778000000000063 0.026666999999999996
2 0.6294445 0.5516665000000001 0.007777000000000034 0.023332999999999937
2 0.6377775 0.5508335 0.01333300000000004 0.018333000000000044
2 0.647222 0.5358335000000001 0.014444000000000012 0.008333000000000035
2 0.6555555 0.5433335 0.013332999999999928 0.016666999999999987
2 0.683889 0.625 0.04555600000000004 0.056666000000000105
2 0.7222225 0.5449999999999999 0.08666700000000005 0.04999999999999993
2 0.736111 0.5925 0.03444400000000003 0.05166599999999999
2 0.7572224999999999 0.650833 0.061111000000000026 0.07499999999999996
2 0.770556 0.5841665 0.030000000000000027 0.04166700000000001
2 0.7833330000000001 0.515 0.01777799999999996 0.01666600000000007
2 0.7927774999999999 0.5383335 0.02111099999999999 0.03333300000000006
2 0.807222 0.5941665 0.04555599999999993 0.05833300000000008
2 0.81 0.56 0.026665999999999968 0.036665999999999976
2 0.837778 0.5025 0.020000000000000018 0.01833399999999996
2 0.88 0.6366665 0.08000000000000007 0.093333
