11 0.2546875 0.3153195 0.02687500000000001 0.023497000000000046
11 0.24812499999999998 0.3148495 0.009999999999999981 0.022556999999999994
11 0.298125 0.3735905 0.04750000000000004 0.03289500000000001
11 0.30843750000000003 0.3157895 0.02437499999999998 0.01691699999999996
11 0.44437499999999996 0.3421055 0.044999999999999984 0.030074999999999963
11 0.50875 0.3641915 0.04874999999999996 0.021616999999999997
11 0.57875 0.335056 0.040000000000000036 0.02537600000000001
11 0.6196875 0.337406 0.016875000000000084 0.009398000000000017
11 0.6228125 0.3350565 0.01187500000000008 0.01409699999999997
11 0.65 0.3594925 0.04125000000000001 0.019737000000000005
11 0.6928125 0.343045 0.010624999999999996 0.013158000000000003
11 0.7471875 0.32095850000000004 0.015625 0.015976999999999963
11 0.8400000000000001 0.3632515 0.04749999999999999 0.019737000000000005
11 0.8553125 0.301692 0.024375000000000036 0.01127800000000001
11 0.86125 0.30216149999999997 0.02124999999999999 0.017856999999999956
11 0.9299999999999999 0.342105 0.008749999999999925 0.01127800000000001
11 0.95875 0.3547935 0.04625000000000001 0.021616999999999997
5 0.3103125 0.243891 0.44437499999999996 0.487782
5 0.819375 0.2152255 0.36 0.430451
5 0.749375 0.161184 0.19500000000000006 0.322368
