0 0.49593750000000003 0.4681395 0.535625 0.881903
5 0.054375 0.429057 0.1025 0.35684000000000005
5 0.201875 0.511045 0.26875 0.305012
2 0.0671875 0.615548 0.074375 0.036534000000000066
2 0.16343749999999999 0.7149535 0.184375 0.206457
2 0.16749999999999998 0.617247 0.05124999999999999 0.03993200000000008
2 0.21781250000000002 0.6104505 0.024375000000000008 0.03653299999999993
2 0.25625 0.6113 0.05249999999999996 0.045030000000000014
2 0.7771875 0.6529315 0.038124999999999964 0.0909089999999999
2 0.8925000000000001 0.6321155 0.07999999999999996 0.090059
