14 0.910569 0.4664775 0.04502799999999996 0.06798900000000002
5 0.012195 0.36732750000000003 0.02439 0.15486300000000003
5 0.15103149999999999 0.515581 0.06691699999999999 0.26817799999999997
5 0.201376 0.509915 0.04502800000000001 0.23796
5 0.230144 0.5236075 0.051281999999999994 0.187913
5 0.268918 0.5103869999999999 0.04878000000000002 0.19735599999999998
5 0.3061285 0.4678945 0.038149000000000044 0.201133
5 0.36616649999999995 0.456563 0.118199 0.223796
5 0.492495 0.3649665 0.11945000000000006 0.516525
5 0.522514 0.33475 0.143214 0.6695
5 0.5021885 0.40226649999999997 0.046279000000000015 0.08120900000000003
5 0.6404004999999999 0.46033999999999997 0.04627900000000007 0.220018
5 0.731395 0.49150099999999997 0.05941200000000002 0.13125599999999998
5 0.7826765 0.46931049999999996 0.03814899999999999 0.09065099999999998
5 0.8427145 0.5273840000000001 0.07942499999999997 0.250236
