8 0.1884765 0.6562095 0.089843 0.060130999999999935
8 0.268066 0.526144 0.06933600000000001 0.12941199999999997
8 0.359863 0.4928105 0.04199200000000003 0.04967299999999997
8 0.430664 0.5745100000000001 0.058594000000000035 0.09280999999999995
8 0.529785 0.612418 0.05566400000000005 0.10588200000000003
8 0.6308595 0.6117645 0.06835900000000006 0.06535900000000006
8 0.7451175000000001 0.666667 0.06445299999999998 0.12287599999999999
8 0.974121 0.6666665 0.04980399999999996 0.13071899999999992
5 0.4995115 0.185621 0.999023 0.371242
5 0.037109500000000004 0.118954 0.042969 0.237908
