14 0.26249999999999996 0.29875 0.013749999999999984 0.04249999999999998
14 0.26375000000000004 0.34750000000000003 0.013749999999999984 0.048334000000000044
14 0.28031249999999996 0.33999999999999997 0.01687500000000003 0.02999999999999997
14 0.33906250000000004 0.186667 0.05937500000000001 0.11499999999999999
14 0.4221875 0.31625000000000003 0.015625 0.02916599999999997
14 0.9096875 0.21625 0.06312499999999999 0.139166
5 0.3575 0.2058335 0.715 0.411667
5 0.8559375 0.185 0.286875 0.37
2 0.0246875 0.421667 0.049375 0.06
2 0.1221875 0.40125 0.02562500000000001 0.02749999999999997
