14 0.0503125 0.0666665 0.098125 0.133333
14 0.28312499999999996 0.40958300000000003 0.013749999999999984 0.03750000000000003
14 0.6471875 0.4045835 0.024375000000000036 0.034167
5 0.2803125 0.3129165 0.560625 0.625833
5 0.42937499999999995 0.38958349999999997 0.08124999999999999 0.13083300000000003
5 0.5325 0.34875 0.11249999999999999 0.224166
5 0.6018749999999999 0.2925 0.12374999999999992 0.26
5 0.7296875 0.3570835 0.14437500000000003 0.265833
5 0.805 0.345 0.08374999999999999 0.268334
5 0.87625 0.3133335 0.14375000000000004 0.14333300000000002
