8 0.4196875 0.5845385000000001 0.101875 0.08787500000000004
8 0.030625 0.694105 0.06125 0.11568400000000001
8 0.143125 0.630145 0.053750000000000006 0.12124600000000008
8 0.23 0.701891 0.10625000000000001 0.2914340000000001
8 0.5346875 0.6151275 0.11437500000000006 0.19577300000000009
8 0.5090625 0.46051149999999996 0.03437499999999999 0.100111
8 0.6121875 0.5355955 0.05687500000000001 0.16351500000000002
8 0.64625 0.5161290000000001 0.07000000000000006 0.07118999999999998
8 0.6896875 0.5172415 0.03687499999999999 0.12680699999999995
8 0.733125 0.5278085 0.05249999999999999 0.14349299999999993
