2 0.935 0.938086 0.13 0.10881799999999997
0 0.18656250000000002 0.8827389999999999 0.318125 0.23264600000000002
5 0.0221875 0.7692304999999999 0.044375 0.138837
5 0.0259375 0.1055345 0.051875 0.211069
5 0.16 0.499531 0.20500000000000002 0.999062
5 0.2584375 0.5450285 0.045625 0.46716699999999994
5 0.28 0.663227 0.05624999999999997 0.22326400000000002
5 0.3115625 0.6486864999999999 0.046875 0.2673549999999999
5 0.32125000000000004 0.5515950000000001 0.06124999999999997 0.673546
5 0.3359375 0.6712009999999999 0.03937500000000005 0.265478
5 0.3596875 0.5469045 0.06687500000000002 0.686679
5 0.38187499999999996 0.730769 0.04250000000000004 0.32270200000000004
5 0.3928125 0.5084425 0.06437500000000002 0.797373
5 0.41093749999999996 0.7218575 0.05937500000000001 0.363039
5 0.43656249999999996 0.500938 0.06437500000000002 0.829268
5 0.473125 0.5032835 0.11125000000000007 0.8846149999999999
5 0.5303125 0.478893 0.125625 0.957786
5 0.60375 0.477955 0.12125000000000008 0.95591
5 0.825625 0.576454 0.1362500000000001 0.790806
2 0.3746875 0.9193245 0.06062500000000004 0.05065699999999995
2 0.4425 0.9221385 0.08374999999999999 0.05628500000000003
