0 0.494375 0.5470365 0.41500000000000004 0.651929
5 0.043125 0.369238 0.08625 0.200376
5 0.0503125 0.44826 0.100625 0.258702
5 0.1390625 0.45672650000000004 0.166875 0.26058300000000006
5 0.1109375 0.3226715 0.07687500000000001 0.08090299999999995
5 0.185 0.383819 0.14875000000000002 0.148636
5 0.28125 0.36171200000000003 0.10499999999999998 0.185324
5 0.305 0.38099700000000003 0.057499999999999996 0.14299199999999995
5 0.369375 0.3259645 0.15875 0.26810900000000004
5 0.5278125 0.193321 0.19812499999999994 0.185324
5 0.666875 0.383349 0.20500000000000007 0.426152
5 0.8340624999999999 0.44731849999999995 0.21187499999999992 0.28316099999999994
5 0.7846875 0.3555975 0.06187500000000001 0.10724299999999998
5 0.873125 0.4877705 0.1975 0.19096899999999994
5 0.9496875 0.515522 0.09937499999999999 0.14299200000000006
5 0.9540625 0.39793 0.09062500000000007 0.161806
