12 0.313125 0.666667 0.2075 0.52919
12 0.056875 0.336158 0.11375 0.3258
12 0.110625 0.7627120000000001 0.15749999999999997 0.4500940000000001
12 0.13624999999999998 0.3196795 0.07499999999999998 0.324859
12 0.21968749999999998 0.7038605 0.180625 0.36252299999999993
12 0.19718750000000002 0.309793 0.081875 0.224106
12 0.24906250000000002 0.26883250000000003 0.08312500000000003 0.260829
12 0.338125 0.26883199999999996 0.06374999999999997 0.272128
12 0.4040625 0.2561205 0.044375 0.305085
12 0.446875 0.608286 0.08500000000000002 0.39171400000000006
12 0.4703125 0.242467 0.07687500000000003 0.30414399999999997
12 0.5090625 0.554143 0.083125 0.41902
12 0.5725 0.5310735 0.06374999999999997 0.36534900000000003
12 0.568125 0.2165725 0.05249999999999999 0.24105500000000002
12 0.6481250000000001 0.5461395 0.0824999999999999 0.38418100000000005
12 0.6540625 0.1558385 0.08562500000000006 0.185499
12 0.7 0.530132 0.11875000000000002 0.34275
12 0.761875 0.53484 0.10499999999999998 0.32956599999999997
12 0.81 0.5061205 0.1037499999999999 0.36817300000000003
12 0.8628125 0.481638 0.08562500000000006 0.36629
12 0.8928125 0.3399245 0.06187500000000001 0.299435
12 0.933125 0.329567 0.08374999999999999 0.31261799999999995
