14 0.473125 0.442017 0.013749999999999984 0.06386599999999998
14 0.5559375 0.2747895 0.02312499999999995 0.06722699999999998
14 0.7403125 0.4264705 0.015625 0.01932700000000004
14 0.7728125 0.4231095 0.016874999999999973 0.022689000000000015
14 0.7771874999999999 0.454202 0.018125000000000058 0.029411999999999994
14 0.8865624999999999 0.30672299999999997 0.051875000000000004 0.09915999999999997
2 0.34781249999999997 0.684454 0.24812499999999998 0.16554599999999997
2 0.354375 0.498319 0.05125000000000002 0.030252000000000057
2 0.36125 0.5378155 0.0625 0.05210099999999995
2 0.359375 0.49579799999999996 0.04874999999999996 0.015125999999999973
2 0.4075 0.5079835 0.03750000000000003 0.04285699999999998
