2 0.3190625 0.3545835 0.21187499999999998 0.12916700000000003
14 0.21781250000000002 0.3370835 0.024375000000000008 0.029167
14 0.335625 0.10583300000000001 0.036250000000000004 0.015
14 0.44937499999999997 0.23125 0.07500000000000001 0.085834
14 0.47875 0.264167 0.026249999999999996 0.015000000000000013
14 0.5253125 0.17041699999999999 0.02562500000000001 0.017499999999999988
14 0.574375 0.29000000000000004 0.012499999999999956 0.018334000000000017
14 0.6790624999999999 0.24916700000000003 0.05312499999999998 0.095
14 0.725625 0.0708335 0.07874999999999999 0.106667
14 0.7215625 0.158333 0.06687500000000002 0.07500000000000001
14 0.8103125 0.105833 0.05062499999999992 0.15
14 0.9459375 0.255 0.01937499999999992 0.061666
2 0.5384374999999999 0.3275 0.06187500000000001 0.04833399999999999
2 0.635625 0.3158335 0.04249999999999998 0.05166700000000002
2 0.6746875 0.3275 0.06062499999999993 0.05166599999999999
