8 0.388125 0.7495835 0.008750000000000036 0.010832999999999982
8 0.401875 0.7495835 0.0050000000000000044 0.010832999999999982
8 0.419375 0.7462500000000001 0.011249999999999982 0.014166000000000012
8 0.4309375 0.7495835 0.011875000000000024 0.01416699999999993
8 0.4978125 0.757917 0.016874999999999973 0.01749999999999996
8 0.5178125 0.7525 0.018124999999999947 0.01666599999999996
8 0.8190625 0.9004165 0.09437499999999999 0.12083300000000008
8 0.9215625000000001 0.8716665 0.083125 0.08166699999999993
5 0.1465625 0.46875 0.293125 0.33749999999999997
5 0.31125 0.613333 0.24000000000000002 0.20999999999999996
5 0.7659374999999999 0.575833 0.46687500000000004 0.4149999999999999
