11 0.025 0.022445 0.05 0.04489
11 0.0675 0.155205 0.05375 0.041069999999999995
11 0.07843750000000001 0.277937 0.073125 0.05157600000000001
11 0.0940625 0.040592 0.080625 0.03916
11 0.1584375 0.2870105 0.071875 0.052530999999999994
11 0.3353125 0.117956 0.033125000000000016 0.04107000000000001
11 0.489375 0.23973250000000002 0.16625 0.064947
11 0.56375 0.063515 0.05625000000000002 0.05635199999999999
11 0.7140625 0.159503 0.09312500000000001 0.03629399999999999
11 0.9621875 0.080229 0.07437499999999997 0.04775600000000001
