0 0.519531 0.5833335 0.604688 0.577083
5 0.1597655 0.453125 0.319531 0.354166
5 0.378125 0.27708350000000004 0.12187599999999998 0.035416999999999976
5 0.8070314999999999 0.396875 0.384375 0.179166
5 0.908203 0.5651039999999999 0.18203199999999997 0.17604199999999998
2 0.041797 0.6729164999999999 0.083594 0.10208300000000003
2 0.09257850000000001 0.6708335000000001 0.099219 0.10416700000000001
2 0.1792965 0.6609375 0.11796899999999999 0.11562499999999998
2 0.876172 0.6651045 0.042968000000000006 0.034375000000000044
2 0.9726565 0.6604165 0.03906299999999996 0.02083299999999999
