5 0.1040625 0.3095835 0.140625 0.214167
5 0.303125 0.3020835 0.07749999999999996 0.200833
5 0.34843749999999996 0.35791649999999997 0.013124999999999998 0.07583299999999998
5 0.39249999999999996 0.3533335 0.03875000000000001 0.10333300000000001
5 0.4459375 0.3479165 0.029374999999999984 0.14083299999999999
5 0.5021875 0.36416649999999995 0.018125000000000002 0.091667
5 0.5259375 0.3675 0.016875000000000084 0.16333399999999998
5 0.625 0.35583299999999995 0.03624999999999989 0.20500000000000002
5 0.6821875 0.3625 0.01937500000000003 0.10499999999999998
5 0.8140624999999999 0.39416650000000003 0.135625 0.426667
5 0.9509375 0.65625 0.09687500000000004 0.4375
10 0.8178125 0.5245835000000001 0.07187500000000002 0.02083299999999999
