8 0.6535335 0.533203 0.14509100000000008 0.07734400000000002
8 0.268293 0.5996095 0.16010000000000002 0.23203099999999993
8 0.39493449999999997 0.7519534999999999 0.115697 0.10703099999999999
8 0.4299565 0.466406 0.029393000000000002 0.01718799999999998
8 0.5118825 0.7023440000000001 0.10694100000000001 0.09999999999999998
5 0.183865 0.1808595 0.36773 0.361719
5 0.2970605 0.14375 0.112571 0.120312
5 0.633208 0.1671875 0.404628 0.334375
5 0.8677295 0.1808595 0.15322099999999994 0.361719
5 0.944966 0.175781 0.10881799999999997 0.351562
