1 0.8396874999999999 0.6406395 0.28937500000000005 0.556915
5 0.22125 0.620414 0.05125000000000002 0.08748800000000001
5 0.284375 0.612888 0.07374999999999998 0.10818400000000006
5 0.36031250000000004 0.6030105 0.021875000000000033 0.101599
5 0.4134375 0.5644405 0.04562500000000003 0.118533
5 0.579375 0.5752585 0.11375000000000002 0.12699900000000008
5 0.67875 0.585607 0.05125000000000002 0.06679199999999996
1 0.11375 0.6453435 0.2275 0.462841
1 0.438125 0.610066 0.0625 0.273754
1 0.5003124999999999 0.6185325 0.13812499999999994 0.33772300000000005
