2 0.3499995 0.884375 0.20312500000000003 0.11562399999999995
0 0.350781 0.8789065 0.189062 0.11093699999999995
0 0.749219 0.900781 0.17343799999999998 0.145312
2 0.5828125 0.955469 0.05937500000000007 0.04843799999999998
2 0.6242185 0.9789065 0.07343699999999997 0.03906300000000007
2 0.794531 0.8023435000000001 0.03906199999999993 0.035937
2 0.8195315 0.841406 0.03281299999999998 0.04531200000000002
2 0.835156 0.7679685 0.042188 0.029686999999999908
2 0.838281 0.803906 0.035937999999999914 0.029687999999999937
2 0.8609375 0.7429684999999999 0.02500100000000005 0.02343700000000004
2 0.86875 0.776563 0.018750000000000044 0.03125
