1 0.7953125000000001 0.677531 0.29312499999999997 0.31484
5 0.06375 0.35853 0.1275 0.71706
5 0.4996875 0.3869625 0.999375 0.773925
5 0.10375 0.332871 0.1675 0.665742
5 0.13968750000000002 0.291262 0.144375 0.582524
5 0.24281250000000001 0.3016645 0.19437500000000002 0.603329
5 0.30874999999999997 0.2718445 0.19124999999999998 0.543689
5 0.4028125 0.292649 0.269375 0.535368
5 0.436875 0.409154 0.19124999999999998 0.35783600000000004
5 0.48624999999999996 0.347434 0.15375 0.39250999999999997
5 0.600625 0.3751735 0.15249999999999997 0.278779
5 0.7128125000000001 0.4875175 0.135625 0.46463299999999996
5 0.7121875 0.3453535 0.12437500000000001 0.338419
5 0.7909375 0.396671 0.12062499999999998 0.377254
5 0.8425 0.23509000000000002 0.09499999999999997 0.276006
5 0.9215625000000001 0.2614425 0.155625 0.522885
