1 0.2503125 0.6976745 0.186875 0.21638100000000005
5 0.06875 0.4666325 0.07125 0.397371
5 0.061875 0.5743175 0.0425 0.14964699999999997
5 0.1584375 0.464611 0.179375 0.48837200000000003
5 0.1828125 0.5222445 0.135625 0.5429729999999999
5 0.2 0.577351 0.09375 0.22649200000000003
5 0.24812499999999998 0.571284 0.0925 0.26693600000000006
5 0.2828125 0.534884 0.06937499999999999 0.149646
5 0.3396875 0.5141555 0.114375 0.393327
5 0.5121875 0.5075835 0.184375 0.535895
2 0.111875 0.719919 0.09875 0.11122399999999999
2 0.41625 0.7022245 0.08750000000000002 0.09807900000000003
2 0.49593750000000003 0.7178964999999999 0.11312499999999998 0.12335700000000005
