5 0.1746875 0.531667 0.224375 0.465
10 0.7168749999999999 0.5091669999999999 0.21499999999999997 0.09999999999999998
11 0.34750000000000003 0.625417 0.13625000000000004 0.0625
5 0.049375 0.54375 0.09875 0.32583400000000007
5 0.3403125 0.4316665 0.13437499999999997 0.218333
5 0.4596875 0.49916649999999996 0.13812500000000005 0.26666699999999993
5 0.5296875 0.67875 0.161875 0.22750000000000004
5 0.576875 0.487917 0.08999999999999997 0.23749999999999993
5 0.8459375 0.53 0.09437499999999999 0.15666600000000003
5 0.903125 0.51875 0.08124999999999993 0.14750000000000002
5 0.9606250000000001 0.51875 0.07750000000000001 0.14083400000000001
