1 0.51875 0.55875 0.3325000000000001 0.20083399999999996
2 0.0946875 0.5354165 0.189375 0.06583300000000003
2 0.24593749999999998 0.5420834999999999 0.009374999999999994 0.02416699999999994
2 0.2584375 0.54625 0.02812500000000001 0.03416599999999992
2 0.2965625 0.5491665 0.038124999999999964 0.0416669999999999
2 0.33843749999999995 0.5495829999999999 0.049375 0.02749999999999997
2 0.348125 0.5570835000000001 0.03250000000000003 0.03916700000000006
2 0.5175000000000001 0.55375 0.31625000000000003 0.184166
2 0.6996875 0.5825 0.05812499999999998 0.04833399999999999
2 0.8559375 0.5933335 0.259375 0.06333299999999997
