2 0.21812499999999999 0.6866665000000001 0.415 0.591667
11 0.26749999999999996 0.5933335 0.03999999999999998 0.043332999999999955
11 0.39875 0.362917 0.05625000000000002 0.02749999999999997
11 0.5228125 0.304583 0.05187499999999995 0.01749999999999996
11 0.6359375 0.34791700000000003 0.05062500000000003 0.017500000000000016
11 0.7209375 0.3454165 0.05312500000000009 0.025832999999999995
5 0.1090625 0.17125 0.218125 0.3425
5 0.2296875 0.28125 0.291875 0.129166
5 0.5446875 0.1875 0.13187499999999996 0.375
5 0.7703125 0.105 0.09687499999999993 0.21
5 0.9734375 0.2658335 0.051875000000000004 0.146667
2 0.1425 0.48875 0.285 0.28250000000000003
