14 0.035625 0.375 0.07125 0.10166600000000003
14 0.576875 0.4458335 0.01375000000000004 0.008333000000000035
14 0.5774999999999999 0.4304165 0.015000000000000013 0.01916699999999999
14 0.8996875 0.5054164999999999 0.01937500000000003 0.02416699999999994
14 0.9015625 0.4829165 0.02312499999999995 0.030833
2 0.2971875 0.7916665 0.594375 0.40833299999999995
2 0.0396875 0.527083 0.05687500000000001 0.062499999999999944
2 0.455625 0.5483335 0.07374999999999998 0.093333
2 0.5040625 0.5166664999999999 0.05437500000000001 0.053332999999999964
2 0.5165625 0.4095835 0.055625000000000036 0.03916700000000001
2 0.5706249999999999 0.5404169999999999 0.06874999999999998 0.0675
2 0.6268750000000001 0.42083349999999997 0.07500000000000007 0.05166699999999996
2 0.7115625 0.48624999999999996 0.12312499999999993 0.062499999999999944
2 0.763125 0.49333350000000004 0.0837500000000001 0.06166700000000003
2 0.80375 0.499167 0.10875000000000001 0.08500000000000002
2 0.8471875 0.5129165 0.12312499999999993 0.08083299999999999
