5 0.888125 0.42499999999999993 0.14750000000000008 0.343334
0 0.7112499999999999 0.8179165 0.33625000000000005 0.150833
0 0.9199999999999999 0.9308335000000001 0.15875000000000006 0.13666699999999998
5 0.1028125 0.3883335 0.17062499999999997 0.30166699999999996
5 0.3146875 0.37708349999999996 0.209375 0.334167
5 0.54 0.3320835 0.15875 0.279167
5 0.6434375000000001 0.4554165 0.145625 0.28416700000000006
5 0.631875 0.0954165 0.09124999999999994 0.190833
5 0.7734375 0.0741665 0.04937499999999995 0.148333
5 0.8203125 0.27875 0.1043750000000001 0.2825
