6 0.5121875 0.3144365 0.184375 0.416197
5 0.07875 0.0260565 0.06875 0.052113
5 0.155 0.040493 0.04999999999999999 0.080986
5 0.2703125 0.112676 0.16562500000000002 0.225352
5 0.3859375 0.04331 0.06812499999999999 0.08662
5 0.49312500000000004 0.0200705 0.07624999999999998 0.040141
5 0.588125 0.063028 0.05624999999999991 0.126056
5 0.6690625 0.0859155 0.06562500000000004 0.171831
5 0.7381249999999999 0.080986 0.05500000000000005 0.161972
5 0.796875 0.0799295 0.0774999999999999 0.159859
5 0.8828125 0.099648 0.05187499999999989 0.199296
5 0.9690624999999999 0.2080985 0.06062500000000004 0.414789
