5 0.856875 0.384167 0.18000000000000005 0.265
14 0.2971875 0.460417 0.024375000000000036 0.08750000000000002
14 0.4721875 0.5416665 0.02562500000000001 0.036667000000000005
14 0.686875 0.31333350000000004 0.18874999999999997 0.10666700000000001
14 0.673125 0.676667 0.12250000000000005 0.135
14 0.9465625 0.692083 0.10312500000000002 0.1925
14 0.9521875 0.8358335 0.09437499999999999 0.10833300000000001
5 0.1271875 0.2570835 0.254375 0.514167
5 0.38375000000000004 0.2729165 0.3775 0.49583299999999997
5 0.40875 0.4041665 0.10999999999999999 0.156667
5 0.48531250000000004 0.36916699999999997 0.143125 0.265
5 0.6903125 0.4266665 0.17437499999999995 0.156667
5 0.92125 0.419167 0.08250000000000002 0.245
5 0.96875 0.4120835 0.06125000000000003 0.250833
