2 0.204375 0.7030959999999999 0.28875 0.263602
2 0.13375 0.577861 0.1075 0.08067600000000008
2 0.4675 0.5952155 0.14875 0.11726100000000006
2 0.42562500000000003 0.5642585 0.04124999999999995 0.032833
2 0.47250000000000003 0.5525325000000001 0.044999999999999984 0.009380999999999973
2 0.56375 0.576923 0.08250000000000002 0.050656000000000034
2 0.7021875 0.5633205 0.04062500000000002 0.0309569999999999
2 0.8790625 0.5820825000000001 0.02562500000000001 0.032833
4 0.3890625 0.7091935 0.32062499999999994 0.320825
4 0.58125 0.670732 0.17374999999999996 0.21763599999999994
4 0.698125 0.630394 0.10375000000000001 0.15009399999999995
4 0.8171875 0.5741084999999999 0.04437499999999994 0.05628500000000003
