14 0.0990625 0.0999065 0.03937499999999999 0.12101300000000001
14 0.21999999999999997 0.1149155 0.0925 0.030957000000000012
14 0.3246875 0.08583500000000001 0.03687499999999999 0.10788
14 0.390625 0.4577865 0.015000000000000013 0.052532999999999996
14 0.3984375 0.370544 0.02312499999999995 0.05816199999999999
14 0.40156250000000004 0.296435 0.02812500000000001 0.06941799999999998
14 0.468125 0.35881799999999997 0.03375 0.07410800000000001
14 0.47843749999999996 0.415572 0.014374999999999971 0.04502799999999996
14 0.5078125 0.415572 0.04187500000000005 0.016885999999999957
14 0.5571875 0.40478400000000003 0.015625 0.04221400000000003
5 0.02 0.184334 0.04 0.368668
5 0.15375 0.2978425 0.24375000000000002 0.595685
5 0.2946875 0.0820825 0.248125 0.164165
5 0.35875 0.34052550000000004 0.16125 0.360225
5 0.7171875 0.499531 0.5643750000000001 0.999062
5 0.5278125 0.5070355 0.06937500000000002 0.11913699999999999
