1 0.755371 0.7108345 0.31543 0.534407
5 0.061035 0.543192 0.09668 0.24597399999999997
5 0.1279295 0.566618 0.04296899999999999 0.16398200000000002
5 0.1723635 0.6171305 0.04003899999999999 0.12152300000000005
5 0.198242 0.601757 0.023438000000000014 0.12298600000000004
5 0.246582 0.6522695000000001 0.041991999999999974 0.14787699999999993
5 0.2768555 0.633236 0.057617 0.139092
5 0.3149415 0.6654465 0.034179000000000015 0.15080499999999997
5 0.3686525 0.68448 0.02636700000000003 0.14202000000000004
5 0.3930665 0.689605 0.032227000000000006 0.08784800000000004
5 0.42529249999999996 0.7196195000000001 0.02246100000000001 0.08345499999999995
5 0.936035 0.6398245 0.12597599999999998 0.4890189999999999
