14 0.3103125 0.621111 0.28937500000000005 0.56
14 0.2375 0.8 0.05500000000000002 0.10444399999999998
5 0.08375 0.2494445 0.1675 0.498889
5 0.20500000000000002 0.308889 0.25625 0.617778
5 0.45781249999999996 0.277778 0.22437499999999994 0.555556
5 0.6146875 0.261111 0.13312500000000005 0.22000000000000003
5 0.621875 0.41388900000000006 0.09875 0.23000000000000004
5 0.67625 0.19611099999999998 0.06374999999999997 0.245556
5 0.7025 0.3794445 0.08374999999999999 0.29444499999999996
5 0.7525 0.196111 0.06500000000000006 0.22333399999999998
5 0.8628125 0.37333299999999997 0.239375 0.36
