0 0.2258065 0.18843749999999998 0.315413 0.20812499999999998
0 0.2268815 0.0534375 0.21146900000000002 0.058125
0 0.310036 0.1490625 0.303226 0.180625
0 0.3021505 0.0321875 0.18996500000000002 0.049375
0 0.40609300000000004 0.1190625 0.30322600000000005 0.15562499999999999
0 0.662724 0.5471875 0.648746 0.755625
0 0.536559 0.07718749999999999 0.28171999999999997 0.133125
0 0.588172 0.0603125 0.23727600000000004 0.119375
0 0.651971 0.048125 0.25448000000000004 0.09625
0 0.89319 0.17625 0.21218599999999999 0.14
