1 0.2603125 0.5070835 0.218125 0.17416700000000002
2 0.603125 0.56875 0.22000000000000003 0.15416599999999997
5 0.03375 0.3383335 0.0675 0.5133329999999999
5 0.08499999999999999 0.5183329999999999 0.1175 0.20499999999999996
5 0.1015625 0.30625 0.12312499999999998 0.280834
5 0.21468749999999998 0.34750000000000003 0.139375 0.21500000000000002
5 0.31062500000000004 0.35333349999999997 0.08124999999999999 0.20333300000000004
5 0.380625 0.396667 0.08124999999999999 0.10999999999999999
5 0.443125 0.4304165 0.0625 0.090833
5 0.5440625 0.4325 0.09062499999999996 0.10666600000000004
5 0.619375 0.3370835 0.23124999999999996 0.32583300000000004
5 0.6775 0.4041665 0.11250000000000004 0.19833300000000004
5 0.7693749999999999 0.4354165 0.07874999999999999 0.149167
5 0.8021875 0.43374999999999997 0.046875 0.1225
5 0.9034375 0.45499999999999996 0.0631250000000001 0.19666599999999995
5 0.96875 0.40625 0.06125000000000003 0.294166
1 0.6140625 0.512083 0.17062499999999992 0.07249999999999995
1 0.6934375 0.5645835 0.329375 0.12916700000000003
