5 0.862778 0.2575 0.25222200000000006 0.41500000000000004
1 0.6383335 0.41166650000000005 0.31666700000000003 0.27666700000000005
5 0.0633335 0.1933335 0.124445 0.386667
5 0.35 0.29833350000000003 0.22888800000000004 0.19666699999999998
5 0.485 0.235 0.061112 0.26
5 0.6333335 0.1508335 0.224445 0.301667
1 0.122778 0.343333 0.014443999999999999 0.040000000000000036
1 0.132222 0.344167 0.017777999999999988 0.04500000000000004
1 0.1533335 0.35 0.033333 0.056665999999999994
1 0.18333300000000002 0.355 0.04000000000000001 0.06
1 0.225556 0.3641665 0.06 0.06833299999999998
1 0.322222 0.3775 0.14 0.15166599999999997
