12 0.61375 0.766111 0.09999999999999998 0.443334
12 0.0390625 0.7783335 0.078125 0.44111100000000003
12 0.0959375 0.13 0.071875 0.237778
12 0.1275 0.7877780000000001 0.10375000000000001 0.422222
12 0.1375 0.48 0.052500000000000005 0.288888
12 0.16375 0.112778 0.06125 0.225556
12 0.19187500000000002 0.854444 0.06625 0.26
12 0.18937500000000002 0.48611099999999996 0.05124999999999999 0.31222199999999994
12 0.22781249999999997 0.117222 0.06687499999999999 0.234444
12 0.23875 0.503889 0.044999999999999984 0.25000000000000006
12 0.268125 0.823889 0.09124999999999997 0.20777800000000002
12 0.29500000000000004 0.116111 0.065 0.232222
12 0.28625 0.515 0.040000000000000036 0.24555599999999994
12 0.3509375 0.11944450000000001 0.08187499999999998 0.225555
12 0.34968750000000004 0.4983335 0.07687499999999997 0.23444500000000001
12 0.44937499999999997 0.7105555 0.19749999999999995 0.33222299999999994
12 0.453125 0.7866664999999999 0.20249999999999996 0.42444500000000007
12 0.39531249999999996 0.5205555 0.080625 0.24777700000000003
12 0.41375 0.1161115 0.06125000000000003 0.218889
12 0.4603125 0.45499999999999996 0.06562499999999999 0.22999999999999993
12 0.47875 0.15833350000000002 0.05624999999999997 0.14333300000000002
12 0.5134375 0.44055600000000006 0.06437500000000002 0.23000000000000004
12 0.5328125 0.158333 0.05687500000000001 0.13
12 0.5559375 0.07166650000000001 0.06687500000000002 0.12111100000000001
12 0.568125 0.4716665 0.05499999999999994 0.25444500000000003
12 0.5915625 0.168889 0.06687500000000002 0.104444
12 0.6275 0.48666699999999996 0.06375000000000008 0.27999999999999997
12 0.65125 0.12777750000000002 0.05249999999999999 0.21333300000000002
12 0.6978125 0.792222 0.125625 0.36222200000000004
12 0.683125 0.488889 0.057499999999999996 0.26666600000000007
12 0.7025 0.1333335 0.06499999999999995 0.184445
12 0.75875 0.801111 0.10124999999999995 0.36666599999999994
12 0.7390625 0.488889 0.048125000000000084 0.26666600000000007
12 0.7718750000000001 0.167778 0.04749999999999999 0.115556
12 0.7903125 0.478333 0.04562500000000003 0.25
12 0.8300000000000001 0.171111 0.053750000000000075 0.126666
12 0.858125 0.815 0.10999999999999999 0.36777800000000005
12 0.8325 0.4833335 0.04625000000000001 0.26888900000000004
12 0.875625 0.466111 0.06000000000000005 0.24333400000000005
12 0.8996875 0.1233335 0.07562500000000005 0.20888900000000002
12 0.920625 0.481667 0.04749999999999999 0.21222200000000002
12 0.965625 0.128889 0.04874999999999996 0.215556
12 0.9709375 0.881111 0.05687500000000001 0.235556
