2 0.888 0.7124395 0.16599999999999993 0.3069470000000001
14 0.152 0.336026 0.10000000000000002 0.07431399999999999
14 0.153 0.2447495 0.102 0.07592900000000002
14 0.1565 0.114701 0.09899999999999999 0.15832000000000002
14 0.387 0.4192245 0.09799999999999998 0.16639699999999996
14 0.39249999999999996 0.545234 0.069 0.06623599999999996
14 0.48850000000000005 0.4951535 0.056999999999999995 0.05331099999999994
14 0.491 0.41680150000000005 0.057999999999999996 0.10339300000000001
14 0.8865000000000001 0.385299 0.09500000000000008 0.153474
14 0.8825000000000001 0.496769 0.06900000000000006 0.059773999999999994
5 0.107 0.5242325 0.17600000000000002 0.16962900000000003
5 0.292 0.43295649999999997 0.10399999999999998 0.084007
5 0.7344999999999999 0.281906 0.18499999999999994 0.25686600000000004
5 0.9510000000000001 0.233441 0.09599999999999997 0.16316600000000003
2 0.244 0.575121 0.06200000000000003 0.06462000000000001
2 0.3685 0.688207 0.17300000000000004 0.14539600000000008
2 0.45999999999999996 0.699515 0.32 0.17124399999999995
