10 0.474947 0.3812 0.41258 0.0696
2 0.0277185 0.138 0.055437 0.0344
2 0.088486 0.4456 0.176972 0.43040000000000006
2 0.1785715 0.2636 0.357143 0.2712
2 0.076226 0.14 0.05010599999999999 0.03040000000000001
2 0.1647125 0.1436 0.141791 0.029600000000000015
2 0.294776 0.15039999999999998 0.10980799999999999 0.04000000000000001
2 0.737207 0.1416 0.041578000000000004 0.02560000000000001
2 0.835821 0.1476 0.15138600000000002 0.026400000000000007
2 0.8427505 0.1432 0.05010700000000001 0.019199999999999995
2 0.884328 0.14600000000000002 0.04584199999999994 0.024800000000000016
2 0.9802770000000001 0.158 0.03731399999999996 0.0504
