2 0.0271875 0.8758334999999999 0.054375 0.043332999999999955
2 0.261875 0.9125 0.52375 0.14833399999999997
2 0.10093750000000001 0.87625 0.10687500000000001 0.07916599999999996
2 0.2153125 0.8766665 0.11312499999999998 0.05833299999999997
2 0.3246875 0.8733335 0.130625 0.05833299999999997
2 0.459375 0.869583 0.11624999999999996 0.0475000000000001
2 0.8465625 0.8566665 0.05812499999999998 0.05666700000000002
2 0.8768750000000001 0.86625 0.07999999999999996 0.07250000000000001
2 0.9303125000000001 0.88 0.08437499999999998 0.08666599999999991
2 0.9746874999999999 0.8945835 0.04937500000000006 0.09083299999999994
4 0.135 0.930417 0.18625 0.09750000000000003
4 0.58125 0.899167 0.24375000000000002 0.16000000000000003
