0 0.5784374999999999 0.507083 0.824375 0.4225
5 0.0146875 0.307917 0.029375 0.01749999999999996
5 0.013125000000000001 0.33375 0.01375 0.017500000000000016
5 0.0553125 0.26666650000000003 0.09812499999999999 0.048333000000000015
5 0.0315625 0.39625 0.019375000000000003 0.02083400000000002
5 0.033437499999999995 0.344583 0.023125 0.027500000000000024
5 0.046875 0.307917 0.011249999999999996 0.01749999999999996
5 0.0934375 0.2916665 0.063125 0.036667000000000005
5 0.06937499999999999 0.3345835 0.012499999999999997 0.025832999999999995
5 0.08687500000000001 0.317917 0.008749999999999994 0.022499999999999964
5 0.1003125 0.33541699999999997 0.018125000000000002 0.027500000000000024
5 0.1028125 0.37625 0.020625000000000004 0.01916599999999996
5 0.110625 0.26708299999999996 0.012500000000000011 0.017500000000000016
5 0.1390625 0.4166665 0.020625000000000004 0.04833299999999996
5 0.1365625 0.2841665 0.013124999999999998 0.016666999999999987
5 0.14218750000000002 0.3425 0.019375000000000003 0.034999999999999976
5 0.1565625 0.40625 0.021875000000000006 0.03749999999999998
5 0.1609375 0.3504165 0.018125000000000002 0.04583300000000001
5 0.1796875 0.27708350000000004 0.05312499999999998 0.024166999999999994
5 0.224375 0.280417 0.023749999999999993 0.017500000000000016
5 0.2484375 0.21708349999999998 0.011875000000000024 0.014167000000000013
5 0.2578125 0.28125 0.015625 0.022499999999999964
5 0.2915625 0.2829165 0.03562500000000002 0.01916699999999999
5 0.2890625 0.2633335 0.018124999999999947 0.016666999999999987
5 0.29656249999999995 0.30041700000000005 0.013124999999999998 0.012500000000000011
5 0.3234375 0.2970835 0.016874999999999973 0.015832999999999986
5 0.3265625 0.269583 0.018125000000000002 0.02250000000000002
5 0.3528125 0.274583 0.019374999999999976 0.02250000000000002
5 0.3853125 0.29791650000000003 0.05812499999999998 0.059167000000000025
5 0.3746875 0.255417 0.016874999999999973 0.022499999999999992
5 0.3840625 0.199583 0.019374999999999976 0.017499999999999988
5 0.379375 0.22541650000000002 0.007500000000000007 0.014167000000000013
5 0.433125 0.2504165 0.044999999999999984 0.035832999999999976
5 0.4340625 0.17125 0.01687500000000003 0.015833999999999987
5 0.438125 0.3054165 0.016249999999999987 0.03916700000000001
5 0.4671875 0.30708349999999995 0.02562500000000001 0.029167
5 0.4709375 0.23666700000000002 0.010624999999999996 0.014999999999999986
5 0.4815625 0.27375 0.015625 0.02749999999999997
5 0.5028125 0.2379165 0.024375000000000036 0.024166999999999994
5 0.5021875 0.2904165 0.02062499999999995 0.025832999999999995
5 0.5396875000000001 0.302083 0.020625000000000004 0.022499999999999964
5 0.5634375 0.3004165 0.021874999999999978 0.025832999999999995
5 0.5796875 0.2270835 0.013125000000000053 0.02083299999999999
5 0.6346875000000001 0.2041665 0.06312499999999999 0.05333300000000002
5 0.6346875 0.16291699999999998 0.014375000000000027 0.022499999999999992
5 0.6865625 0.2520835 0.02312499999999995 0.01916699999999999
5 0.7134375 0.27125 0.01937500000000003 0.029166000000000025
5 0.7396875 0.24958349999999999 0.030625000000000013 0.024166999999999994
5 0.745 0.29083349999999997 0.03125 0.038333000000000006
5 0.765625 0.2429165 0.010000000000000009 0.024166999999999994
5 0.7828125 0.19374999999999998 0.014375000000000027 0.0325
5 0.8534375000000001 0.1625 0.010624999999999996 0.015000000000000013
5 0.9209375 0.1720835 0.01937500000000003 0.030833
5 0.944375 0.1625 0.008750000000000036 0.015000000000000013
5 0.9753125 0.1566665 0.014375000000000027 0.016667000000000015
