11 0.2053125 0.4954165 0.073125 0.044166999999999956
11 0.41000000000000003 0.6879165 0.05499999999999999 0.04083300000000001
11 0.6625 0.4916665 0.08125000000000004 0.05166699999999996
11 0.8209375 0.3975 0.08812500000000001 0.058334
2 0.218125 0.6041665 0.43625 0.251667
2 0.4996875 0.74875 0.999375 0.499166
2 0.4671875 0.5883335000000001 0.286875 0.15333300000000005
2 0.5603125 0.468333 0.17312499999999997 0.09000000000000002
2 0.840625 0.44999999999999996 0.26625 0.10166599999999998
2 0.7603125 0.44 0.06437499999999996 0.066666
