8 0.6822220000000001 0.6166665 0.12 0.19333299999999998
8 0.071111 0.585 0.097778 0.07666600000000001
8 0.18 0.5233335 0.097778 0.11333299999999996
8 0.2722225 0.5916669999999999 0.11333299999999999 0.08999999999999997
8 0.395556 0.5733330000000001 0.08000000000000002 0.12
8 0.48111099999999996 0.5566665 0.06 0.10666699999999996
8 0.565556 0.588333 0.09999999999999998 0.09000000000000008
8 0.7755555000000001 0.6399999999999999 0.06666699999999992 0.046665999999999985
8 0.851111 0.605 0.07555600000000007 0.063334
8 0.941111 0.6316664999999999 0.08666600000000002 0.11666699999999997
