9 0.12968749999999998 0.325047 0.14812499999999998 0.26923
9 0.32156250000000003 0.37335850000000004 0.178125 0.311445
9 0.375625 0.164634 0.05625000000000002 0.113508
9 0.4321875 0.2631335 0.07187500000000002 0.12288899999999997
9 0.5071875 0.41322699999999996 0.18562499999999998 0.342402
9 0.4578125 0.20590999999999998 0.04062500000000002 0.10412799999999997
9 0.555625 0.29737349999999996 0.16249999999999998 0.22514099999999998
9 0.6334375000000001 0.2429645 0.08437499999999998 0.148217
9 0.778125 0.4080675 0.24874999999999992 0.30769300000000005
9 0.858125 0.19230799999999998 0.04749999999999999 0.11069399999999999
