5 0.08006550000000001 0.300654 0.12091500000000001 0.49673199999999995
14 0.276144 0.2818625 0.21895399999999998 0.080065
14 0.279412 0.3553925 0.22548999999999997 0.08333299999999999
14 0.28268000000000004 0.43137250000000005 0.232026 0.07189499999999999
14 0.6707515 0.2181375 0.31535900000000006 0.125817
14 0.6699345 0.29820250000000004 0.30065300000000006 0.102941
14 0.6723855 0.387255 0.305555 0.08823599999999998
14 0.6740195 0.4779415 0.305555 0.09967299999999996
14 0.6830065000000001 0.5808825 0.287581 0.09313700000000003
5 0.5620915 0.2818625 0.872549 0.563725
