2 0.9265625 0.559266 0.140625 0.3019760000000001
8 0.33906250000000004 0.5555034999999999 0.05562499999999998 0.10065899999999994
8 0.3875 0.6166510000000001 0.04249999999999998 0.09689599999999998
8 0.4603125 0.6599245 0.029374999999999984 0.04797700000000005
8 0.5334375 0.559266 0.04937499999999995 0.046096000000000026
8 0.59 0.6458135 0.050000000000000044 0.042333000000000065
8 0.649375 0.6185324999999999 0.04375000000000007 0.05362100000000003
8 0.6975 0.5714954999999999 0.040000000000000036 0.098777
8 0.7109375 0.4557855 0.020624999999999893 0.03292499999999998
8 0.753125 0.5564439999999999 0.053750000000000075 0.04421400000000009
8 0.83125 0.5531515 0.053750000000000075 0.047036999999999995
2 0.039375 0.4929445 0.07875 0.23330099999999998
2 0.145625 0.4802445 0.15499999999999997 0.170273
2 0.351875 0.476482 0.16000000000000003 0.21542800000000006
2 0.681875 0.470367 0.15375000000000005 0.142992
2 0.813125 0.492004 0.19874999999999998 0.15427999999999997
2 0.9490625 0.4360305 0.09062499999999996 0.04233300000000001
2 0.995 0.42333 0.008750000000000036 0.028222000000000025
