8 0.6203125 0.8922225 0.09812500000000002 0.10888900000000001
8 0.0653125 0.6799999999999999 0.020624999999999998 0.07555600000000007
8 0.1175 0.7322219999999999 0.051250000000000004 0.07999999999999996
8 0.21375 0.806667 0.07374999999999998 0.11777799999999994
8 0.3309375 0.893333 0.08812500000000001 0.177778
8 0.4284375 0.7544445 0.04187500000000005 0.09111100000000005
8 0.6946875 0.651667 0.034375000000000044 0.067778
8 0.8018749999999999 0.656111 0.036250000000000004 0.05444399999999994
8 0.97875 0.8461114999999999 0.04125000000000001 0.061111000000000026
5 0.0365625 0.42277750000000003 0.073125 0.12111100000000002
5 0.31125 0.41777800000000004 0.34625 0.275556
5 0.595 0.5083329999999999 0.21875 0.30999999999999994
5 0.6296875 0.343889 0.181875 0.254444
5 0.874375 0.153889 0.25 0.307778
5 0.8959375 0.4194445 0.1193749999999999 0.223333
5 0.95625 0.300556 0.08625000000000005 0.31000000000000005
