5 0.8778125 0.5133335 0.140625 0.45833300000000005
1 0.1015625 0.7916665 0.18937500000000002 0.14333300000000004
5 0.1096875 0.319167 0.219375 0.5800000000000001
5 0.04875 0.6716664999999999 0.065 0.1516670000000001
5 0.14125 0.66875 0.07375000000000001 0.1875
5 0.21281250000000002 0.6845835 0.05437499999999998 0.12583300000000008
5 0.340625 0.675 0.05625000000000002 0.16499999999999992
5 0.46468750000000003 0.6570830000000001 0.05687499999999995 0.14249999999999996
5 0.57625 0.56 0.15875 0.671666
5 0.96 0.48208300000000004 0.07874999999999999 0.28250000000000003
2 0.3125 0.7849999999999999 0.15874999999999997 0.09833400000000003
2 0.4559375 0.767083 0.09687500000000004 0.07250000000000001
2 0.743125 0.735 0.08499999999999996 0.050000000000000044
2 0.8328125 0.7283335 0.055624999999999925 0.046667000000000014
2 0.9278124999999999 0.7112499999999999 0.051875000000000004 0.03583400000000003
