8 0.4421875 0.5558165 0.145625 0.33677300000000004
8 0.62125 0.3175425 0.08499999999999996 0.16041300000000003
8 0.6312500000000001 0.48452149999999994 0.05625000000000002 0.12476499999999996
8 0.743125 0.290807 0.04625000000000001 0.06379000000000001
8 0.8600000000000001 0.29315199999999997 0.04749999999999999 0.04221400000000003
8 0.9171875 0.283771 0.07187500000000002 0.09287000000000001
13 0.3715625 0.912758 0.114375 0.07504600000000006
13 0.383125 0.858349 0.09375 0.06379000000000001
13 0.6090625000000001 0.6261725 0.04437499999999994 0.032833
13 0.643125 0.638837 0.04625000000000001 0.04690400000000006
13 0.7121875 0.355066 0.008125000000000049 0.019699999999999995
