5 0.510625 0.540833 0.07749999999999996 0.15500000000000003
5 0.3515625 0.4045835 0.150625 0.17583300000000002
5 0.3259375 0.50875 0.05812499999999998 0.08749999999999997
5 0.323125 0.5595835 0.03749999999999998 0.06583300000000003
5 0.37093750000000003 0.52 0.08437500000000003 0.11666599999999999
5 0.5978125 0.5495835 0.015625 0.02416700000000005
5 0.6265624999999999 0.5495835 0.01937500000000003 0.02416700000000005
5 0.6421874999999999 0.491667 0.011874999999999969 0.015000000000000013
5 0.6487499999999999 0.57 0.01375000000000004 0.061666
5 0.6671875 0.50125 0.015625 0.02416600000000002
5 0.6796875 0.5733334999999999 0.024375000000000036 0.031667
5 0.7234375 0.5595829999999999 0.011874999999999969 0.01749999999999996
5 0.7384375000000001 0.5787500000000001 0.013124999999999942 0.014166000000000012
5 0.7521875 0.5595835 0.016874999999999973 0.02416700000000005
5 0.7965625000000001 0.5783335000000001 0.020625000000000004 0.05166700000000002
5 0.8203125 0.5466664999999999 0.014375000000000027 0.033332999999999946
5 0.8315625 0.5862499999999999 0.015625 0.022500000000000075
5 0.86625 0.59375 0.04625000000000001 0.07250000000000001
5 0.9109375 0.589167 0.021874999999999978 0.05499999999999994
5 0.9371875000000001 0.595 0.018125000000000058 0.043333999999999984
5 0.975625 0.5754165 0.03249999999999997 0.02416700000000005
5 0.9840625000000001 0.5491665 0.020625000000000004 0.016666999999999987
3 0.6268750000000001 0.64375 0.03874999999999995 0.04249999999999998
