5 0.078125 0.438889 0.10125 0.404444
2 0.043125 0.663333 0.06875 0.09999999999999998
0 0.531875 0.6577775 0.20750000000000002 0.13111099999999998
0 0.7928125 0.6705555 0.034375000000000044 0.036667000000000005
0 0.8396875 0.663889 0.02562500000000001 0.036665999999999976
5 0.0240625 0.4244445 0.040624999999999994 0.204445
5 0.29218750000000004 0.39722250000000003 0.080625 0.06333300000000003
5 0.3871875 0.5683335 0.16562499999999997 0.24555500000000002
5 0.610625 0.5805555 0.053749999999999964 0.156667
5 0.654375 0.598889 0.06125000000000003 0.193334
5 0.7184375 0.616111 0.05687500000000001 0.063334
5 0.839375 0.644444 0.19625000000000004 0.08000000000000007
5 0.9446875 0.573889 0.109375 0.23444400000000004
2 0.078125 0.6244445000000001 0.05375 0.031111
