2 0.0809375 0.5792679999999999 0.10312500000000001 0.130394
0 0.4915625 0.4863975 0.11437499999999995 0.16228900000000002
2 0.0134375 0.4310505 0.026875 0.053471000000000046
2 0.0171875 0.5173545 0.034375 0.07223300000000005
2 0.0409375 0.473265 0.081875 0.06472800000000001
2 0.048125 0.412289 0.049999999999999996 0.040337999999999985
2 0.339375 0.4202625 0.32499999999999996 0.144465
2 0.33687500000000004 0.479831 0.048750000000000016 0.04408999999999996
2 0.3540625 0.523452 0.05812499999999998 0.08067600000000003
2 0.4175 0.48076949999999996 0.04375000000000001 0.05722299999999997
