8 0.1028125 0.7058329999999999 0.10312500000000002 0.10999999999999999
8 0.200625 0.6216665 0.03749999999999998 0.08666700000000005
8 0.239375 0.62 0.04249999999999998 0.09666599999999992
8 0.275625 0.675 0.07375000000000001 0.09333399999999992
8 0.4615625 0.5941665 0.05562499999999998 0.03833300000000006
8 0.510625 0.6391665 0.03750000000000003 0.04833299999999996
8 0.5640625 0.6854165000000001 0.08562500000000006 0.165833
8 0.7406250000000001 0.6991665 0.07874999999999999 0.08333299999999999
8 0.786875 0.6783335 0.03750000000000009 0.13833300000000004
8 0.9068750000000001 0.88375 0.16125 0.23083399999999998
