11 0.09843750000000001 0.349906 0.029375 0.022514000000000034
11 0.12843749999999998 0.829737 0.084375 0.044090000000000074
11 0.18406250000000002 0.3231705 0.011874999999999997 0.012195000000000011
11 0.20406249999999998 0.4826455 0.048125 0.030957000000000012
11 0.2809375 0.8095684999999999 0.115625 0.06566700000000003
11 0.2546875 0.29831149999999995 0.01937500000000003 0.015008999999999995
11 0.2821875 0.4085365 0.05687500000000001 0.032833
11 0.30843750000000003 0.2973735 0.021875000000000033 0.009380999999999973
11 0.348125 0.3442775 0.01874999999999999 0.015008999999999995
11 0.4146875 0.22795500000000002 0.019374999999999976 0.013134000000000007
11 0.4790625 0.2176365 0.01937500000000003 0.01125699999999999
11 0.4846875 0.2518765 0.02562500000000001 0.012194999999999984
11 0.5153125000000001 0.435741 0.05812500000000004 0.040337999999999985
11 0.526875 0.2471855 0.020000000000000018 0.010318999999999995
11 0.5365625 0.20356449999999998 0.016875000000000084 0.01125699999999999
11 0.5634375 0.37570349999999997 0.03687499999999999 0.029080999999999968
11 0.5846875 0.1904315 0.018124999999999947 0.011257000000000017
11 0.6556249999999999 0.4075985 0.04749999999999999 0.023453
11 0.705625 0.1810505 0.021250000000000102 0.007504999999999984
11 0.7362500000000001 0.3334895 0.05500000000000005 0.032833
11 0.734375 0.1683865 0.012499999999999956 0.014071
11 0.8721875 0.1355535 0.01937499999999992 0.014071
11 0.9534375 0.100844 0.015625 0.017824000000000007
11 0.9875 0.1191365 0.01375000000000004 0.011257000000000003
10 0.559375 0.7542215 0.08875 0.03939899999999996
10 0.8096875 0.14540350000000002 0.018124999999999947 0.01125699999999999
