5 0.093125 0.7 0.06875 0.06999999999999995
5 0.345625 0.7154165 0.04625000000000001 0.06416700000000009
5 0.5203125 0.6741665 0.29687499999999994 0.20166700000000004
5 0.6803125 0.7233335000000001 0.02562500000000001 0.09666699999999995
5 0.6921875 0.7541665 0.02312499999999995 0.04833300000000007
5 0.7196875 0.742083 0.02937500000000004 0.07250000000000001
5 0.759375 0.7491665 0.03875000000000006 0.06833299999999998
5 0.8521875 0.7079165000000001 0.06937499999999996 0.17583300000000002
5 0.9025000000000001 0.6712499999999999 0.0675 0.23416599999999999
5 0.9575 0.6716664999999999 0.08125000000000004 0.24833300000000003
3 0.165625 0.48625 0.31875000000000003 0.7625000000000001
3 0.8378125 0.8216669999999999 0.08812500000000001 0.04500000000000004
