8 0.8096875 0.8045835 0.1868749999999999 0.15416699999999994
5 0.9075 0.20249999999999999 0.16000000000000003 0.363334
11 0.243125 0.318333 0.09125 0.044999999999999984
11 0.725625 0.35625 0.07500000000000007 0.03749999999999998
8 0.1796875 0.86625 0.128125 0.265834
8 0.4121875 0.7716665 0.140625 0.10333300000000001
8 0.6059375 0.6858335 0.135625 0.156667
5 0.075 0.3016665 0.15 0.15833299999999997
5 0.2584375 0.25625 0.19937500000000002 0.2675
5 0.58375 0.30791650000000004 0.27125 0.090833
5 0.7778125 0.30375 0.05437500000000006 0.14083400000000001
