5 0.165299 0.5999995 0.330598 0.31562500000000004
5 0.092028 0.41445299999999996 0.162954 0.08984399999999998
5 0.20222749999999998 0.7238279999999999 0.373975 0.12421800000000005
5 0.2907385 0.5367185 0.286049 0.18906299999999998
5 0.3188745 0.6953125 0.234467 0.2625010000000001
5 0.618992 0.144531 0.7526379999999999 0.289062
5 0.44255599999999995 0.6937500000000001 0.162954 0.15000000000000002
5 0.6811255 0.6781250000000001 0.3001170000000001 0.27343799999999996
5 0.8048065 0.669922 0.200469 0.24921799999999994
5 0.848769 0.649219 0.2672920000000001 0.239062
5 0.9560375000000001 0.6195314999999999 0.08558100000000002 0.08437499999999998
5 0.9730365000000001 0.702344 0.051583000000000045 0.14218799999999998
1 0.0826495 0.8640625 0.165299 0.16562500000000002
2 0.3575615 0.8277345 0.206331 0.09296899999999997
2 0.5574439999999999 0.816406 0.162954 0.06406199999999995
2 0.848769 0.8054684999999999 0.07502999999999993 0.04843699999999995
2 0.9273155 0.7984375 0.08675299999999997 0.04843700000000006
