4 0.45281249999999995 0.7197555 0.398125 0.482797
2 0.92875 0.7230855 0.14125 0.41620500000000005
4 0.0425 0.362375 0.085 0.12541599999999997
4 0.10718749999999999 0.34572650000000005 0.104375 0.136515
4 0.24093749999999997 0.310211 0.071875 0.11209799999999998
4 0.47750000000000004 0.24417300000000003 0.044999999999999984 0.07547200000000001
4 0.6959375 0.36071 0.11062499999999997 0.18202000000000002
4 0.6996875 0.26692550000000004 0.07687500000000003 0.06548300000000001
4 0.8853125 0.628746 0.22812500000000002 0.39400599999999997
4 0.8674999999999999 0.308546 0.09500000000000008 0.08656999999999998
4 0.9290625 0.372919 0.11062499999999997 0.16426200000000002
