5 0.8996875 0.344779 0.12437500000000001 0.200376
1 0.9450000000000001 0.6613355 0.09750000000000003 0.101599
5 0.6953125 0.4496705 0.608125 0.139229
5 0.5128125 0.4238005 0.038124999999999964 0.07055499999999998
5 0.54375 0.4459075 0.053750000000000075 0.06585099999999999
5 0.5428125 0.3880525 0.026874999999999982 0.03480699999999998
5 0.5778125000000001 0.3678265 0.026875000000000093 0.06020700000000001
5 0.599375 0.356068 0.050000000000000044 0.110066
5 0.6365625 0.356068 0.03687499999999999 0.11759200000000003
5 0.6665625 0.367827 0.025624999999999898 0.07902199999999998
5 0.6881250000000001 0.373942 0.04625000000000001 0.10253999999999996
5 0.7171875000000001 0.34948250000000003 0.06062500000000004 0.14205099999999998
5 0.7428125 0.356068 0.026874999999999982 0.110066
5 0.7646875 0.34289749999999997 0.026874999999999982 0.12888099999999997
5 0.7887500000000001 0.351364 0.04749999999999999 0.13828799999999997
5 0.833125 0.3650045 0.05875000000000008 0.12417699999999998
5 0.881875 0.4270935 0.053749999999999964 0.07337700000000003
5 0.969375 0.3701785 0.050000000000000044 0.12135499999999999
