1 0.24625 0.1963445 0.1275 0.23523900000000003
2 0.5990625 0.500469 0.155625 0.179944
1 0.0753125 0.0098405 0.018125000000000002 0.019681
1 0.13875 0.032334 0.031250000000000014 0.0403
1 0.3078125 0.089035 0.06187500000000001 0.061856
2 0.076875 0.0051545 0.01874999999999999 0.010309
2 0.1159375 0.015932500000000002 0.010624999999999996 0.018745
2 0.13718750000000002 0.03702 0.02687500000000001 0.042174
2 0.1621875 0.021087500000000002 0.013124999999999998 0.036551
2 0.23343750000000002 0.055295 0.024375000000000008 0.028115999999999995
2 0.2484375 0.034208 0.026875000000000038 0.025304
2 0.2778125 0.0168695 0.019374999999999976 0.020619
2 0.3075 0.089972 0.04249999999999998 0.052484
2 0.3178125 0.0168695 0.016874999999999973 0.020619
2 0.37 0.1485475 0.050000000000000044 0.053420999999999996
