4 0.27375 0.8716665 0.46624999999999994 0.256667
2 0.4271875 0.8254170000000001 0.854375 0.34750000000000003
4 0.18656250000000002 0.7858335 0.204375 0.141667
4 0.6174999999999999 0.7145835 0.04749999999999999 0.029167000000000054
4 0.6853125 0.74875 0.083125 0.09083399999999997
4 0.734375 0.7262500000000001 0.03125 0.032500000000000084
4 0.7959375 0.22875 0.13812499999999994 0.08750000000000002
4 0.793125 0.2108335 0.08374999999999999 0.038333000000000006
4 0.769375 0.7179165 0.03125 0.025832999999999995
4 0.7921875 0.71625 0.020625000000000004 0.022500000000000075
4 0.9153125 0.2029165 0.02562500000000001 0.025832999999999995
