14 0.2475 0.5375000000000001 0.20625000000000002 0.265
5 0.1175 0.3379165 0.125 0.07916699999999999
5 0.33499999999999996 0.3225 0.11374999999999996 0.10999999999999999
5 0.428125 0.2941665 0.07749999999999996 0.156667
5 0.47125 0.32499999999999996 0.07625000000000004 0.11166599999999999
5 0.5271875 0.266667 0.05812500000000004 0.05000000000000002
5 0.54 0.3516665 0.08124999999999993 0.06166700000000003
5 0.6000000000000001 0.3241665 0.0675 0.10666700000000001
5 0.7371875 0.35 0.09562500000000007 0.07166600000000001
5 0.9521875 0.22 0.09437499999999999 0.44
