10 0.368231 0.4022405 0.197834 0.08146699999999996
5 0.026354 0.6145624999999999 0.052708 0.05804500000000001
5 0.030686 0.5193485 0.061372 0.11405299999999996
5 0.0761735 0.9231165 0.152347 0.15173100000000006
5 0.1180505 0.3930755 0.236101 0.10590700000000003
5 0.064621 0.33044799999999996 0.12491 0.05193399999999998
5 0.10252700000000001 0.5010185 0.072202 0.09572300000000006
5 0.2140795 0.6323829999999999 0.18122699999999997 0.23625200000000002
5 0.16642600000000002 0.453666 0.026713999999999988 0.102852
5 0.22021649999999998 0.41395150000000003 0.024549000000000015 0.04582499999999995
5 0.22527049999999998 0.49338099999999996 0.03176900000000002 0.041751999999999956
5 0.2480145 0.453666 0.018050999999999984 0.02749400000000002
5 0.2555955 0.413442 0.02888099999999999 0.034624000000000044
5 0.5122745 0.5229125 0.12202100000000005 0.10692499999999999
5 0.4787005 0.425662 0.02743699999999999 0.07332
5 0.523105 0.44653750000000003 0.06137200000000004 0.08859500000000003
5 0.50722 0.2978615 0.016605999999999954 0.08452099999999996
5 0.5411555 0.4190425 0.08447699999999997 0.08859499999999998
5 0.5418775 0.35132399999999997 0.03682300000000005 0.03665999999999997
5 0.676173 0.6614055 0.27509000000000006 0.32281099999999996
5 0.5772565000000001 0.354888 0.025270999999999932 0.043787999999999994
5 0.7830325 0.326884 0.40938699999999995 0.05702600000000002
5 0.6216605 0.3747455 0.05054100000000006 0.07331900000000002
5 0.6252705000000001 0.4613035 0.03754500000000005 0.06720900000000002
5 0.8191335 0.9047864999999999 0.36028899999999997 0.1883910000000001
5 0.6660649999999999 0.3655805 0.028158000000000016 0.050917000000000046
5 0.6862815 0.5137475 0.04115500000000005 0.04378899999999997
5 0.70722 0.4674135 0.05415199999999998 0.063137
5 0.7057765 0.370163 0.04115500000000005 0.04175200000000001
5 0.755957 0.5626275000000001 0.07508999999999999 0.07637499999999997
5 0.7422385 0.40885950000000004 0.044764999999999944 0.039715
5 0.7447655 0.360998 0.029603000000000046 0.04175200000000001
5 0.7592055 0.45672100000000004 0.03682300000000005 0.06415399999999999
5 0.7841155 0.360998 0.046209000000000056 0.045823999999999976
5 0.8021659999999999 0.614562 0.049097999999999975 0.07637400000000005
5 0.80722 0.4557025 0.049097999999999975 0.09470500000000004
5 0.8234655 0.380346 0.04259899999999994 0.029532000000000003
5 0.864621 0.4389005 0.08592 0.07739299999999999
5 0.8758125 0.490326 0.08231100000000002 0.09877799999999992
5 0.8758125 0.586049 0.08231100000000002 0.06008200000000008
5 0.8635375000000001 0.6588594999999999 0.03754500000000005 0.07739299999999993
5 0.8754515 0.36761750000000004 0.04404299999999994 0.046843000000000024
5 0.9180505 0.403768 0.08736499999999991 0.08655800000000002
5 0.9624550000000001 0.5351325 0.07075799999999999 0.15784099999999995
5 0.968953 0.441446 0.06064999999999998 0.03971400000000003
5 0.9740070000000001 0.395112 0.050541999999999976 0.05091600000000002
5 0.9812274999999999 0.3411405 0.03610100000000005 0.048879000000000006
