5 0.9075985 0.4828125 0.15103100000000003 0.200625
0 0.0712945 0.7640625 0.142589 0.09062499999999996
0 0.5384614999999999 0.76375 0.200751 0.135
0 0.7776735 0.85875 0.442777 0.12250000000000005
0 0.6730765 0.7521875 0.18667900000000004 0.09062499999999996
0 0.8522514999999999 0.9237500000000001 0.293621 0.12
0 0.9160415 0.9696875 0.16228900000000002 0.05812499999999998
5 0.27626649999999997 0.688125 0.220451 0.135
5 0.468105 0.4028125 0.09193199999999996 0.070625
5 0.6618200000000001 0.5487500000000001 0.263602 0.35875
5 0.8616325 0.42 0.053471000000000046 0.036250000000000004
5 0.910413 0.42093749999999996 0.04408999999999996 0.03437499999999999
5 0.9718575 0.39437500000000003 0.033770999999999995 0.04624999999999996
2 0.7134145 0.5984375 0.060975 0.02562500000000001
2 0.87758 0.6015625 0.04596599999999995 0.02562500000000001
