2 0.890625 0.45375 0.08250000000000002 0.14583400000000002
0 0.015625 0.44291650000000005 0.026250000000000002 0.08583299999999999
0 0.0965625 0.437917 0.130625 0.14749999999999996
0 0.503125 0.41833349999999997 0.67 0.353333
5 0.0178125 0.380417 0.035625 0.07250000000000001
5 0.17125 0.27375 0.15 0.21083399999999997
5 0.2571875 0.3041665 0.050624999999999976 0.05666700000000002
5 0.39156250000000004 0.22791649999999997 0.148125 0.17083299999999998
5 0.5559375 0.1541665 0.25437499999999996 0.308333
5 0.7140625 0.1841665 0.24312499999999992 0.368333
5 0.92125 0.255833 0.15625 0.26
5 0.9290625 0.1875 0.140625 0.375
