8 0.7009375 0.5675425000000001 0.13187499999999996 0.18386500000000006
5 0.3271875 0.2575045 0.135625 0.271107
8 0.44625 0.3982175 0.016249999999999987 0.025329000000000046
8 0.4815625 0.411351 0.020625000000000004 0.03658600000000001
8 0.521875 0.402908 0.011249999999999982 0.03471000000000002
8 0.59875 0.46576 0.0475000000000001 0.040337999999999985
8 0.625625 0.44136949999999997 0.011249999999999982 0.04971900000000001
8 0.7678125 0.4648215 0.03187499999999999 0.057223000000000024
5 0.129375 0.2303 0.25875 0.41932400000000003
5 0.4396875 0.3635085 0.080625 0.10225099999999998
5 0.573125 0.2692305 0.21625 0.294559
5 0.799375 0.22232649999999998 0.15374999999999994 0.337711
5 0.8775 0.194653 0.24375000000000002 0.389306
