4 0.42999999999999994 0.82875 0.17624999999999996 0.16749999999999998
2 0.515 0.9425 0.33625 0.11333400000000005
2 0.7028125000000001 0.9375 0.32437499999999997 0.12333400000000005
2 0.7171875 0.74125 0.04562500000000003 0.08916599999999997
4 0.3753125 0.7541665 0.051875000000000004 0.088333
4 0.4303125 0.7204170000000001 0.03187499999999999 0.04749999999999999
4 0.52 0.7954165 0.10874999999999996 0.18083300000000002
4 0.59875 0.66625 0.04125000000000001 0.03249999999999997
4 0.6071875 0.6879165 0.034375000000000044 0.030833
4 0.6656249999999999 0.744583 0.07874999999999999 0.11749999999999994
