8 0.1003195 0.721311 0.144409 0.24107999999999996
5 0.7354635 0.207811 0.49329100000000004 0.317262
11 0.36293949999999997 0.38379949999999996 0.016613000000000044 0.01735700000000001
11 0.445048 0.3027965 0.04792399999999997 0.028929000000000038
11 0.5581465 0.32594 0.05686900000000006 0.025071999999999983
11 0.7853034999999999 0.3606555 0.010222999999999982 0.009643000000000013
8 0.017891499999999998 0.7304725000000001 0.021724999999999998 0.14175499999999996
8 0.23482450000000002 0.768081 0.11948900000000001 0.15911199999999992
8 0.3047925 0.6808105 0.046006999999999965 0.06943100000000002
8 0.4329075 0.725651 0.12076699999999996 0.19768599999999992
8 0.552077 0.7054 0.11501600000000006 0.18804200000000004
8 0.66869 0.6890065000000001 0.13865799999999995 0.14754100000000003
8 0.941853 0.5650915000000001 0.058786000000000005 0.131147
8 0.97508 0.5679845 0.017891999999999908 0.06364499999999995
