11 0.49041650000000003 0.96625 0.12416699999999997 0.03749999999999998
11 0.48916650000000006 0.934375 0.11166700000000002 0.03375000000000006
11 0.485833 0.8009375000000001 0.09999999999999998 0.02312499999999995
11 0.48791650000000003 0.823125 0.10416700000000001 0.02499999999999991
11 0.49041650000000003 0.785625 0.09916700000000006 0.02124999999999999
11 0.5 0.9906250000000001 0.118334 0.01749999999999996
11 0.4954165 0.888125 0.10416700000000001 0.026249999999999996
11 0.49624999999999997 0.8659375 0.10249999999999998 0.028124999999999956
11 0.5 0.9078125 0.11000000000000004 0.026874999999999982
11 0.49750000000000005 0.8434375000000001 0.09500000000000003 0.030625000000000013
11 0.5820829999999999 0.8106249999999999 0.09750000000000003 0.025000000000000022
11 0.583333 0.79 0.10000000000000009 0.020000000000000018
11 0.5925 0.826875 0.10499999999999998 0.02124999999999999
11 0.59875 0.8400000000000001 0.09749999999999992 0.026249999999999996
11 0.6020835 0.8631249999999999 0.10416700000000001 0.026249999999999996
11 0.6070835 0.881875 0.11416699999999991 0.025000000000000022
11 0.6125 0.9121874999999999 0.11166599999999993 0.028125000000000067
11 0.6208335 0.961875 0.12333300000000003 0.028749999999999942
11 0.6233335 0.9434374999999999 0.11833300000000002 0.030625000000000013
11 0.6258334999999999 0.986875 0.12333300000000003 0.025000000000000022
11 0.68625 0.8106249999999999 0.10250000000000004 0.025000000000000022
11 0.6912499999999999 0.8275 0.09750000000000003 0.020000000000000018
11 0.6995835 0.8425 0.099167 0.028750000000000053
11 0.7112499999999999 0.8656250000000001 0.10416600000000009 0.025000000000000022
11 0.722083 0.884375 0.10750000000000004 0.030000000000000027
11 0.7316665 0.9146875 0.10666700000000007 0.023125000000000062
11 0.7354165 0.9353125 0.10916700000000001 0.024375000000000036
11 0.7433335 0.959375 0.12166699999999997 0.030000000000000027
11 0.7529165 0.9896875 0.12083299999999997 0.01937500000000003
11 0.768333 0.7925 0.10499999999999998 0.025000000000000022
11 0.78375 0.8078125 0.09750000000000003 0.02312499999999995
11 0.7958335 0.8275 0.11166699999999996 0.030000000000000027
11 0.8004169999999999 0.8509375 0.10249999999999992 0.023125000000000062
11 0.818333 0.8665625 0.10999999999999999 0.023125000000000062
11 0.8383335000000001 0.88625 0.11166700000000007 0.026249999999999996
11 0.8408335 0.9371875000000001 0.11666700000000008 0.03187499999999999
11 0.8458335 0.909375 0.11166699999999996 0.029999999999999916
11 0.8716665 0.9621875 0.12166699999999997 0.03562500000000002
11 0.8779165 0.986875 0.11916700000000002 0.025000000000000022
11 0.875 0.7953125 0.09499999999999997 0.026874999999999982
11 0.88625 0.8134375 0.09750000000000003 0.02312499999999995
11 0.896667 0.8284374999999999 0.09499999999999997 0.024374999999999925
11 0.90625 0.8443750000000001 0.09916600000000009 0.025000000000000022
11 0.935 0.87375 0.09999999999999998 0.030000000000000027
11 0.946667 0.8943749999999999 0.10499999999999998 0.028749999999999942
11 0.947917 0.9165625 0.10250000000000004 0.030625000000000013
11 0.9550000000000001 0.9390624999999999 0.08833400000000002 0.03187499999999999
11 0.9645835 0.9746874999999999 0.06916699999999998 0.03187499999999999
11 0.9716670000000001 0.9896875 0.05500000000000005 0.01937500000000003
