0 0.1025 0.6590625 0.205 0.5831250000000001
0 0.284167 0.534375 0.18000000000000002 0.31250000000000006
0 0.3975 0.453125 0.061666 0.10624999999999996
0 0.47250000000000003 0.4509375 0.09500000000000003 0.10562500000000002
2 0.441667 0.9065624999999999 0.485 0.18562500000000004
2 0.46 0.7053125 0.25333400000000006 0.203125
2 0.4691665 0.5696874999999999 0.13833299999999993 0.073125
2 0.481667 0.54 0.09999999999999998 0.07500000000000007
2 0.497917 0.5021875 0.07750000000000001 0.04437500000000005
2 0.5291665 0.4428125 0.018332999999999933 0.016874999999999973
2 0.575 0.4478125 0.03166600000000008 0.020625000000000004
2 0.6387499999999999 0.45625 0.04583400000000004 0.02749999999999997
