0 0.6878124999999999 0.680633 0.176875 0.23277399999999993
0 0.7771875 0.666201 0.016874999999999973 0.09031599999999995
0 0.868125 0.66527 0.16749999999999998 0.27095
0 0.9609375 0.660149 0.02562500000000001 0.05586599999999997
0 0.9781249999999999 0.671788 0.006249999999999978 0.028864
14 0.501875 0.604283 0.011249999999999927 0.022345999999999977
5 0.030625 0.689479 0.06125 0.3491620000000001
5 0.0546875 0.087989 0.109375 0.175978
5 0.2821875 0.442737 0.543125 0.7439479999999999
5 0.186875 0.015363 0.11124999999999999 0.030726
5 0.6025 0.41806299999999996 0.45125 0.58473
5 0.7646875 0.5004655 0.329375 0.26722500000000005
5 0.9503125 0.4376165 0.09812500000000002 0.23091300000000003
5 0.9721875 0.547486 0.05437500000000006 0.139664
2 0.55375 0.7453445000000001 0.11249999999999999 0.15921700000000005
