12 0.7153125 0.2734525 0.18937500000000007 0.338649
12 0.1471875 0.7936215 0.120625 0.24953099999999995
12 0.17125 0.39258899999999997 0.14875 0.289868
12 0.289375 0.315666 0.11750000000000002 0.248592
12 0.29312499999999997 0.758912 0.08500000000000002 0.234522
12 0.441875 0.3625705 0.20249999999999996 0.353659
12 0.47 0.7307695 0.08249999999999996 0.228893
12 0.5700000000000001 0.9174485 0.05124999999999991 0.163227
12 0.6378125 0.7134145000000001 0.12812500000000004 0.2560969999999999
12 0.7403125 0.909944 0.05687500000000001 0.17823600000000006
12 0.8178125 0.6665099999999999 0.13687499999999997 0.25797400000000004
12 0.8731249999999999 0.9047845 0.10875000000000001 0.18855500000000003
12 0.97375 0.8954035 0.05125000000000002 0.20731699999999997
