7 0.093125 0.271107 0.1 0.223264
7 0.12187500000000001 0.49437149999999996 0.09875000000000002 0.223265
7 0.145625 0.2481235 0.09749999999999999 0.203565
7 0.171875 0.5056285 0.09875 0.22701700000000002
7 0.23093750000000002 0.2523455 0.09312500000000001 0.22701700000000002
7 0.2534375 0.500938 0.09437499999999999 0.22138799999999997
7 0.2859375 0.25891200000000003 0.09062499999999998 0.217636
7 0.3121875 0.5046900000000001 0.11812500000000004 0.21763600000000005
7 0.476875 0.46060049999999997 0.10124999999999995 0.22889299999999996
7 0.5215625 0.1923075 0.12187500000000001 0.22701699999999997
