8 0.22625 0.780019 0.09250000000000003 0.11350799999999994
5 0.08562499999999999 0.2106005 0.1425 0.353659
8 0.029062499999999998 0.448405 0.018125 0.024390000000000023
8 0.09718750000000001 0.519231 0.030625 0.017824000000000062
8 0.2975 0.6491555 0.057499999999999996 0.08067500000000005
8 0.509375 0.6106940000000001 0.050000000000000044 0.08442800000000006
8 0.5846875 0.6618200000000001 0.06812499999999999 0.05910000000000004
8 0.651875 0.6590055 0.05125000000000002 0.12288900000000003
8 0.6834375 0.609756 0.078125 0.05628599999999995
8 0.7621875 0.6571294999999999 0.04312499999999997 0.10037499999999999
8 0.8487499999999999 0.717167 0.057499999999999996 0.040337999999999985
5 0.0340625 0.272514 0.068125 0.19793599999999997
5 0.260625 0.25 0.25625 0.316136
5 0.55125 0.2424955 0.7175 0.484991
5 0.86 0.2453095 0.27875000000000005 0.490619
