0 0.1171875 0.47083300000000006 0.20937499999999998 0.09500000000000003
0 0.9109375 0.40125 0.176875 0.21416600000000002
5 0.08625 0.3425 0.1725 0.175
5 0.2028125 0.38041650000000005 0.09437499999999999 0.144167
5 0.264375 0.412917 0.07500000000000001 0.1275
5 0.29781250000000004 0.41500000000000004 0.10562500000000002 0.138334
5 0.3465625 0.41208350000000005 0.09687500000000004 0.17416700000000002
5 0.44125 0.4320835 0.0675 0.06916699999999998
5 0.47875 0.4458335 0.04624999999999996 0.06166700000000003
5 0.598125 0.4583335 0.030000000000000027 0.05166700000000002
5 0.6209374999999999 0.443333 0.02312499999999995 0.03999999999999998
5 0.6590625 0.4441665 0.07062499999999994 0.13166700000000003
5 0.708125 0.41583349999999997 0.11250000000000004 0.17333299999999996
5 0.8915625 0.2420835 0.14812499999999995 0.135833
2 0.144375 0.5158335000000001 0.07250000000000001 0.07333299999999998
2 0.23875000000000002 0.5054164999999999 0.11375000000000002 0.08416699999999999
2 0.3471875 0.5045835 0.07437500000000002 0.06583299999999997
2 0.43875 0.4979165 0.07249999999999995 0.06583299999999997
2 0.5284375 0.50125 0.06312500000000004 0.07249999999999995
2 0.57125 0.48291649999999997 0.016249999999999987 0.02583300000000005
2 0.6112500000000001 0.493333 0.04999999999999993 0.06000000000000005
2 0.63125 0.5070835 0.07000000000000006 0.06416699999999997
2 0.8418749999999999 0.5233329999999999 0.31500000000000006 0.16499999999999998
