2 0.053750000000000006 0.839167 0.09375 0.2649999999999999
0 0.460625 0.49333299999999997 0.71125 0.62
5 0.104375 0.2216665 0.20875 0.443333
5 0.09406250000000001 0.222083 0.144375 0.3975
5 0.259375 0.0975 0.18875 0.195
5 0.235625 0.13333299999999998 0.10749999999999998 0.145
5 0.4040625 0.1066665 0.16562500000000002 0.19833299999999998
5 0.6328125 0.21875 0.2606250000000001 0.125834
5 0.5743750000000001 0.110833 0.12124999999999997 0.22
5 0.6784375 0.0991665 0.145625 0.198333
5 0.7571875 0.1316665 0.06562500000000004 0.25166700000000003
5 0.8346875 0.346667 0.06312499999999999 0.09999999999999998
5 0.901875 0.1208335 0.19500000000000006 0.241667
5 0.8684375 0.2608335 0.08937499999999998 0.26833300000000004
5 0.951875 0.29333349999999997 0.07999999999999996 0.378333
5 0.956875 0.30791650000000004 0.05125000000000002 0.07083299999999998
2 0.818125 0.443333 0.03750000000000009 0.09500000000000003
2 0.8612500000000001 0.4345835 0.07750000000000001 0.08083299999999999
