5 0.8528125 0.36 0.14937500000000004 0.37333400000000005
5 0.008125 0.49 0.01625 0.06666600000000006
5 0.02875 0.479167 0.04 0.050000000000000044
5 0.109375 0.4375 0.14500000000000002 0.24833400000000005
5 0.1746875 0.47250000000000003 0.06562499999999999 0.16666600000000004
5 0.24312499999999998 0.43666699999999997 0.14624999999999996 0.20499999999999996
5 0.3265625 0.411667 0.051875000000000004 0.09999999999999998
5 0.4621875 0.44999999999999996 0.17812500000000003 0.20833399999999996
5 0.48843749999999997 0.40625 0.09937499999999999 0.22750000000000004
5 0.5634375 0.4675 0.08437499999999998 0.10166600000000003
5 0.6359375 0.46583300000000005 0.055624999999999925 0.09500000000000003
5 0.68875 0.471667 0.030000000000000027 0.10999999999999999
5 0.75375 0.4375 0.07499999999999996 0.15500000000000003
5 0.828125 0.47458349999999994 0.22124999999999995 0.12916699999999998
5 0.9425 0.455417 0.053749999999999964 0.08750000000000002
5 0.9496875 0.4741665 0.04812499999999997 0.06333299999999997
5 0.9806250000000001 0.474167 0.02749999999999997 0.10499999999999998
3 0.39218749999999997 0.49958349999999996 0.281875 0.13083299999999992
