14 0.046435500000000005 0.7453125 0.029081000000000003 0.05437499999999995
14 0.17870550000000002 0.7565625 0.025329000000000018 0.03937500000000005
14 0.4066605 0.798125 0.051595 0.02375000000000005
14 0.5384615 0.7725 0.02814300000000003 0.03749999999999998
14 0.925891 0.809375 0.048780000000000046 0.036250000000000004
5 0.042214 0.7734375 0.084428 0.13687500000000008
5 0.177298 0.71125 0.174484 0.20875
5 0.4512195 0.7224999999999999 0.42026300000000005 0.13124999999999998
5 0.7434335000000001 0.739375 0.164165 0.14874999999999994
5 0.934803 0.7490625 0.10975600000000008 0.239375
2 0.408068 0.9015625 0.326454 0.18437500000000007
2 0.5848964999999999 0.9271875 0.10037499999999999 0.08187500000000003
2 0.7903374999999999 0.88875 0.11538499999999996 0.125
2 0.920732 0.9125000000000001 0.08911800000000003 0.05625000000000002
2 0.9376175 0.845 0.12288900000000003 0.04749999999999999
