2 0.3258335 0.5103125 0.151667 0.083125
0 0.84125 0.46687500000000004 0.31583400000000006 0.48125
5 0.3591665 0.25625 0.718333 0.5125
2 0.0275 0.513125 0.055 0.03749999999999998
2 0.06875 0.5059374999999999 0.064166 0.030625000000000013
2 0.20916649999999998 0.4771875 0.061667 0.013124999999999998
2 0.300833 0.46968750000000004 0.024999999999999967 0.011875000000000024
2 0.48375 0.5178125 0.10250000000000004 0.06312499999999993
2 0.572083 0.4671875 0.2775 0.03562499999999996
2 0.55375 0.500625 0.07750000000000001 0.04625000000000007
2 0.66625 0.485625 0.06583399999999995 0.03750000000000003
2 0.6995835 0.515625 0.035833000000000004 0.07
