8 0.9378124999999999 0.8400755 0.09562499999999996 0.09595500000000001
8 0.5296875000000001 0.7798685 0.09312500000000001 0.14487300000000003
8 0.75 0.876764 0.11125000000000007 0.07713999999999999
8 0.8515625 0.5724365 0.023125000000000062 0.023519000000000068
5 0.130625 0.202258 0.26125 0.404516
5 0.2234375 0.36312350000000004 0.029375000000000012 0.09407300000000002
5 0.379375 0.3033865 0.3125 0.606773
5 0.2990625 0.364064 0.03187499999999999 0.14675400000000005
5 0.4753125 0.2775165 0.264375 0.312323
5 0.75 0.296331 0.3700000000000001 0.45155199999999995
5 0.735 0.43932249999999995 0.050000000000000044 0.026341000000000003
5 0.9596875 0.2408275 0.07937499999999997 0.385701
