5 0.8034375 0.2826295 0.24687499999999996 0.342611
8 0.334375 0.7288865 0.09000000000000002 0.091171
5 0.049375 0.514875 0.09875 0.33109399999999994
5 0.3246875 0.350768 0.629375 0.701536
5 0.2003125 0.3272555 0.33687500000000004 0.654511
5 0.0965625 0.5499040000000001 0.093125 0.23608400000000002
5 0.46562500000000007 0.43042250000000004 0.15750000000000003 0.20441500000000007
5 0.57875 0.4381 0.09250000000000003 0.20057599999999998
5 0.703125 0.46881 0.14375000000000004 0.356046
5 0.9275 0.3262955 0.14375000000000004 0.652591
