2 0.2946875 0.871013 0.145625 0.158536
14 0.31875 0.469043 0.012500000000000011 0.07129399999999997
14 0.6699999999999999 0.5182925 0.05874999999999997 0.03846099999999997
14 0.6628125 0.714353 0.024375000000000036 0.042213999999999974
14 0.6821875 0.6041274999999999 0.03187499999999999 0.05628500000000003
14 0.6796875 0.667448 0.016874999999999973 0.044090000000000074
14 0.7190624999999999 0.6866795 0.021874999999999978 0.013133000000000061
14 0.9396875 0.7476545 0.03937499999999994 0.07692300000000007
14 0.94875 0.565666 0.04499999999999993 0.08255199999999996
2 0.2528125 0.8194185 0.09312500000000001 0.1341469999999999
2 0.419375 0.83818 0.10124999999999995 0.10787999999999998
2 0.4771875 0.8119135 0.041874999999999996 0.03470899999999999
2 0.5078125 0.8100375 0.026874999999999982 0.03846099999999997
