8 0.924375 0.719512 0.14249999999999996 0.19324600000000003
8 0.0734375 0.368199 0.024375000000000008 0.11538400000000004
8 0.1259375 0.35788 0.09062500000000001 0.160412
8 0.18156250000000002 0.38883650000000003 0.02562499999999998 0.09474699999999997
8 0.2265625 0.3846155 0.05937499999999998 0.090057
8 0.29000000000000004 0.3639775 0.02999999999999997 0.071295
8 0.3828125 0.42542199999999997 0.07937499999999997 0.10600400000000004
8 0.44625 0.4620075 0.04749999999999999 0.12101300000000004
8 0.515625 0.477955 0.06499999999999995 0.11538399999999999
8 0.5718749999999999 0.459193 0.057499999999999996 0.11163200000000006
8 0.624375 0.463415 0.03499999999999992 0.06378999999999996
8 0.6659375000000001 0.4666975 0.04062500000000002 0.09662300000000007
8 0.7525 0.6327395 0.1987500000000001 0.271107
