4 0.8446875 0.9345829999999999 0.29937500000000006 0.11750000000000005
2 0.4996875 0.915 0.999375 0.16500000000000004
4 0.009375 0.871667 0.01875 0.05500000000000005
4 0.021875 0.860417 0.042499999999999996 0.04249999999999998
4 0.058437499999999996 0.8804165 0.061875 0.07916699999999999
4 0.115625 0.859583 0.08625000000000001 0.03749999999999998
4 0.2234375 0.90125 0.09812500000000002 0.08083400000000007
4 0.231875 0.855 0.06874999999999998 0.033333999999999975
4 0.3415625 0.925 0.185625 0.11333399999999993
4 0.3140625 0.8704164999999999 0.09812499999999996 0.06416699999999997
4 0.3775 0.85625 0.07499999999999996 0.030833999999999917
4 0.4328125 0.8820835 0.11062499999999997 0.07583300000000004
4 0.5634375 0.9354169999999999 0.29687500000000006 0.12750000000000006
4 0.6271875 0.8912500000000001 0.18437499999999996 0.08750000000000002
4 0.9284375 0.8733335 0.14187499999999997 0.05833299999999997
