0 0.090649 0.236875 0.144402 0.19125000000000003
0 0.0922395 0.6365624999999999 0.14758300000000002 0.188125
0 0.09160299999999999 0.4375 0.142494 0.18250000000000005
0 0.09319350000000001 0.8715625 0.145675 0.18937500000000007
0 0.4971375 0.2346875 0.6418569999999999 0.186875
0 0.4974555 0.6375 0.6412209999999999 0.1925
0 0.4980915 0.8687499999999999 0.6361330000000001 0.19125000000000003
0 0.49904600000000005 0.43500000000000005 0.634224 0.18750000000000006
0 0.9017175 0.2334375 0.14949099999999993 0.20187499999999997
0 0.903308 0.43343750000000003 0.14630999999999994 0.19437500000000002
0 0.903308 0.8715625 0.14630999999999994 0.18562499999999993
0 0.9042619999999999 0.6384375 0.140586 0.188125
