8 0.3400565 0.875 0.164165 0.06374999999999997
5 0.35647300000000004 0.2165625 0.25516 0.379375
11 0.423077 0.849375 0.03001799999999999 0.03249999999999997
11 0.610225 0.5487500000000001 0.09287000000000001 0.022500000000000075
11 0.7579739999999999 0.41312499999999996 0.09005600000000002 0.03750000000000003
8 0.20168850000000002 0.8425 0.153847 0.18125000000000002
8 0.5042215 0.86 0.19043100000000002 0.11624999999999996
8 0.8874299999999999 0.7759375 0.17635999999999996 0.17062499999999992
8 0.978424 0.5387500000000001 0.04127599999999998 0.03749999999999998
5 0.1219515 0.44125000000000003 0.13883700000000002 0.11249999999999999
5 0.3733585 0.44718749999999996 0.09756100000000001 0.09062500000000001
5 0.6468105 0.334375 0.09474700000000003 0.21000000000000002
5 0.6580675 0.3284375 0.11350899999999997 0.286875
5 0.68621 0.29781250000000004 0.13789800000000008 0.33437500000000003
5 0.8297375 0.3609375 0.338649 0.29062499999999997
5 0.7682925 0.2325 0.1688550000000001 0.465
