8 0.8775 0.7929165 0.1462500000000001 0.23083299999999995
8 0.0609375 0.6508335000000001 0.094375 0.06833300000000009
8 0.1146875 0.5904165 0.020625000000000004 0.03416700000000006
8 0.1603125 0.5854165 0.05812499999999998 0.03416700000000006
8 0.1953125 0.84375 0.08937499999999998 0.04083400000000004
8 0.236875 0.5875 0.04249999999999998 0.05166599999999999
8 0.289375 0.8875 0.07374999999999998 0.039999999999999925
8 0.298125 0.5766665 0.06749999999999995 0.05166700000000002
8 0.3728125 0.5766665 0.06187500000000001 0.05833299999999997
8 0.4309375 0.7166665 0.046875 0.04833299999999996
8 0.4515625 0.5829169999999999 0.06187499999999996 0.08750000000000002
8 0.5053125 0.734583 0.05812500000000004 0.08750000000000002
8 0.5309375000000001 0.574167 0.01937500000000003 0.040000000000000036
8 0.693125 0.697917 0.04125000000000001 0.022499999999999964
8 0.770625 0.7662500000000001 0.03125 0.03749999999999998
8 0.958125 0.7845835 0.07499999999999996 0.11916700000000002
5 0.0915625 0.1954165 0.183125 0.390833
5 0.21187499999999998 0.255417 0.11499999999999996 0.24249999999999997
5 0.3275 0.325417 0.11625000000000002 0.08250000000000002
5 0.4296875 0.3225 0.08812500000000001 0.10166600000000003
5 0.496875 0.3254165 0.04625000000000001 0.099167
5 0.7609375 0.32625000000000004 0.47687500000000005 0.11249999999999999
