8 0.2634375 0.79419 0.23562499999999997 0.18412400000000007
11 0.49 0.0977905 0.09875000000000006 0.053191
11 0.6459375 0.202946 0.09187500000000004 0.057284
8 0.4484375 0.841244 0.218125 0.31587600000000005
8 0.6946875 0.8580194999999999 0.23562499999999997 0.2741410000000001
5 0.01625 0.299918 0.0325 0.05482799999999999
5 0.1125 0.16121100000000002 0.225 0.276596
5 0.080625 0.3056465 0.10625000000000001 0.07446900000000001
5 0.1275 0.289689 0.023749999999999993 0.034369999999999956
5 0.425 0.240998 0.07750000000000001 0.089198
5 0.6671875 0.201309 0.26937500000000003 0.20294600000000002
5 0.5940624999999999 0.3134205 0.0893750000000001 0.072013
5 0.850625 0.285188 0.2975 0.256138
