11 0.06281250000000001 0.5664579999999999 0.10437500000000001 0.047694000000000014
11 0.125 0.5531665 0.028749999999999998 0.025800999999999963
11 0.29125 0.5543395 0.08624999999999997 0.04065699999999994
11 0.330625 0.44409699999999996 0.03874999999999995 0.014073999999999975
11 0.38656250000000003 0.49921800000000005 0.06312500000000004 0.024238000000000037
11 0.39 0.5328385 0.05625000000000002 0.039874999999999994
11 0.3940625 0.28889750000000003 0.03437499999999999 0.028929000000000038
11 0.4109375 0.42806900000000003 0.04562500000000003 0.022674000000000027
11 0.671875 0.250977 0.040000000000000036 0.021892000000000023
11 0.76625 0.5140735000000001 0.02750000000000008 0.022673000000000054
11 0.8043750000000001 0.568804 0.08500000000000008 0.043001999999999985
11 0.8025 0.471071 0.026249999999999996 0.022674000000000027
11 0.81125 0.29710749999999997 0.04125000000000001 0.015636999999999956
