2 0.1290625 0.94 0.215625 0.12
0 0.530625 0.8258335 0.5237499999999999 0.34666700000000006
2 0.0109375 0.65 0.021875 0.05333399999999999
2 0.0128125 0.5958334999999999 0.025625 0.04166700000000001
2 0.39937500000000004 0.6120829999999999 0.04250000000000004 0.057499999999999996
2 0.565625 0.49875 0.036250000000000004 0.025833999999999968
2 0.673125 0.49125 0.03749999999999998 0.025834000000000024
2 0.73 0.587083 0.050000000000000044 0.03749999999999998
2 0.7875 0.6033335 0.07000000000000006 0.046667000000000014
2 0.7721875 0.49 0.02312499999999995 0.015000000000000013
2 0.8109375 0.48541650000000003 0.028124999999999956 0.014166999999999985
2 0.8309375 0.6174999999999999 0.05812499999999998 0.04999999999999993
2 0.8434375000000001 0.489167 0.01937500000000003 0.010000000000000009
