5 0.12875 0.37955150000000004 0.195 0.25863700000000006
1 0.11125 0.587768 0.2225 0.331466
5 0.0284375 0.334267 0.056875 0.17366999999999996
5 0.3653125 0.5 0.31437499999999996 0.213818
5 0.5659375 0.5658265 0.08187500000000003 0.06722699999999993
5 0.635625 0.5200745 0.0787500000000001 0.09337100000000004
5 0.681875 0.48272649999999995 0.09125000000000005 0.08403299999999997
5 0.769375 0.4500465 0.11499999999999999 0.15686300000000003
1 0.294375 0.59944 0.11750000000000002 0.16620000000000001
1 0.35875 0.604575 0.048750000000000016 0.114846
1 0.395625 0.601307 0.03375 0.07469599999999998
1 0.41625 0.5975725000000001 0.048750000000000016 0.06722700000000004
1 0.4425 0.5999065 0.01375000000000004 0.055088999999999944
1 0.4496875 0.6134455000000001 0.023125000000000007 0.06722700000000004
1 0.47250000000000003 0.6045754999999999 0.014999999999999958 0.04201700000000008
1 0.48343749999999996 0.601774 0.011875000000000024 0.04015000000000002
1 0.5590625 0.6101775 0.021874999999999978 0.04201699999999997
1 0.5743750000000001 0.6083099999999999 0.01375000000000004 0.05322199999999999
1 0.5884375 0.6027075 0.014374999999999916 0.053221000000000074
1 0.6034375000000001 0.6050420000000001 0.02312499999999995 0.07843199999999995
1 0.6290625000000001 0.607376 0.03312499999999996 0.09430399999999994
1 0.651875 0.60084 0.04625000000000001 0.114846
1 0.72875 0.5947709999999999 0.12 0.1605979999999999
1 0.87375 0.592904 0.25125 0.48552799999999996
