11 0.30374999999999996 0.4354165 0.06875000000000003 0.030833
11 0.5646875 0.26 0.06062499999999993 0.031666
8 0.3734375 0.8133334999999999 0.184375 0.261667
5 0.0371875 0.385 0.074375 0.77
5 0.09375 0.3358335 0.11375000000000002 0.671667
5 0.18375 0.3504165 0.16875 0.700833
5 0.2996875 0.27125 0.176875 0.5425
5 0.65375 0.2566665 0.61875 0.513333
5 0.38968749999999996 0.445 0.049375 0.15000000000000002
5 0.7190624999999999 0.22625 0.16312500000000008 0.4525
5 0.8503125 0.21 0.295625 0.42
5 0.9703125 0.27625 0.05812499999999998 0.12250000000000003
