1 0.5018515 0.751389 0.940741 0.42500000000000004
5 0.022685 0.362963 0.04537 0.177778
5 0.075463 0.40925900000000004 0.060185999999999996 0.101852
5 0.1305555 0.396296 0.07777700000000001 0.10370400000000002
5 0.302778 0.34444450000000004 0.07222200000000001 0.08703699999999998
5 0.338889 0.24675950000000002 0.09259200000000001 0.11574100000000001
5 0.4097225 0.298611 0.117593 0.11944400000000002
5 0.461574 0.260648 0.08981399999999995 0.099074
5 0.5356485 0.2666665 0.086111 0.11481499999999997
5 0.626852 0.249537 0.07407399999999997 0.369444
5 0.699074 0.259722 0.12222200000000005 0.22129599999999996
5 0.749074 0.164815 0.053703999999999974 0.14444400000000002
5 0.7930555 0.23842600000000003 0.06574100000000005 0.219444
5 0.8064815 0.2787035 0.07777699999999999 0.16296299999999997
5 0.8935185 0.19629599999999997 0.07592500000000002 0.12963
5 0.9486114999999999 0.1875 0.08981500000000009 0.13796200000000003
