5 0.10437500000000001 0.315197 0.13375 0.49531000000000003
5 0.03 0.2776735 0.06 0.555347
5 0.21875 0.434803 0.09999999999999998 0.267354
5 0.2746875 0.3311445 0.14187500000000003 0.39399700000000004
5 0.315 0.4212005 0.09750000000000003 0.210131
5 0.41500000000000004 0.391651 0.15375 0.24671600000000005
5 0.5915625 0.43574100000000004 0.16937500000000005 0.18105
5 0.7037500000000001 0.38883650000000003 0.0675 0.289869
5 0.7665625 0.383677 0.07062500000000005 0.3264539999999999
5 0.8684375 0.378987 0.13312500000000005 0.429644
3 0.26375 0.547373 0.03624999999999998 0.042213999999999974
3 0.6509375 0.5164165000000001 0.028125000000000067 0.03470899999999999
3 0.9525 0.5905255 0.09375 0.09474700000000003
