5 0.5415285 0.400194 0.10797300000000004 0.296512
0 0.0681065 0.6560075 0.136213 0.125969
0 0.22674450000000002 0.6627909999999999 0.257475 0.20155
0 0.6698505 0.6647285 0.6004989999999999 0.391473
5 0.0681065 0.48837200000000003 0.031561000000000006 0.17054200000000003
5 0.0992525 0.507752 0.025747000000000006 0.155038
5 0.2362955 0.5348835000000001 0.03737500000000002 0.077519
5 0.2715945 0.5455425 0.039866999999999986 0.044572999999999974
5 0.32309 0.457364 0.07308999999999999 0.27131799999999995
5 0.3704315 0.464147 0.036544999999999994 0.20348800000000006
5 0.4115445 0.4399225 0.057309 0.220931
5 0.4505815 0.4379845 0.05398700000000001 0.20542700000000003
5 0.6403654999999999 0.39147299999999996 0.07807299999999995 0.24418599999999996
5 0.7163619999999999 0.382752 0.06395399999999996 0.226744
5 0.7906979999999999 0.40407000000000004 0.06146200000000002 0.184108
2 0.06603 0.9370155 0.13206 0.12209300000000001
