0 0.668125 0.401494 0.40375 0.5098039999999999
0 0.9353125 0.4402425 0.12812500000000004 0.11858099999999999
5 0.0990625 0.29225049999999997 0.198125 0.244631
5 0.2496875 0.36041049999999997 0.09187500000000004 0.10457500000000003
5 0.3021875 0.1540615 0.08187500000000003 0.308123
5 0.34125 0.076564 0.03249999999999997 0.153128
5 0.3725 0.0564895 0.04625000000000001 0.112979
5 0.390625 0.060224 0.03874999999999995 0.120448
5 0.4121875 0.0658265 0.03562500000000002 0.131653
5 0.44937499999999997 0.0648925 0.05375000000000002 0.129785
5 0.49687499999999996 0.063959 0.031249999999999944 0.127918
5 0.5428124999999999 0.0770305 0.030625000000000013 0.11671300000000001
5 0.5515625 0.0714285 0.03437499999999993 0.142857
5 0.5840624999999999 0.0877685 0.030625000000000013 0.14192300000000002
5 0.6153124999999999 0.0774975 0.03937500000000005 0.154995
5 0.6268750000000001 0.079365 0.03500000000000003 0.15873
5 0.6653125 0.076564 0.041874999999999996 0.153128
5 0.704375 0.0746965 0.03874999999999995 0.149393
5 0.9096875 0.2464985 0.17937500000000006 0.225957
5 0.9221874999999999 0.3099905 0.135625 0.156863
2 0.0228125 0.512605 0.045625 0.12325000000000003
2 0.106875 0.445845 0.21375 0.20261399999999996
2 0.08687500000000001 0.5140055 0.14375 0.11671300000000001
2 0.2 0.385621 0.08875 0.06535999999999997
