5 0.2796875 0.5802645 0.02562500000000001 0.191691
5 0.3053125 0.6015105000000001 0.033125000000000016 0.09442899999999999
5 0.3275 0.5769595 0.027500000000000024 0.07743100000000003
5 0.3646875 0.5764875 0.03687499999999999 0.14069900000000002
5 0.4109375 0.5949005 0.08812500000000001 0.12842300000000006
5 0.44999999999999996 0.6274785 0.03375 0.10859300000000005
5 0.47062499999999996 0.642587 0.04375000000000001 0.11803600000000003
5 0.5053125 0.637394 0.020625000000000004 0.06610000000000005
5 0.5190625 0.6345609999999999 0.028124999999999956 0.086874
5 0.5371874999999999 0.644004 0.03312499999999996 0.086874
5 0.578125 0.5774315 0.04875000000000007 0.06515500000000007
5 0.6665625 0.6161475000000001 0.07187500000000002 0.16336099999999998
10 0.195 0.7714825000000001 0.057499999999999996 0.04154899999999995
