11 0.2175 0.301343 0.14250000000000002 0.05924199999999996
11 0.40718750000000004 0.292259 0.03937499999999999 0.044233999999999996
11 0.5196875 0.348341 0.014375000000000027 0.014218000000000008
11 0.6140625 0.348341 0.10187500000000005 0.05687199999999998
11 0.7328125 0.3609795 0.016874999999999973 0.011058999999999986
8 0.183125 0.9743285 0.27875 0.049763
8 0.45562499999999995 0.8056875 0.16624999999999995 0.06635100000000005
8 0.7987500000000001 0.5165875 0.04874999999999996 0.06161100000000003
5 0.0353125 0.2823855 0.070625 0.12559299999999998
5 0.344375 0.308847 0.1225 0.082148
5 0.5853124999999999 0.301343 0.114375 0.15718800000000002
5 0.6946875 0.32622450000000003 0.09937499999999999 0.131121
5 0.9650000000000001 0.292654 0.06874999999999998 0.093996
