8 0.0796875 0.6475 0.083125 0.14500000000000002
8 0.2728125 0.630417 0.026874999999999982 0.02750000000000008
8 0.3353125 0.662917 0.10312500000000002 0.14749999999999996
8 0.46843749999999995 0.625 0.08812499999999995 0.08666599999999991
8 0.5640625 0.6458335 0.10062499999999996 0.10333300000000001
8 0.8209375000000001 0.55625 0.083125 0.11583399999999999
8 0.9078125 0.53 0.04937499999999995 0.04833399999999999
5 0.2059375 0.11125 0.411875 0.2225
5 0.41531250000000003 0.1504165 0.239375 0.144167
5 0.51875 0.1166665 0.42 0.233333
5 0.7459375 0.144583 0.506875 0.28750000000000003
5 0.956875 0.30374999999999996 0.08499999999999996 0.14416599999999996
