5 0.1803125 0.51625 0.139375 0.30750000000000005
5 0.321875 0.56 0.23874999999999996 0.31999999999999995
5 0.6171875 0.33 0.7606250000000001 0.66
5 0.41000000000000003 0.7179165000000001 0.18625000000000003 0.23916700000000002
5 0.574375 0.7120835 0.16250000000000003 0.285833
5 0.7096875 0.7066665000000001 0.16812499999999997 0.24833300000000003
5 0.7984374999999999 0.7641665 0.09187500000000004 0.11833300000000002
5 0.9690624999999999 0.5895835 0.06062500000000004 0.289167
2 0.9325 0.95375 0.13375000000000004 0.09083400000000008
4 0.0634375 0.905417 0.126875 0.1875
4 0.1828125 0.895 0.285625 0.201666
4 0.4871875 0.906667 0.331875 0.18500000000000005
