5 0.130625 0.26375 0.21125 0.445834
0 0.338125 0.5895835 0.11499999999999999 0.09583299999999995
5 0.2984375 0.46916650000000004 0.06187499999999996 0.15166700000000005
5 0.3978125 0.2129165 0.20937499999999992 0.425833
5 0.35375 0.49041650000000003 0.03875000000000001 0.11916700000000002
5 0.3746875 0.417083 0.046875 0.1375
5 0.4371875 0.4770835 0.05062500000000003 0.18083300000000002
5 0.5175 0.10166700000000001 0.03999999999999998 0.12
5 0.545625 0.22875 0.040000000000000036 0.19083399999999998
5 0.5721875000000001 0.47916650000000005 0.06187500000000001 0.19333300000000003
5 0.7153125 0.27625 0.29437500000000005 0.5525
