0 0.441875 0.604386 0.35874999999999996 0.45438599999999996
5 0.0403125 0.6122810000000001 0.06687499999999999 0.08070199999999994
5 0.1234375 0.5960525 0.030625000000000013 0.03771900000000006
5 0.136875 0.626316 0.05499999999999999 0.07017600000000002
5 0.1825 0.6429825 0.03125 0.05263099999999998
5 0.1809375 0.60307 0.023125000000000007 0.034210000000000074
5 0.2159375 0.637281 0.03812499999999999 0.04122800000000004
5 0.306875 0.41447350000000005 0.20625 0.411403
5 0.63 0.6736845 0.04125000000000001 0.05964900000000006
2 0.040625 0.660965 0.053750000000000006 0.03420999999999996
2 0.143125 0.6697365 0.03125 0.035965000000000025
