14 0.3765625 0.14958349999999998 0.17562499999999998 0.064167
14 0.3990625 0.33625 0.104375 0.21083399999999997
5 0.4065625 0.3183335 0.7943749999999999 0.636667
5 0.5553125 0.56375 0.08687500000000004 0.130834
5 0.5959375 0.51625 0.051875000000000004 0.10583399999999998
5 0.644375 0.540417 0.030000000000000027 0.09749999999999998
5 0.675 0.550833 0.04375000000000007 0.06000000000000005
5 0.7206250000000001 0.5429165 0.03500000000000003 0.11416699999999996
5 0.749375 0.528333 0.040000000000000036 0.09500000000000003
5 0.7821875 0.5449999999999999 0.02312499999999995 0.05500000000000005
5 0.8171875 0.5387500000000001 0.020625000000000004 0.06416600000000006
5 0.8446875 0.5283335 0.02937500000000004 0.06666700000000003
5 0.8596874999999999 0.4875 0.05437499999999995 0.15166599999999997
5 0.9293750000000001 0.48624999999999996 0.12374999999999992 0.22083399999999997
5 0.9625 0.525 0.07374999999999998 0.118334
