8 0.16843750000000002 0.868333 0.108125 0.09499999999999997
8 0.336875 0.892083 0.07750000000000001 0.08250000000000002
8 0.323125 0.601667 0.008750000000000036 0.015000000000000013
8 0.3490625 0.607083 0.009375000000000022 0.012500000000000067
8 0.44437499999999996 0.8133335 0.07375000000000004 0.046667000000000014
8 0.5706249999999999 0.7145835 0.03874999999999995 0.06583300000000003
8 0.6331249999999999 0.70875 0.04250000000000009 0.07416599999999995
8 0.68625 0.6991665 0.03749999999999998 0.04166700000000001
8 0.745 0.8508335 0.07250000000000001 0.09666700000000006
8 0.86875 0.9012500000000001 0.08250000000000002 0.0675
