5 0.92554 0.2004135 0.12885800000000003 0.33471100000000004
1 0.5428245 0.340909 0.18132700000000007 0.09504200000000002
5 0.1489195 0.2200415 0.297839 0.440083
5 0.266204 0.151343 0.112654 0.302686
5 0.341821 0.2262395 0.07716 0.171487
5 0.4313275 0.235537 0.12654300000000002 0.169422
5 0.6138115 0.2546485 0.16589500000000001 0.217975
5 0.7013885 0.2582645 0.12345700000000004 0.24586699999999997
5 0.771991 0.202479 0.07484599999999997 0.07231399999999999
2 0.246528 0.524277 0.493056 0.30888399999999994
2 0.2978395 0.34555800000000003 0.12345700000000001 0.05888399999999999
2 0.550926 0.34297500000000003 0.13580200000000003 0.07024800000000003
2 0.758102 0.4721075 0.454476 0.208677
