8 0.0715625 0.50823 0.091875 0.308642
8 0.158125 0.5720164999999999 0.10124999999999999 0.22496499999999997
8 0.2984375 0.5562415 0.07937500000000003 0.16049300000000005
8 0.3784375 0.4993145 0.06312499999999999 0.12345699999999998
8 0.4353125 0.542524 0.06187500000000001 0.20439000000000002
8 0.520625 0.5932785 0.07499999999999996 0.160493
8 0.6334375 0.55487 0.06812499999999999 0.17969800000000002
8 0.7209375 0.5980795 0.07437500000000008 0.10973900000000003
8 0.8640625 0.6138545 0.09562499999999996 0.141289
8 0.9853125 0.568587 0.028125000000000067 0.16323799999999994
