0 0.24906150000000002 0.2551785 0.020025000000000015 0.047080999999999984
0 0.2684605 0.2909605 0.038799 0.058381000000000016
0 0.2853565 0.257062 0.027534999999999976 0.050848000000000004
0 0.351064 0.30226 0.038798 0.05084799999999995
0 0.43053850000000005 0.63371 0.140175 0.276836
0 0.4098875 0.346516 0.053817000000000004 0.06779599999999997
0 0.457447 0.3964215 0.05882399999999999 0.09604499999999999
0 0.515019 0.3973635 0.051314000000000026 0.10169500000000004
0 0.5544435000000001 0.4199625 0.07759700000000003 0.10546099999999997
0 0.6226535 0.4585685 0.09386700000000003 0.12241099999999994
0 0.669587 0.603578 0.10763400000000001 0.22410600000000003
