5 0.2910155 0.2063805 0.20312499999999997 0.269531
5 0.060547 0.222656 0.121094 0.445312
5 0.100586 0.3684895 0.12109400000000001 0.15885500000000002
5 0.290039 0.46224 0.06835999999999998 0.25
5 0.7001955 0.2871095 0.310547 0.574219
5 0.5849610000000001 0.4140625 0.04882799999999998 0.08854099999999998
5 0.6494139999999999 0.48828150000000003 0.019531999999999994 0.075521
5 0.6777345 0.5 0.02343699999999993 0.057291999999999954
5 0.844238 0.284505 0.30957 0.56901
3 0.918945 0.573568 0.16015599999999997 0.27994800000000003
