5 0.665 0.306667 0.25749999999999995 0.25
5 0.113125 0.30624999999999997 0.22625 0.610834
5 0.329375 0.35875 0.23249999999999998 0.2475
5 0.483125 0.38375000000000004 0.03375 0.045833999999999986
5 0.8909374999999999 0.46666700000000005 0.09187500000000004 0.09500000000000003
5 0.9293750000000001 0.1958335 0.14 0.391667
3 0.146875 0.5683335 0.15749999999999997 0.15166700000000005
3 0.23750000000000002 0.5216665 0.08000000000000002 0.11666699999999997
3 0.4303125 0.43125 0.016874999999999973 0.024165999999999965
3 0.436875 0.41625 0.016249999999999987 0.02749999999999997
3 0.78 0.5804165 0.19374999999999998 0.169167
