2 0.3565625 0.6916665 0.195625 0.19166700000000003
14 0.1584375 0.53625 0.028124999999999983 0.02083400000000002
14 0.2615625 0.2966665 0.12437499999999999 0.17166700000000001
14 0.3521875 0.5345835 0.06187500000000001 0.02416700000000005
2 0.27125 0.6320835 0.11125000000000002 0.08083299999999993
2 0.489375 0.634167 0.08749999999999997 0.10499999999999998
2 0.4859375 0.5758335 0.021875000000000033 0.011667000000000094
2 0.50625 0.5766665 0.028749999999999998 0.016666999999999987
2 0.5340625 0.6112500000000001 0.055625000000000036 0.07916599999999996
2 0.565625 0.5704165 0.0050000000000000044 0.015832999999999986
2 0.5725 0.5687500000000001 0.006250000000000089 0.015834000000000015
2 0.610625 0.5733334999999999 0.03874999999999995 0.03833300000000006
