0 0.033594 0.34375 0.067188 0.033333999999999975
0 0.5656249999999999 0.49895799999999996 0.7687499999999999 0.94375
2 0.021093499999999998 0.359375 0.029686999999999998 0.018750000000000044
2 0.053906499999999996 0.3572915 0.017187 0.014583000000000013
2 0.078125 0.36041650000000003 0.021874000000000005 0.016667000000000043
2 0.1171875 0.35624999999999996 0.025000999999999995 0.016666000000000014
2 0.563281 0.4802085 0.764062 0.960417
2 0.24843749999999998 0.3489585 0.04687499999999997 0.027082999999999968
2 0.932812 0.45416650000000003 0.08125000000000004 0.10416699999999995
2 0.961719 0.37812500000000004 0.051562 0.04375000000000001
2 0.9859375 0.45625 0.02500100000000005 0.058334
