8 0.037628999999999996 0.774375 0.048917999999999996 0.03375000000000006
8 0.6636875 0.82125 0.09313300000000002 0.07999999999999996
8 0.763405 0.8 0.09501399999999993 0.05625000000000002
8 0.9604895 0.799375 0.07525899999999996 0.05625000000000002
5 0.107714 0.49875 0.215428 0.27
5 0.1020695 0.578125 0.143933 0.11125000000000007
5 0.277046 0.496875 0.375352 0.27375000000000005
5 0.5404515000000001 0.57875 0.29068700000000003 0.27
5 0.6420505 0.48406249999999995 0.32455300000000004 0.138125
5 0.8193790000000001 0.5684374999999999 0.35936 0.239375
