5 0.08 0.222917 0.16 0.23249999999999998
5 0.21437499999999998 0.32416649999999997 0.10874999999999999 0.296667
5 0.29281250000000003 0.280417 0.08687499999999998 0.2775
5 0.48843749999999997 0.32125000000000004 0.33812499999999995 0.43750000000000006
5 0.57875 0.382083 0.09000000000000008 0.27749999999999997
5 0.6556249999999999 0.3675 0.03749999999999998 0.04166599999999998
5 0.8628125 0.3804165 0.059374999999999956 0.06416699999999997
5 0.9659375 0.3983335 0.06687500000000002 0.093333
10 0.36375 0.4291665 0.12874999999999998 0.091667
10 0.52875 0.48208300000000004 0.06375000000000003 0.017500000000000016
