8 0.13874999999999998 0.6733335 0.10124999999999999 0.098333
8 0.2940625 0.520833 0.051875000000000004 0.09499999999999997
8 0.3721875 0.5345835 0.05812499999999998 0.07083299999999992
8 0.46468750000000003 0.5045835 0.05437500000000001 0.095833
8 0.5765625000000001 0.5183335 0.06312499999999999 0.06166699999999997
8 0.6737500000000001 0.51625 0.06999999999999995 0.07583399999999996
8 0.7359375 0.52 0.04437500000000005 0.08333400000000002
8 0.7821875 0.4975 0.06437499999999996 0.10666600000000004
8 0.9128125 0.5433330000000001 0.02562500000000001 0.04999999999999993
5 0.4996875 0.1970835 0.999375 0.394167
