8 0.156875 0.5301035000000001 0.04500000000000001 0.04985899999999999
8 0.2478125 0.506115 0.06312499999999999 0.06397000000000003
8 0.3278125 0.543744 0.06187500000000001 0.06208799999999992
8 0.4809375 0.5145815 0.07312499999999994 0.12417700000000004
8 0.560625 0.555033 0.08250000000000002 0.08278399999999997
8 0.6290625000000001 0.4162745 0.02312499999999995 0.03480700000000003
8 0.6640625 0.469426 0.04187500000000011 0.09030999999999995
8 0.8015625 0.42191900000000004 0.02562500000000001 0.031044000000000016
8 0.8409375 0.407808 0.0318750000000001 0.047977999999999965
8 0.879375 0.43367849999999997 0.057499999999999996 0.05456299999999997
