4 0.091875 0.732309 0.18375 0.24860400000000005
2 0.37906249999999997 0.612663 0.06812500000000005 0.091248
2 0.41375 0.549814 0.04249999999999998 0.06424600000000003
2 0.7303124999999999 0.699721 0.33187500000000003 0.21508399999999994
4 0.10593749999999999 0.520484 0.029375 0.018622000000000027
4 0.14187499999999997 0.5451585 0.03 0.03445100000000001
4 0.1540625 0.5330539999999999 0.030624999999999986 0.03258799999999995
4 0.1684375 0.5232775000000001 0.023125000000000007 0.020484999999999975
4 0.474375 0.5740225 0.05624999999999997 0.05865900000000002
4 0.46468750000000003 0.5479514999999999 0.03437499999999999 0.04189900000000002
4 0.48062499999999997 0.5512105 0.043749999999999956 0.031656999999999935
