4 0.473125 0.6009375 0.24125000000000002 0.15437499999999993
5 0.2753125 0.311875 0.550625 0.62375
5 0.38249999999999995 0.47375 0.14875 0.12999999999999995
5 0.7434375 0.3965625 0.5118750000000001 0.793125
5 0.6165625 0.474375 0.244375 0.135
2 0.074375 0.6178125 0.14875 0.17437499999999995
2 0.1971875 0.5990625 0.210625 0.1193749999999999
2 0.5603125 0.5965625 0.39937500000000004 0.161875
4 0.6384375 0.5609375000000001 0.078125 0.08187500000000003
4 0.6793750000000001 0.564375 0.05124999999999991 0.06125000000000003
4 0.7025 0.5534375 0.028750000000000053 0.04937499999999995
4 0.7228125 0.5465625000000001 0.03562500000000002 0.03937500000000005
4 0.7465625 0.550625 0.02562500000000001 0.04125000000000001
4 0.788125 0.5490625 0.03249999999999997 0.030625000000000013
