14 0.2060545 0.4427085 0.01953100000000002 0.02604099999999998
14 0.23144550000000003 0.385417 0.04687500000000003 0.028646000000000005
14 0.2651365 0.435547 0.030272999999999994 0.050781999999999994
14 0.2661135 0.320964 0.032227000000000006 0.09244800000000003
14 0.4125975 0.4648435 0.014649000000000023 0.02083299999999999
14 0.413574 0.4726565 0.016602000000000006 0.015625
14 0.5112304999999999 0.4433595 0.018554999999999988 0.027343000000000006
14 0.6982425000000001 0.419922 0.029297000000000017 0.037760000000000016
2 0.365234 0.5436195 0.1875 0.11588500000000002
2 0.7202145 0.5494795 0.557617 0.11458299999999993
2 0.6049805 0.5651044999999999 0.125977 0.10416700000000001
