0 0.178711 0.3533725 0.357422 0.269795
5 0.051758 0.2001465 0.103516 0.060117000000000004
5 0.2578125 0.134164 0.515625 0.268328
5 0.5102535 0.298387 0.12011700000000003 0.20381200000000002
5 0.602539 0.306452 0.06054599999999999 0.181818
5 0.7250975 0.3313785 0.032227000000000006 0.16422300000000004
5 0.880371 0.2426685 0.03222599999999998 0.12170099999999998
5 0.9365235000000001 0.302053 0.07421899999999992 0.07331399999999999
2 0.6054685 0.4112905 0.029297000000000017 0.016129000000000004
2 0.6396485000000001 0.4120235 0.035156999999999994 0.017595000000000027
2 0.9389645 0.42668649999999997 0.12011700000000003 0.07038099999999997
