0 0.4775 0.567379 0.55875 0.766728
5 0.0465625 0.29089200000000004 0.093125 0.079926
5 0.058125 0.497212 0.11625 0.3791820000000001
5 0.1271875 0.4888475 0.083125 0.384759
5 0.1559375 0.330855 0.08437499999999999 0.182156
5 0.1771875 0.541357 0.080625 0.276022
5 0.215 0.37964699999999996 0.07124999999999998 0.112454
5 0.263125 0.3327135 0.11875000000000002 0.07249099999999997
2 0.6871875000000001 0.6431225 0.018125000000000058 0.01115300000000008
2 0.7153125 0.6403345 0.010624999999999996 0.013010999999999995
2 0.9246875 0.8248145 0.14937500000000004 0.110595
