5 0.5115625 0.433939 0.779375 0.867878
8 0.8309375 0.5660609999999999 0.07062499999999994 0.06193199999999999
5 0.11875 0.1515275 0.2375 0.303055
5 0.18156250000000002 0.2745665 0.06562500000000002 0.053675
5 0.2634375 0.285714 0.044375000000000026 0.06936400000000004
5 0.285625 0.304707 0.023749999999999993 0.04789399999999999
5 0.2925 0.261767 0.026249999999999996 0.04789400000000002
5 0.3371875 0.303055 0.019374999999999976 0.04128799999999999
5 0.5634375 0.3063585 0.07062500000000005 0.07597100000000001
5 0.648125 0.3377375 0.14625 0.323699
5 0.8728125 0.328654 0.20187500000000003 0.327002
