5 0.585 0.478661 0.09999999999999998 0.14058600000000004
8 0.07250000000000001 0.7748955 0.08375 0.15564900000000004
8 0.1546875 0.9292885 0.09062500000000001 0.11966500000000002
8 0.23093750000000002 0.8481175000000001 0.031875000000000014 0.07447700000000002
8 0.26875000000000004 0.8154809999999999 0.05375000000000002 0.16318
8 0.32218749999999996 0.721339 0.03437499999999999 0.016735999999999973
8 0.4128125 0.6853555 0.06937500000000002 0.09707099999999991
8 0.5175000000000001 0.6054394999999999 0.03500000000000003 0.03598299999999999
8 0.6415625 0.612134 0.02312499999999995 0.022594000000000003
8 0.83875 0.6782425 0.012499999999999956 0.020920999999999967
5 0.201875 0.4280335 0.04375000000000001 0.07447700000000002
5 0.2553125 0.4217575 0.05812499999999998 0.07866099999999998
