8 0.4328125 0.7005619999999999 0.104375 0.08716000000000002
8 0.0415625 0.9212745 0.083125 0.15557700000000008
8 0.0459375 0.6199625 0.08187499999999999 0.12277499999999997
8 0.1578125 0.575914 0.073125 0.06091800000000003
8 0.3125 0.5866915 0.04125000000000001 0.04873499999999997
8 0.3503125 0.578257 0.03687500000000005 0.065604
8 0.5865625000000001 0.541237 0.06187500000000001 0.042174000000000045
8 0.6178125000000001 0.48969050000000003 0.021874999999999978 0.03842499999999999
8 0.650625 0.4850045 0.010000000000000009 0.025305000000000022
8 0.6784375 0.6115280000000001 0.024375000000000036 0.08716000000000002
8 0.71 0.6232424999999999 0.04749999999999999 0.020619000000000054
8 0.8146875 0.7558575000000001 0.08437500000000009 0.10590500000000003
8 0.854375 0.6040300000000001 0.09000000000000008 0.08716000000000002
8 0.9496875 0.5042169999999999 0.06812499999999999 0.06372999999999995
