1 0.816875 0.4895835 0.26374999999999993 0.19916699999999998
1 0.029375 0.11833350000000001 0.05875 0.146667
1 0.080625 0.07 0.04375 0.108334
1 0.0996875 0.0770835 0.050625 0.11916700000000001
1 0.133125 0.122917 0.10750000000000001 0.1925
1 0.42562500000000003 0.24833300000000003 0.065 0.1
1 0.5328124999999999 0.28125 0.10562499999999997 0.19916599999999998
1 0.616875 0.149167 0.0625 0.09500000000000001
1 0.6434375000000001 0.0958335 0.104375 0.056666999999999995
1 0.6921875 0.2708335 0.135625 0.241667
1 0.6799999999999999 0.12291650000000001 0.03375000000000006 0.075833
2 0.0275 0.145417 0.055 0.062499999999999986
2 0.0403125 0.25125000000000003 0.080625 0.05750000000000002
2 0.04875 0.2133335 0.07375000000000001 0.05333299999999999
2 0.065625 0.304583 0.07875 0.07750000000000001
2 0.0959375 0.35833349999999997 0.10062499999999999 0.10166700000000001
2 0.159375 0.245417 0.06999999999999999 0.07250000000000001
2 0.2284375 0.2679165 0.070625 0.07583300000000001
2 0.4609375 0.300833 0.04562500000000003 0.10500000000000001
2 0.46875 0.2416665 0.04249999999999998 0.068333
2 0.6087499999999999 0.285 0.04625000000000001 0.093334
2 0.8065625000000001 0.7016665 0.26312499999999994 0.15833299999999995
2 0.7334375 0.40125 0.09687499999999993 0.129166
