11 0.30093749999999997 0.248799 0.06812500000000005 0.021133999999999986
11 0.4865625 0.284342 0.07562500000000005 0.049951999999999996
11 0.7396875 0.377522 0.1206250000000001 0.074928
5 0.0434375 0.150336 0.066875 0.027857999999999994
5 0.1721875 0.1460135 0.109375 0.080691
5 0.2803125 0.159462 0.08937500000000001 0.09606200000000001
5 0.3584375 0.2324685 0.030625000000000013 0.10758899999999999
5 0.4225 0.216619 0.03875000000000001 0.12776200000000001
5 0.490625 0.1623435 0.10499999999999998 0.142171
5 0.8374999999999999 0.1685875 0.09750000000000003 0.114313
5 0.901875 0.206052 0.10250000000000004 0.412104
5 0.9703125 0.223823 0.05812499999999998 0.07877
2 0.5046875 0.39961599999999997 0.989375 0.309318
