1 0.19 0.84402 0.27 0.24711799999999995
2 0.4875 0.9070605 0.1725 0.13976899999999992
5 0.0621875 0.8000725 0.124375 0.12031700000000001
5 0.49 0.779539 0.6012500000000001 0.16138399999999997
5 0.8790625 0.8007925 0.06687500000000002 0.06988499999999997
5 0.9303125 0.7993515 0.05062499999999992 0.07708899999999996
5 0.9771875 0.7899855 0.03687499999999999 0.05835699999999999
2 0.025625 0.8541065 0.05125 0.059798999999999936
2 0.06343750000000001 0.8742795000000001 0.10687500000000001 0.10446699999999998
2 0.3253125 0.8523054999999999 0.018125000000000002 0.043227000000000015
2 0.3465625 0.850144 0.026874999999999982 0.02881800000000001
2 0.370625 0.85915 0.04625000000000001 0.04971199999999998
2 0.40249999999999997 0.8533865 0.016250000000000042 0.03242099999999992
2 0.41000000000000003 0.8494235 0.007500000000000007 0.020172999999999996
2 0.5684374999999999 0.856628 0.03437499999999993 0.034582
2 0.601875 0.850144 0.03125 0.01584999999999992
2 0.64125 0.851945 0.02124999999999999 0.019451999999999914
2 0.70375 0.8591500000000001 0.09375 0.07708999999999999
2 0.8049999999999999 0.8508644999999999 0.061249999999999916 0.03602300000000003
2 0.864375 0.838977 0.030000000000000027 0.02377600000000002
2 0.888125 0.8353744999999999 0.032500000000000084 0.02377499999999999
2 0.923125 0.8357345 0.05249999999999999 0.020172999999999996
2 0.9765625 0.8364555 0.04312500000000008 0.028818999999999928
