5 0.0183445 0.8456935 0.036689 0.10287099999999993
5 0.072907 0.8169854999999999 0.03856999999999999 0.131579
5 0.1599245 0.7811005 0.11100700000000001 0.270335
5 0.254939 0.721292 0.07525799999999999 0.22248800000000002
5 0.313264 0.813397 0.035748 0.263158
5 0.362653 0.8086125 0.06491000000000002 0.23923499999999998
5 0.3941675 0.8373205 0.03951099999999996 0.177033
5 0.456256 0.843301 0.043274000000000035 0.22248800000000002
5 0.526811 0.7799045 0.04891800000000002 0.25358900000000006
5 0.979774 0.8098084999999999 0.03856999999999999 0.22727299999999995
3 0.8833489999999999 0.8971295 0.11853199999999997 0.20095700000000005
