14 0.0728125 0.245 0.018125000000000002 0.05222199999999999
14 0.30874999999999997 0.18833350000000001 0.04375000000000001 0.143333
14 0.3840625 0.22222199999999998 0.015625 0.06222199999999997
14 0.43875 0.296111 0.013749999999999984 0.03222199999999997
14 0.5821875 0.026111 0.03687499999999999 0.052222
14 0.6640625 0.0755555 0.016874999999999973 0.095555
14 0.723125 0.13222250000000002 0.013749999999999929 0.068889
5 0.105 0.24166649999999998 0.21 0.336667
5 0.2884375 0.2116665 0.189375 0.423333
5 0.42 0.301667 0.07750000000000001 0.247778
5 0.6809375 0.210556 0.20937499999999998 0.33
