14 0.49624999999999997 0.429174 0.06 0.04408999999999996
14 0.9909375 0.608349 0.016874999999999973 0.038461999999999996
5 0.0484375 0.44324549999999996 0.096875 0.2729829999999999
5 0.0971875 0.3649155 0.194375 0.604127
5 0.13625 0.55394 0.07875 0.18292599999999992
5 0.4121875 0.283302 0.543125 0.566604
5 0.25468749999999996 0.5206379999999999 0.12312499999999998 0.09193200000000001
5 0.44906250000000003 0.572233 0.18562499999999998 0.322702
5 0.52625 0.423546 0.20750000000000002 0.417448
5 0.7734375 0.3878985 0.318125 0.578799
5 0.8828125 0.39446549999999997 0.130625 0.494371
5 0.8915625 0.380863 0.07687500000000003 0.12945600000000002
2 0.010625 0.7462475 0.02125 0.04971899999999996
2 0.0959375 0.749062 0.131875 0.10225200000000001
2 0.9290625 0.6857409999999999 0.02937499999999993 0.048779999999999935
2 0.9628125 0.6894935 0.02562500000000001 0.02814300000000003
