14 0.1046875 0.40958300000000003 0.021875000000000006 0.027500000000000024
14 0.1275 0.36458349999999995 0.039999999999999994 0.029167
14 0.1275 0.365833 0.036250000000000004 0.015000000000000013
14 0.169375 0.3383335 0.07374999999999998 0.021666999999999992
14 0.5525 0.2816665 0.010000000000000009 0.06333299999999997
14 0.6487499999999999 0.2995835 0.01375000000000004 0.05583300000000002
14 0.7846875 0.4095835 0.020625000000000004 0.02083299999999999
14 0.8328125 0.154583 0.021874999999999978 0.0775
14 0.856875 0.17875000000000002 0.03500000000000003 0.085834
14 0.9909375 0.058333 0.016874999999999973 0.11
