8 0.060049 0.7892155000000001 0.080882 0.14052300000000006
5 0.8198525000000001 0.4395425 0.262255 0.38888899999999993
5 0.0367645 0.228758 0.073529 0.30719
5 0.110294 0.7042485 0.220588 0.3692810000000001
5 0.129902 0.3006535 0.259804 0.320261
5 0.0980395 0.4656865 0.151961 0.18627499999999997
5 0.2843135 0.3039215 0.13235300000000003 0.281045
5 0.392157 0.4330065 0.07353000000000004 0.12745099999999998
5 0.44730400000000003 0.614379 0.16421599999999997 0.32026200000000005
5 0.6053925 0.210784 0.38725499999999996 0.29085
5 0.7401964999999999 0.3218955 0.14215699999999998 0.13398699999999997
5 0.845588 0.1650325 0.21078400000000008 0.330065
5 0.9460785 0.2058825 0.10294100000000006 0.411765
