1 0.261438 0.818627 0.522876 0.26143800000000006
11 0.875 0.40359449999999997 0.24673199999999995 0.10784299999999997
10 0.147059 0.1037585 0.212418 0.10947699999999999
10 0.379085 0.3031045 0.25490199999999996 0.106209
10 0.384804 0.829248 0.04411799999999999 0.02777800000000008
10 0.61683 0.4477125 0.20097999999999994 0.091503
10 0.5931375 0.8627450000000001 0.13071900000000003 0.09804000000000002
10 0.645425 0.4084965 0.21568600000000004 0.091503
10 0.7075165 0.6789215 0.1797390000000001 0.11274499999999998
2 0.41421549999999996 0.7565360000000001 0.18137299999999995 0.11111199999999999
