1 0.7765625 0.6988915 0.17812499999999998 0.240147
2 0.7721875 0.69766 0.16937500000000005 0.22783199999999992
2 0.02125 0.5745075 0.0425 0.055418999999999996
2 0.0409375 0.6385465 0.081875 0.13916299999999993
2 0.2434375 0.6133 0.08187499999999998 0.09359600000000001
2 0.34781249999999997 0.6237685 0.08812499999999995 0.13669900000000001
2 0.38687499999999997 0.5923645 0.06875000000000003 0.07389100000000004
2 0.7565625 0.5129315 0.016874999999999973 0.01847299999999996
2 0.8378125000000001 0.5104679999999999 0.010624999999999996 0.013545999999999947
2 0.848125 0.510468 0.007500000000000062 0.018472000000000044
2 0.90375 0.570813 0.09875 0.11453200000000008
2 0.8928125 0.5080045 0.020625000000000004 0.01847299999999996
2 0.9228125 0.52032 0.07562499999999994 0.04310400000000003
2 0.94875 0.497537 0.03249999999999997 0.019704
2 0.994375 0.48768500000000004 0.010000000000000009 0.009852000000000027
2 0.994375 0.5012314999999999 0.010000000000000009 0.022166999999999992
