4 0.81 0.5664175 0.2300000000000001 0.18989699999999998
2 0.1703125 0.4681945 0.013124999999999998 0.015903
2 0.1871875 0.471936 0.018125000000000002 0.027127999999999985
2 0.235 0.4728715 0.008750000000000008 0.025256999999999974
2 0.24906250000000002 0.47895200000000004 0.02687500000000001 0.02432200000000001
2 0.2625 0.474743 0.011249999999999982 0.023385999999999962
2 0.34375 0.501403 0.05874999999999997 0.05799800000000005
2 0.3659375 0.485968 0.01687500000000003 0.030870000000000064
2 0.43656249999999996 0.499532 0.060624999999999984 0.06548199999999998
2 0.9328125 0.5224505 0.12812499999999993 0.05332100000000001
2 0.936875 0.5748365 0.125 0.11880299999999999
