8 0.2878125 0.5882350000000001 0.11812499999999998 0.22222200000000003
8 0.240625 0.338469 0.017500000000000016 0.030812000000000006
8 0.395 0.8538749999999999 0.1725 0.26610600000000006
8 0.39125 0.5901025 0.04749999999999999 0.20541500000000001
8 0.5571875 0.8744164999999999 0.18937499999999996 0.24929900000000005
8 0.5265625 0.5882355 0.08687499999999992 0.201681
8 0.6940625 0.5770310000000001 0.11812500000000004 0.06349199999999999
8 0.7775000000000001 0.9253035000000001 0.17125 0.14752500000000002
8 0.8246875 0.619981 0.12312499999999993 0.24836600000000003
1 0.1978125 0.3338 0.311875 0.15966399999999997
