8 0.8171875 0.7429165 0.17312500000000008 0.255833
8 0.0853125 0.41916699999999996 0.06437499999999999 0.065
8 0.1234375 0.4083335 0.026874999999999996 0.048333000000000015
8 0.17781249999999998 0.4654165 0.10187500000000002 0.08583300000000005
8 0.2321875 0.3745835 0.016875 0.030833
8 0.265 0.4241665 0.07250000000000001 0.06833299999999998
8 0.34875 0.42333350000000003 0.07250000000000001 0.10833299999999996
8 0.43937499999999996 0.7333335000000001 0.15250000000000002 0.156667
8 0.65375 0.47875 0.0824999999999999 0.12916599999999995
8 0.935 0.624583 0.12875000000000003 0.1875
5 0.139375 0.11 0.19124999999999998 0.22
5 0.61625 0.235 0.76625 0.47
