1 0.35000000000000003 0.661663 0.586666 0.5565819999999999
5 0.0775 0.3360275 0.155 0.672055
5 0.205833 0.2494225 0.255 0.498845
5 0.40750000000000003 0.174365 0.22166600000000003 0.34873
5 0.5283335 0.2113165 0.18333299999999997 0.311779
5 0.6341669999999999 0.36951500000000004 0.17499999999999993 0.34642
5 0.743333 0.438799 0.15000000000000002 0.254042
5 0.8641665000000001 0.295612 0.26833300000000004 0.591224
5 0.834167 0.5 0.14500000000000002 0.17321000000000003
1 0.7625 0.5842955000000001 0.15833400000000009 0.161663
