8 0.37093750000000003 0.6821165 0.13062500000000005 0.195693
8 0.28812499999999996 0.4030895 0.007500000000000007 0.019662999999999986
8 0.30281250000000004 0.4246255 0.011875000000000024 0.03464499999999998
8 0.48406249999999995 0.463951 0.018125000000000002 0.051498000000000044
8 0.5615625 0.6460675 0.11687499999999995 0.166667
8 0.676875 0.46863299999999997 0.03750000000000009 0.045879999999999976
8 0.7153125 0.46863299999999997 0.034375000000000044 0.030898000000000037
8 0.8475 0.488764 0.04249999999999998 0.013107999999999953
8 0.8753124999999999 0.49625450000000004 0.021874999999999978 0.04868900000000004
8 0.9446875 0.5182585 0.055625000000000036 0.053371
