8 0.8140624999999999 0.7223265 0.19937499999999997 0.35459700000000005
8 0.4621875 0.848968 0.13562500000000005 0.22326400000000002
8 0.5487500000000001 0.792683 0.05999999999999994 0.06379000000000001
5 0.0540625 0.2636025 0.108125 0.527205
5 0.13 0.262664 0.13374999999999998 0.525328
5 0.213125 0.250938 0.14625 0.501876
5 0.3125 0.2570355 0.17 0.514071
5 0.44000000000000006 0.064728 0.22000000000000003 0.129456
5 0.5015625 0.272983 0.29437500000000005 0.545966
5 0.6384375 0.227017 0.27937499999999993 0.454034
5 0.7759375 0.0281425 0.176875 0.056285
5 0.911875 0.316604 0.17500000000000004 0.633208
