1 0.6278125 0.694583 0.46187500000000004 0.5275
2 0.958125 0.7933334999999999 0.06875000000000009 0.093333
0 0.63 0.6808335 0.46875 0.49333299999999997
5 0.0515625 0.5354165 0.103125 0.450833
5 0.0534375 0.6254165 0.106875 0.28583300000000006
5 0.0575 0.6704165 0.08 0.18083300000000002
5 0.16624999999999998 0.53375 0.26875 0.45416599999999996
5 0.08625 0.64375 0.08 0.2791659999999999
5 0.15812500000000002 0.6654169999999999 0.07625000000000001 0.22250000000000003
5 0.2290625 0.68625 0.09687500000000002 0.17416600000000004
5 0.36531250000000004 0.5745835 0.221875 0.384167
5 0.9021875 0.1583335 0.19437499999999996 0.316667
5 0.8740625 0.575 0.12937500000000002 0.34833400000000003
5 0.940625 0.5158335000000001 0.10750000000000004 0.24666700000000003
5 0.9478125 0.62 0.10312500000000002 0.303334
2 0.9121874999999999 0.79 0.03187499999999999 0.043333999999999984
