9 0.0340625 0.6090825 0.066875 0.36797699999999994
9 0.783125 0.6610485 0.30125 0.672285
5 0.0296875 0.270131 0.059375 0.26498199999999994
5 0.0909375 0.3618915 0.08812500000000001 0.203183
5 0.200625 0.3192885 0.048750000000000016 0.074907
5 0.295 0.3253745 0.05125000000000002 0.053371
5 0.4559375 0.317884 0.03187499999999999 0.11142399999999997
5 0.56625 0.3160115 0.030000000000000027 0.09269700000000003
5 0.693125 0.2776215 0.04749999999999999 0.064607
5 0.8003125 0.304307 0.07187500000000002 0.14232200000000003
5 0.871875 0.389045 0.08250000000000002 0.13764000000000004
5 0.9393750000000001 0.122659 0.12 0.245318
5 0.941875 0.4138575 0.11499999999999999 0.10674099999999997
5 0.9478125 0.26030000000000003 0.10312500000000002 0.27340800000000004
