5 0.1053125 0.28139749999999997 0.210625 0.37960299999999997
5 0.3165625 0.2016055 0.570625 0.403211
5 0.35750000000000004 0.380548 0.15499999999999997 0.16430599999999995
5 0.61 0.3796035 0.023749999999999938 0.06232300000000002
5 0.735 0.3866855 0.043749999999999956 0.044381000000000004
5 0.79625 0.37204899999999996 0.06125000000000003 0.081208
5 0.84625 0.391879 0.053750000000000075 0.077432
5 0.8815625 0.40132199999999996 0.03187499999999999 0.06609999999999999
5 0.91625 0.3833805 0.05249999999999999 0.14730900000000002
5 0.9612499999999999 0.3607175 0.07625000000000004 0.321057
10 0.4140625 0.47592049999999997 0.02562500000000001 0.016996999999999984
10 0.5115625 0.5127474999999999 0.024375000000000036 0.01699700000000004
10 0.7071875000000001 0.5481585 0.04062500000000002 0.023606999999999934
10 0.8271875 0.4981115 0.03187499999999999 0.016052999999999984
10 0.855 0.5774315 0.04499999999999993 0.025495000000000045
10 0.9665625 0.48158650000000003 0.026874999999999982 0.009443000000000035
