8 0.46754399999999996 0.5371874999999999 0.278948 0.10312500000000002
11 0.1951755 0.10843749999999999 0.069299 0.02062499999999999
11 0.4100875 0.111875 0.057016999999999984 0.013749999999999998
11 0.473684 0.218125 0.09298200000000006 0.02375000000000002
11 0.655702 0.11374999999999999 0.030702000000000007 0.013749999999999998
11 0.9692985000000001 0.136875 0.05964899999999995 0.01874999999999999
8 0.21622799999999998 0.40531249999999996 0.167544 0.12312499999999998
8 0.67807 0.255 0.04561399999999993 0.03125
8 0.785965 0.20625 0.04561400000000004 0.022499999999999992
8 0.8298245 0.2234375 0.05789500000000003 0.02562499999999998
8 0.881579 0.2190625 0.05087799999999998 0.040624999999999994
8 0.9135964999999999 0.24906250000000002 0.023685000000000067 0.031875000000000014
