8 0.8909374999999999 0.6979365 0.11687499999999995 0.268293
8 0.0184375 0.696998 0.036875 0.2382740000000001
8 0.10468749999999999 0.3597565 0.033125 0.032833
8 0.18312499999999998 0.47420249999999997 0.04124999999999998 0.05722299999999997
8 0.24031249999999998 0.3072235 0.024375000000000008 0.030957000000000012
8 0.2765625 0.32035650000000004 0.030625000000000013 0.03846100000000002
8 0.4346875 0.47701699999999997 0.080625 0.13602199999999998
8 0.5671875 0.4751405 0.08437499999999998 0.098499
8 0.6896875 0.2973735 0.01937499999999992 0.030019000000000018
8 0.801875 0.569418 0.0462499999999999 0.06754199999999999
8 0.8318749999999999 0.38602250000000005 0.03500000000000003 0.042213
8 0.9515625 0.4319885 0.023125000000000062 0.09662300000000001
