0 0.548125 0.6299250000000001 0.37875000000000003 0.261726
2 0.0215625 0.6998125 0.043125 0.07317099999999999
2 0.0421875 0.664634 0.024375 0.027203999999999895
2 0.1134375 0.70591 0.128125 0.06472800000000001
2 0.1953125 0.704503 0.03812500000000002 0.08255199999999996
2 0.19968750000000002 0.704034 0.019375000000000003 0.04596600000000006
2 0.2434375 0.6998125 0.106875 0.08067499999999994
2 0.33999999999999997 0.7110695 0.048750000000000016 0.07504699999999997
2 0.4284375 0.7401504999999999 0.06937500000000002 0.011256999999999961
2 0.519375 0.7443715 0.010000000000000009 0.012195000000000067
2 0.68875 0.7096625000000001 0.05249999999999999 0.08161300000000005
2 0.77 0.7124765 0.11875000000000002 0.11726099999999995
2 0.875 0.715291 0.09375 0.12664199999999992
2 0.9540625 0.721388 0.09062500000000007 0.15009399999999995
