11 0.035625 0.5938085 0.031249999999999997 0.06941900000000001
11 0.1721875 0.420732 0.078125 0.042213999999999974
11 0.264375 0.424484 0.065 0.03095600000000004
11 0.3040625 0.3302065 0.046875 0.018761000000000028
11 0.3615625 0.30675450000000004 0.024375000000000036 0.015008999999999995
11 0.4603125 0.2434335 0.02437499999999998 0.012195000000000011
11 0.4828125 0.48545950000000004 0.043125000000000024 0.02720499999999998
11 0.5415625 0.26266449999999997 0.020625000000000004 0.011257000000000017
11 0.7978125 0.4404315 0.07437499999999997 0.04409100000000005
11 0.8728125 0.217636 0.02187500000000009 0.005627999999999994
11 0.885 0.37242 0.043749999999999956 0.026265999999999956
11 0.9290625 0.2270165 0.024375000000000036 0.009381
5 0.5 0.1697935 0.99875 0.339587
