5 0.1209375 0.5056285 0.241875 0.330207
5 0.365625 0.491088 0.26 0.17917400000000006
5 0.421875 0.900563 0.10875000000000001 0.13695999999999997
5 0.5096875 0.5239214999999999 0.033125000000000016 0.12101299999999993
5 0.5762499999999999 0.5257975 0.04874999999999996 0.13977500000000004
5 0.62375 0.8391185 0.05625000000000002 0.12101300000000004
5 0.775625 0.5281425 0.35250000000000004 0.07879900000000001
5 0.6628125 0.718105 0.12187499999999996 0.167918
5 0.683125 0.511257 0.05499999999999994 0.12757999999999997
5 0.753125 0.6923079999999999 0.06375000000000008 0.08442800000000006
5 0.8484375 0.8325515 0.114375 0.2917449999999999
5 0.9075 0.6604129999999999 0.04249999999999998 0.04127599999999998
5 0.9359375 0.6139775000000001 0.023125000000000062 0.04784299999999997
5 0.9709375 0.489212 0.05687500000000001 0.14352800000000004
3 0.195625 0.7654785 0.21625000000000003 0.18011300000000008
