5 0.029703 0.528878 0.059406 0.16006599999999999
5 0.029703 0.6749175000000001 0.024752 0.11221099999999995
5 0.039604 0.8316835 0.039604 0.11221100000000006
5 0.0804455 0.708746 0.044555 0.11716199999999999
5 0.0903465 0.5148515 0.051981 0.14521499999999993
5 0.1398515 0.5759075 0.056930999999999995 0.10231100000000004
5 0.22029700000000002 0.5907595000000001 0.05940599999999999 0.089109
5 0.3001235 0.481023 0.147277 0.14356399999999997
5 0.4387375 0.577558 0.14727700000000005 0.16501600000000005
10 0.5860145 0.436469 0.253713 0.14026399999999994
