0 0.3009375 0.7617705 0.271875 0.43691100000000005
14 0.036875 0.7834274999999999 0.055 0.06967899999999994
14 0.11125 0.8460449999999999 0.037500000000000006 0.04425599999999996
14 0.4603125 0.863465 0.04812499999999997 0.16760799999999998
14 0.45281249999999995 0.5032955 0.023125000000000007 0.142185
14 0.5115625 0.9472689999999999 0.05687500000000001 0.05461400000000005
14 0.6678125 0.561205 0.059374999999999956 0.08474599999999999
14 0.6696875 0.565913 0.034375000000000044 0.07909600000000006
14 0.6678125 0.6304145000000001 0.02562500000000001 0.031073000000000017
14 0.7025 0.6365350000000001 0.04875000000000007 0.026366
14 0.720625 0.259887 0.05125000000000002 0.161958
14 0.7103125 0.53484 0.015625 0.06779599999999997
14 0.7178125 0.619115 0.030625000000000013 0.016008000000000022
14 0.88375 0.35452 0.11624999999999996 0.09887000000000001
5 0.4996875 0.4119585 0.999375 0.823917
