4 0.81125 0.8775 0.28125 0.22833399999999993
0 0.82875 0.69375 0.34125000000000005 0.605834
2 0.21781250000000002 0.48541650000000003 0.105625 0.12416699999999997
2 0.32 0.6820835000000001 0.13124999999999998 0.2441669999999999
2 0.5646875 0.2995835 0.06312499999999999 0.06583300000000003
2 0.5840624999999999 0.20541700000000002 0.030625000000000013 0.037500000000000006
2 0.7228125000000001 0.197917 0.03187499999999999 0.0325
2 0.8159375 0.24875 0.06187500000000001 0.04916599999999999
4 0.24 0.2033335 0.04000000000000001 0.04333300000000001
4 0.28218750000000004 0.16625 0.02437499999999998 0.027499999999999997
4 0.3425 0.13624999999999998 0.03125 0.02083399999999999
4 0.3753125 0.17333300000000001 0.02937500000000004 0.035
4 0.515 0.24083349999999998 0.04249999999999998 0.05166699999999999
4 0.5459375 0.14041700000000001 0.016874999999999973 0.022499999999999992
4 0.6621874999999999 0.1654165 0.03187499999999999 0.029167
4 0.731875 0.2516665 0.04999999999999993 0.063333
