5 0.469375 0.7116785 0.3 0.43876699999999996
0 0.21218750000000003 0.4805355 0.16687500000000002 0.211679
0 0.5946875 0.4829685 0.03312499999999996 0.038119000000000014
0 0.6490625000000001 0.4801295 0.051875000000000004 0.03730699999999998
5 0.22125 0.268451 0.4425 0.536902
5 0.5075000000000001 0.437551 0.04749999999999999 0.07218200000000002
5 0.5940624999999999 0.443228 0.05437499999999995 0.091646
5 0.7846875 0.256691 0.42937500000000006 0.513382
2 0.1 0.5178425 0.065 0.06731500000000001
2 0.301875 0.525142 0.040000000000000036 0.07055999999999996
2 0.3175 0.5117595 0.020000000000000018 0.02757499999999996
2 0.35531250000000003 0.496756 0.026875000000000038 0.021897999999999973
2 0.36375 0.508921 0.017500000000000016 0.025141999999999942
2 0.3875 0.5214920000000001 0.057499999999999996 0.06325999999999998
2 0.38125 0.49756700000000004 0.019999999999999962 0.013788000000000022
2 0.4509375 0.5206810000000001 0.05437500000000001 0.04866200000000004
2 0.5275 0.5020275000000001 0.06374999999999997 0.03244100000000005
2 0.571875 0.5089215 0.022499999999999964 0.038119000000000014
2 0.6253124999999999 0.51176 0.125625 0.058394
2 0.5825 0.5068935 0.025000000000000022 0.030818999999999985
2 0.603125 0.5105435 0.040000000000000036 0.04136299999999993
2 0.66125 0.5170315 0.023749999999999938 0.04785100000000003
2 0.67875 0.523114 0.02124999999999999 0.05028399999999994
2 0.70125 0.524331 0.0625 0.059206000000000036
