14 0.255625 0.42291650000000003 0.04125000000000001 0.029167
14 0.25625 0.45375 0.04250000000000004 0.029166000000000025
14 0.2575 0.485417 0.037500000000000006 0.03750000000000003
14 0.3884375 0.47625 0.010624999999999996 0.025834000000000024
14 0.6715625000000001 0.6620835 0.020625000000000004 0.029167000000000054
14 0.74625 0.48291649999999997 0.012499999999999956 0.029167
2 0.543125 0.575 0.11000000000000004 0.08500000000000008
2 0.598125 0.5904165 0.03875000000000006 0.07083299999999992
2 0.6271875 0.5941665 0.04312500000000008 0.05666700000000002
2 0.7518750000000001 0.60375 0.14 0.07583399999999996
2 0.925625 0.6979169999999999 0.14749999999999996 0.1925
