5 0.088125 0.562083 0.17625 0.2825
5 0.0365625 0.17875000000000002 0.071875 0.04250000000000001
5 0.1075 0.05541650000000001 0.03375 0.024167
5 0.2665625 0.0220835 0.030625000000000013 0.019167
5 0.735 0.305 0.52875 0.61
5 0.696875 0.7929165 0.2925 0.295833
5 0.7471875 0.40625 0.05437500000000006 0.08083399999999996
5 0.7825 0.3666665 0.03249999999999997 0.04333300000000001
5 0.8159375 0.367083 0.026874999999999982 0.03749999999999998
5 0.9440625 0.79 0.11062499999999997 0.411666
5 0.9596875 0.342917 0.06062500000000004 0.07249999999999995
10 0.4503125 0.5220835 0.34312499999999996 0.12083300000000002
