8 0.4675 0.5646875 0.19166599999999995 0.055625000000000036
8 0.0104165 0.5353125000000001 0.020833 0.04062500000000002
8 0.09125 0.5590625 0.07750000000000001 0.034375000000000044
8 0.6345835 0.4565625 0.13416700000000004 0.04812500000000003
8 0.70875 0.44125000000000003 0.022499999999999964 0.023749999999999993
8 0.795 0.366875 0.10499999999999998 0.04625000000000001
8 0.9008335000000001 0.4515625 0.06166700000000003 0.026875000000000038
2 0.1408335 0.4365625 0.281667 0.40312500000000007
2 0.3166665 0.43875 0.136667 0.16749999999999998
2 0.6341665 0.309375 0.28666699999999995 0.22
