2 0.6025 0.8212945 0.47750000000000004 0.34615300000000004
11 0.059375 0.661351 0.04750000000000001 0.022514000000000034
11 0.238125 0.397749 0.08124999999999999 0.04502800000000001
11 0.6721874999999999 0.764071 0.020625000000000004 0.02157599999999993
2 0.2146875 0.8878984999999999 0.429375 0.22232700000000005
2 0.3903125 0.5703564999999999 0.073125 0.08067499999999994
2 0.4078125 0.5783305 0.09687499999999999 0.057223000000000024
2 0.4865625 0.675422 0.203125 0.22138800000000003
2 0.8525 0.8227015 0.21250000000000002 0.35272099999999995
2 0.9340625 0.7659475 0.130625 0.267355
