1 0.4559375 0.38208299999999995 0.20812500000000006 0.1225
2 0.0565625 0.8125 0.113125 0.20500000000000007
2 0.2225 0.89 0.445 0.21833400000000003
2 0.14375 0.5929165 0.12375 0.13083299999999998
2 0.29093749999999996 0.5854165 0.17062499999999997 0.16416699999999995
2 0.5996875 0.92875 0.4418750000000001 0.14083400000000001
2 0.49374999999999997 0.6316665 0.18374999999999997 0.16333299999999995
2 0.6925 0.6404164999999999 0.23249999999999993 0.1608329999999999
2 0.9028125 0.61625 0.193125 0.16749999999999998
2 0.9553125 0.7883335 0.08812500000000001 0.25333300000000003
