8 0.08812500000000001 0.6674485 0.1125 0.21106899999999995
8 0.3034375 0.6242965 0.08437500000000003 0.137899
8 0.47375 0.5712945 0.08749999999999997 0.09005699999999994
8 0.571875 0.6106944999999999 0.08125000000000004 0.05440900000000004
8 0.7128125000000001 0.6923075000000001 0.06562499999999993 0.071295
8 0.9109375 0.6463415 0.12062499999999998 0.12195099999999992
0 0.138125 0.2983115 0.21500000000000002 0.335835
0 0.4003125 0.23968099999999998 0.290625 0.434334
0 0.7065625 0.21247649999999998 0.37312499999999993 0.423077
0 0.900625 0.22326449999999998 0.1975 0.429643
