5 0.123535 0.905599 0.10839800000000001 0.15755200000000003
10 0.573242 0.44987 0.26367199999999996 0.12109400000000003
5 0.0703125 0.434245 0.033203 0.06640599999999997
5 0.088379 0.319661 0.016602000000000006 0.06119800000000003
5 0.104492 0.32747400000000004 0.01757800000000001 0.02734399999999998
5 0.1416015 0.3385415 0.015625 0.015625
5 0.175293 0.452474 0.036132 0.061197999999999975
5 0.4160155 0.4335935 0.05078100000000002 0.07291700000000001
5 0.7460935 0.6490885 0.08789100000000005 0.222657
5 0.815918 0.46809900000000004 0.077148 0.076822
5 0.891602 0.451172 0.03125 0.037760000000000016
5 0.9873045 0.479167 0.02343700000000004 0.06510400000000005
5 0.991699 0.41731799999999997 0.014647999999999994 0.03515600000000002
