4 0.17375000000000002 0.889046 0.11250000000000002 0.10481600000000002
2 0.0746875 0.9423985 0.149375 0.11331500000000005
2 0.5221875 0.840888 0.07437499999999997 0.04627000000000003
4 0.0746875 0.8588294999999999 0.129375 0.05571300000000001
4 0.305 0.825779 0.04249999999999998 0.010387999999999953
4 0.4653125 0.8380544999999999 0.06312499999999999 0.042493
4 0.6234375 0.846553 0.07937499999999997 0.03871599999999997
4 0.7571875 0.8441925 0.078125 0.03021699999999994
4 0.8887499999999999 0.842776 0.06625000000000003 0.03871599999999997
4 0.9278124999999999 0.8503305 0.08562499999999995 0.05004699999999995
4 0.9528125 0.8484419999999999 0.05687500000000001 0.034938000000000025
