5 0.743125 0.2969045 0.1975 0.5131330000000001
8 0.24093750000000003 0.5694185 0.06812500000000002 0.135085
8 0.5137499999999999 0.5633205 0.04874999999999996 0.03658500000000009
5 0.138125 0.3545965 0.27625 0.709193
5 0.321875 0.271576 0.1525 0.543152
5 0.469375 0.326454 0.2575 0.652908
5 0.5840624999999999 0.248124 0.13312500000000005 0.33302
5 0.903125 0.295028 0.1925 0.590056
2 0.2225 0.6374299999999999 0.42375 0.21669799999999995
2 0.7525 0.6575985 0.1974999999999999 0.14634100000000005
2 0.9240625 0.655722 0.150625 0.15009399999999995
