5 0.29500000000000004 0.5891185 0.30375 0.38086299999999995
5 0.0646875 0.50985 0.076875 0.252346
5 0.0990625 0.236867 0.05812499999999998 0.04784200000000002
5 0.569375 0.6552534999999999 0.24874999999999997 0.24671699999999996
5 0.5465625000000001 0.7612570000000001 0.07562499999999994 0.130394
5 0.8765624999999999 0.6360225 0.22062499999999996 0.242027
3 0.0634375 0.815666 0.126875 0.13227
3 0.0409375 0.7166980000000001 0.074375 0.07317000000000007
3 0.6865625 0.910882 0.259375 0.131332
3 0.844375 0.8231705 0.20500000000000007 0.12476500000000001
