2 0.8240625 0.67625 0.254375 0.17416600000000004
0 0.3496875 0.5754170000000001 0.395625 0.5475
5 0.1846875 0.3608335 0.369375 0.721667
5 0.7637499999999999 0.4741665 0.47125000000000006 0.333333
2 0.0271875 0.68125 0.023125 0.022499999999999964
2 0.04375 0.64125 0.027500000000000004 0.019166000000000016
2 0.050312499999999996 0.6241665000000001 0.021875 0.011666999999999983
2 0.06125 0.6654165000000001 0.024999999999999994 0.019167000000000045
2 0.0728125 0.6083335 0.011874999999999997 0.01333300000000004
2 0.0940625 0.6220829999999999 0.02062499999999999 0.01749999999999996
2 0.0934375 0.6091664999999999 0.016874999999999987 0.011666999999999983
2 0.09875 0.6637500000000001 0.011249999999999996 0.029165999999999914
2 0.1115625 0.6220835 0.014374999999999999 0.01416700000000004
2 0.1171875 0.639583 0.014374999999999999 0.012499999999999956
2 0.12593749999999998 0.6195835 0.016875 0.015832999999999986
2 0.1375 0.6604165 0.031250000000000014 0.035833000000000004
2 0.14656249999999998 0.6275 0.011874999999999997 0.01666599999999996
2 0.15468749999999998 0.6633335 0.011874999999999997 0.046667000000000014
2 0.1575 0.6220829999999999 0.010000000000000009 0.01749999999999996
2 0.5606249999999999 0.6233329999999999 0.04375000000000007 0.15000000000000002
