8 0.3796875 0.884906 0.12062499999999998 0.07547199999999998
11 0.0484375 0.579245 0.018125000000000002 0.01509399999999994
11 0.274375 0.3433965 0.05749999999999997 0.026414999999999966
11 0.375 0.4683965 0.057499999999999996 0.03867900000000002
11 0.6115625 0.4882075 0.06312499999999999 0.031133000000000077
8 0.0471875 0.7117925 0.04312500000000001 0.023585000000000078
8 0.5071875 0.8783015 0.12562499999999993 0.154717
8 0.6334375000000001 0.9240569999999999 0.12437500000000001 0.15000000000000002
5 0.13625 0.3632075 0.2725 0.726415
5 0.6353125 0.3117925 0.728125 0.623585
