1 0.453125 0.5588995 0.67875 0.546861
1 0.525 0.061479 0.2 0.10748
1 0.7678125 0.3327605 0.280625 0.22699899999999998
1 0.7590625 0.0541705 0.13437500000000002 0.108341
1 0.9412499999999999 0.0674975 0.09999999999999998 0.105761
2 0.11375 0.4518485 0.2275 0.186587
2 0.3325 0.7691315000000001 0.3075 0.37403299999999995
2 0.60625 0.3207225 0.19874999999999998 0.139295
2 0.713125 0.9036975 0.395 0.19088500000000008
2 0.8890625000000001 0.40627650000000004 0.22062499999999996 0.183147
2 0.8903125000000001 0.7558039999999999 0.218125 0.27342999999999995
