9 0.1834375 0.572083 0.293125 0.4825
5 0.02625 0.1270835 0.0525 0.24916699999999997
5 0.0340625 0.16999999999999998 0.045625 0.20166599999999998
5 0.0709375 0.11625 0.059375000000000004 0.2325
5 0.1146875 0.15125 0.064375 0.254166
5 0.159375 0.1020835 0.03 0.17416700000000002
5 0.1921875 0.09958349999999999 0.03312499999999999 0.159167
5 0.218125 0.06625 0.03874999999999998 0.1325
5 0.22125 0.12625 0.0325 0.14583400000000002
5 0.2534375 0.185 0.05312500000000003 0.15000000000000002
5 0.6171875 0.1229165 0.764375 0.245833
5 0.2521875 0.07041649999999999 0.01937500000000003 0.044167
5 0.27937500000000004 0.1625 0.044999999999999984 0.16666599999999998
5 0.3725 0.18041649999999998 0.05625000000000002 0.145833
5 0.375625 0.08125 0.023749999999999993 0.07083400000000001
5 0.46375 0.0933335 0.036250000000000004 0.10166699999999998
5 0.5803125 0.136667 0.02187500000000009 0.105
5 0.643125 0.21125 0.03125 0.08249999999999999
5 0.6609375 0.2133335 0.02562500000000001 0.08333300000000002
5 0.6578125 0.0566665 0.014375000000000027 0.043332999999999997
5 0.6828125 0.075 0.018125000000000058 0.065
5 0.7046875 0.078333 0.018124999999999947 0.05499999999999999
5 0.7075 0.1695835 0.015000000000000013 0.059167
5 0.7262500000000001 0.21708299999999997 0.03749999999999998 0.07749999999999999
5 0.7215625000000001 0.0445835 0.010624999999999996 0.029167
5 0.7353125 0.16541699999999998 0.014375000000000027 0.04250000000000001
5 0.7565625 0.14125000000000001 0.010624999999999996 0.054166000000000006
5 0.7596875000000001 0.0604165 0.009375000000000022 0.025832999999999995
5 0.80375 0.19458350000000002 0.025000000000000022 0.10916699999999999
5 0.8584375 0.192917 0.018125000000000058 0.11249999999999999
5 0.8746875000000001 0.2025 0.02937500000000004 0.093334
5 0.896875 0.19458350000000002 0.040000000000000036 0.10916699999999999
5 0.9184375 0.15 0.021874999999999978 0.056665999999999994
5 0.9290624999999999 0.1929165 0.03187499999999999 0.07416700000000001
5 0.9475 0.1904165 0.03875000000000006 0.134167
5 0.98 0.1833335 0.03875000000000006 0.148333
