0 0.4523435 0.5026045 0.5390630000000001 0.534375
5 0.221875 0.263021 0.44375 0.526042
5 0.6933594999999999 0.365625 0.12421899999999997 0.179166
5 0.930469 0.2015625 0.13749999999999996 0.403125
2 0.0339845 0.46510450000000003 0.067969 0.03437499999999999
2 0.102734 0.466667 0.060156000000000015 0.03125
2 0.16445300000000002 0.465625 0.05859400000000001 0.033333999999999975
2 0.21679700000000002 0.465625 0.02265599999999998 0.033333999999999975
2 0.7617185 0.49531250000000004 0.09062500000000007 0.06770900000000007
2 0.776172 0.47239600000000004 0.09765599999999997 0.048958
2 0.871094 0.5046875 0.09843800000000003 0.11770900000000001
