5 0.5184375 0.09095199999999999 0.25687499999999996 0.127238
1 0.583125 0.508954 0.605 0.71065
5 0.0959375 0.32705 0.175625 0.33364799999999994
5 0.16125 0.2747405 0.29874999999999996 0.48162099999999997
5 0.32125000000000004 0.310556 0.10125 0.21583399999999997
5 0.3328125 0.1889725 0.109375 0.251649
5 0.9099999999999999 0.369934 0.13124999999999998 0.183788
5 0.989375 0.37276149999999997 0.020000000000000018 0.10461899999999996
1 0.9190625 0.499057 0.1343749999999999 0.20075400000000004
2 0.2271875 0.6423190000000001 0.160625 0.18190399999999995
