5 0.7175 0.372917 0.30874999999999997 0.6275000000000001
5 0.08625 0.41874999999999996 0.16625 0.8025
5 0.32 0.7033335000000001 0.07125000000000004 0.22166699999999995
5 0.43374999999999997 0.63625 0.06624999999999998 0.33583399999999997
5 0.4815625 0.6170829999999999 0.04562500000000003 0.34249999999999997
5 0.5446875 0.7145835 0.05812499999999998 0.13416700000000004
5 0.5915625 0.724167 0.02187500000000009 0.10499999999999998
5 0.6112500000000001 0.703333 0.036250000000000004 0.14
5 0.6640625 0.7041665 0.0618749999999999 0.141667
5 0.7478125 0.71875 0.055625000000000036 0.11583399999999999
5 0.9359375000000001 0.566667 0.12687499999999996 0.255
3 0.07 0.84375 0.14 0.14250000000000007
