8 0.1153845 0.6376075 0.105691 0.13526100000000008
8 0.20606600000000003 0.6032055000000001 0.10068800000000003 0.09460499999999994
8 0.31707300000000005 0.618061 0.123828 0.15715400000000002
8 0.4521575 0.662627 0.095059 0.06489400000000001
8 0.565666 0.6391715 0.10444000000000009 0.09460500000000005
8 0.6575985 0.6477715 0.099437 0.12900699999999998
8 0.754534 0.6309615 0.08067599999999997 0.13917100000000004
8 0.852095 0.6626270000000001 0.12570399999999993 0.13369799999999998
5 0.0209505 0.0433935 0.041901 0.086787
5 0.154784 0.3127445 0.309568 0.497263
5 0.0375235 0.0476935 0.018761 0.095387
5 0.11382099999999999 0.09656 0.14384 0.19312
5 0.18949349999999998 0.105942 0.026267000000000013 0.211884
5 0.261726 0.1610635 0.13195800000000002 0.322127
5 0.3542835 0.146599 0.07692300000000002 0.293198
5 0.4208885 0.173182 0.06879299999999999 0.346364
5 0.45809849999999996 0.1309615 0.021888999999999992 0.261923
5 0.467167 0.089132 0.03127000000000002 0.178264
5 0.732333 0.308053 0.534084 0.616106
5 0.9843655 0.3131355 0.030019000000000018 0.613761
