0 0.327083 0.505 0.1325 0.12624999999999997
5 0.15875 0.2890625 0.3075 0.578125
5 0.5320835 0.3115625 0.680833 0.533125
5 0.786667 0.1703125 0.42500000000000004 0.340625
2 0.1404165 0.5231250000000001 0.015832999999999986 0.01749999999999996
2 0.1466665 0.511875 0.018332999999999988 0.008750000000000036
2 0.1966665 0.553125 0.086667 0.06000000000000005
2 0.23625000000000002 0.536875 0.06583399999999998 0.04125000000000001
2 0.9075 0.5453125000000001 0.050000000000000044 0.04062500000000002
2 0.95875 0.5315624999999999 0.08083400000000007 0.048125000000000084
