0 0.1265625 0.173776 0.16562500000000002 0.238462
0 0.1471875 0.45489500000000005 0.09937499999999999 0.08041999999999999
0 0.530625 0.7465035 0.8087500000000001 0.369931
0 0.4909375 0.17447549999999998 0.514375 0.23286699999999996
0 0.289375 0.458042 0.10875000000000001 0.08391599999999999
0 0.4275 0.46223800000000004 0.10875000000000001 0.08951000000000003
0 0.5696875 0.4657345 0.11812500000000004 0.06853100000000001
0 0.7059375 0.47097900000000004 0.12062499999999998 0.05804199999999998
0 0.865 0.1755245 0.19124999999999992 0.234965
0 0.8512500000000001 0.4604895 0.10875000000000001 0.06503499999999995
