8 0.549103 0.6875 0.18602399999999997 0.05249999999999999
11 0.5245515000000001 0.474375 0.07459899999999997 0.015000000000000013
8 0.2020775 0.565 0.04721500000000001 0.022500000000000075
8 0.3644945 0.545625 0.04154899999999995 0.02375000000000005
8 0.703022 0.536875 0.04627000000000003 0.02750000000000008
8 0.7582625000000001 0.5521875 0.07554300000000003 0.03437499999999993
8 0.818697 0.5359375 0.04154799999999992 0.02937500000000004
8 0.9027385 0.5328124999999999 0.0226630000000001 0.011874999999999969
8 0.9683665 0.6303125 0.06137900000000007 0.07687499999999992
5 0.4976395 0.308125 0.995279 0.61625
