8 0.6882425000000001 0.799507 0.14696699999999996 0.07888200000000001
8 0.133208 0.772391 0.140088 0.108464
8 0.3277045 0.8381265 0.167605 0.31224300000000005
8 0.530644 0.8422350000000001 0.20700399999999997 0.258012
5 0.0888055 0.2633525 0.033770999999999995 0.018899
5 0.2892435 0.2206245 0.10193899999999997 0.160231
5 0.2789245 0.27814300000000003 0.03126899999999999 0.04519400000000001
5 0.41776100000000005 0.253903 0.110068 0.13804400000000003
5 0.58005 0.235004 0.068168 0.069022
5 0.564728 0.2904685 0.028767999999999905 0.05176700000000001
5 0.603502 0.286771 0.05503400000000003 0.06902200000000003
5 0.6450905 0.2904685 0.04065099999999999 0.05176700000000001
5 0.6560349999999999 0.2773215 0.050031999999999965 0.07806100000000002
5 0.9196375 0.374692 0.041900999999999966 0.134758
5 0.940588 0.3816765 0.060038000000000036 0.488907
