4 0.27812499999999996 0.6241829999999999 0.52 0.719888
2 0.5743750000000001 0.4164335 0.10750000000000004 0.13632100000000003
4 0.5171875 0.3678805 0.05687500000000001 0.08403300000000002
4 0.5384375 0.34033599999999997 0.03687499999999999 0.036414
4 0.5434375 0.3338005 0.02937499999999993 0.034546999999999994
4 0.5678125 0.3319325 0.0368750000000001 0.034546999999999994
4 0.5959375 0.323996 0.01937499999999992 0.01867399999999997
4 0.6240625 0.315593 0.026874999999999982 0.016805999999999988
4 0.63125 0.34127 0.022499999999999964 0.045752000000000015
4 0.8518749999999999 0.3305325 0.04874999999999996 0.06722700000000004
