11 0.0121875 0.365042 0.024375 0.038426000000000016
11 0.05625 0.3397375 0.051250000000000004 0.023431000000000035
11 0.1215625 0.5215555 0.084375 0.04404899999999995
11 0.22375 0.34348650000000003 0.048750000000000016 0.019681000000000004
11 0.2803125 0.336926 0.030625000000000013 0.029054000000000024
11 0.488125 0.511715 0.09999999999999998 0.08247399999999999
11 0.448125 0.3481725 0.012499999999999956 0.03280300000000003
11 0.541875 0.3266165 0.043749999999999956 0.02717900000000001
11 0.6515625 0.32286800000000004 0.073125 0.04217399999999999
11 0.75 0.3388005 0.04249999999999998 0.017807000000000017
11 0.8128124999999999 0.376289 0.06562499999999993 0.03092800000000001
11 0.9775 0.31818199999999996 0.04375000000000007 0.038426000000000016
