8 0.578125 0.6328125 0.1299999999999999 0.11812500000000004
5 0.2575 0.37875000000000003 0.48250000000000004 0.72875
5 0.6575 0.33687500000000004 0.036250000000000004 0.065
5 0.68125 0.3615625 0.03249999999999997 0.04312499999999997
5 0.7003125 0.3190625 0.059374999999999956 0.049375
5 0.8334375 0.2975 0.073125 0.04125000000000001
5 0.8659375 0.3540625 0.02937500000000004 0.04812499999999997
5 0.9009375 0.30437499999999995 0.04437499999999994 0.023749999999999993
5 0.90875 0.3571875 0.04250000000000009 0.044375
5 0.96375 0.29874999999999996 0.07125000000000004 0.06
5 0.9784375000000001 0.358125 0.041874999999999996 0.03624999999999995
