10 0.5934375000000001 0.535647 0.16562500000000002 0.30581600000000003
10 0.6109374999999999 0.3663225 0.11562499999999998 0.13977499999999998
10 0.7115625 0.901501 0.10562500000000008 0.1575979999999999
10 0.7759375 0.803002 0.10812499999999992 0.11444600000000005
10 0.7871874999999999 0.7373354999999999 0.114375 0.07692299999999996
10 0.784375 0.9591935 0.08250000000000002 0.07973700000000006
10 0.8778125000000001 0.912758 0.166875 0.17260799999999998
10 0.8878125 0.7589115 0.08687500000000004 0.11632300000000007
10 0.885625 0.822233 0.0774999999999999 0.13227
10 0.9409375 0.587242 0.08062499999999995 0.033772000000000024
10 0.974375 0.9343334999999999 0.050000000000000044 0.07692299999999996
10 0.9762500000000001 0.7781425 0.04625000000000001 0.09662300000000001
10 0.98875 0.9840525 0.02124999999999999 0.030019000000000018
