5 0.43374999999999997 0.0908235 0.07749999999999996 0.08801500000000001
1 0.564375 0.6638575 0.69875 0.559925
5 0.0925 0.3061795 0.185 0.40636700000000003
5 0.134375 0.75 0.26875 0.45880199999999993
5 0.185625 0.449438 0.22125 0.38576799999999994
5 0.296875 0.24344549999999998 0.03874999999999995 0.026217000000000018
5 0.36312500000000003 0.35580500000000004 0.13125000000000003 0.12359599999999998
5 0.364375 0.141386 0.06625000000000003 0.06928799999999999
5 0.39937500000000004 0.2228465 0.08625 0.08988699999999997
5 0.5 0.34737850000000003 0.14250000000000002 0.189139
5 0.48250000000000004 0.11142350000000001 0.027500000000000024 0.031835000000000016
5 0.52625 0.089888 0.014999999999999902 0.033708
5 0.55375 0.1245315 0.040000000000000036 0.043071
5 0.786875 0.2940075 0.42375000000000007 0.47565499999999994
5 0.6225 0.12734099999999998 0.01749999999999996 0.03370799999999999
5 0.6375 0.161049 0.04500000000000004 0.044943999999999984
5 0.663125 0.133895 0.06874999999999998 0.08052400000000001
5 0.73875 0.11516850000000001 0.09499999999999997 0.16292099999999998
