5 0.9165625 0.47944450000000005 0.12187500000000007 0.24555500000000002
5 0.79125 0.16 0.3687499999999999 0.32
1 0.083125 0.7188885 0.16625 0.208889
2 0.5225 0.6266670000000001 0.01749999999999996 0.01777799999999996
2 0.5653125 0.63 0.014375000000000027 0.020000000000000018
2 0.5775 0.6127775 0.007500000000000062 0.023333000000000048
2 0.5865625 0.6222225 0.008124999999999938 0.01333300000000004
2 0.6921875 0.627778 0.024374999999999925 0.015556000000000014
2 0.8634375000000001 0.6427780000000001 0.271875 0.04999999999999993
2 0.8659375 0.7155555 0.08187500000000003 0.08222299999999994
