14 0.7396875 0.6293185 0.020625000000000004 0.028011000000000008
5 0.094375 0.6381885 0.18875 0.262371
5 0.141875 0.213352 0.28375 0.426704
5 0.3084375 0.5634925 0.47062499999999996 0.35387500000000005
5 0.6225 0.515873 0.2087500000000001 0.411764
5 0.698125 0.6573295 0.05499999999999994 0.132587
5 0.89375 0.5140055 0.21125000000000005 0.422969
2 0.009375 0.741363 0.01875 0.056022000000000016
2 0.012187499999999999 0.7376285 0.019375 0.04855300000000007
2 0.1890625 0.7698415 0.075625 0.09803899999999999
2 0.29000000000000004 0.7959849999999999 0.18375000000000002 0.19888000000000006
2 0.8300000000000001 0.8608775 0.33875 0.276377
