8 0.8492065 0.6809375 0.16900099999999996 0.16437500000000005
8 0.3151265 0.665 0.21942100000000003 0.10625000000000007
8 0.49019599999999997 0.766875 0.16059799999999996 0.1725
8 0.945378 0.4603125 0.05135400000000001 0.044375
5 0.0616245 0.273125 0.123249 0.1575
5 0.0999065 0.1109375 0.199813 0.221875
5 0.19934649999999998 0.22749999999999998 0.189543 0.22374999999999998
5 0.24789899999999998 0.1375 0.286648 0.275
5 0.324463 0.3121875 0.13351999999999997 0.09937499999999999
5 0.39075649999999995 0.1775 0.24556499999999998 0.355
5 0.5592905 0.1503125 0.27077500000000004 0.300625
5 0.531279 0.29125 0.18300599999999995 0.17250000000000001
5 0.7787115 0.1809375 0.28571499999999994 0.361875
5 0.885154 0.0571875 0.22782400000000003 0.114375
5 0.9154995 0.145625 0.16713299999999998 0.25125
5 0.9234359999999999 0.2978125 0.15126000000000006 0.14562499999999998
