2 0.5911535 0.7970015 0.09923100000000007 0.14532900000000004
0 0.4076925 0.4429065 0.029231000000000007 0.04382900000000001
0 0.42269199999999996 0.513841 0.05615399999999998 0.10034599999999999
0 0.45230800000000004 0.572088 0.092308 0.15455599999999997
0 0.887308 0.6026525 0.223846 0.160323
2 0.195769 0.7866205 0.11153799999999997 0.14532899999999993
2 0.294231 0.5317185 0.043845999999999996 0.04382900000000001
2 0.31884599999999996 0.5046135 0.03153800000000001 0.03344899999999995
2 0.32807699999999995 0.48154549999999996 0.017691999999999986 0.010381000000000029
2 0.3588465 0.5495965 0.03307700000000002 0.044982999999999995
2 0.517692 0.5859285000000001 0.04769199999999996 0.06459099999999995
