1 0.2771875 0.7270835 0.49187499999999995 0.470833
1 0.1134375 0.1658335 0.14937499999999998 0.101667
1 0.203125 0.1708335 0.16125 0.098333
1 0.5775 0.840417 0.3475 0.3175
2 0.5009375 0.19374999999999998 0.9968750000000001 0.250834
2 0.14875 0.054167 0.1225 0.05500000000000001
2 0.2765625 0.6975 0.16937500000000003 0.22333399999999992
2 0.25125 0.4604165 0.07624999999999998 0.099167
2 0.3203125 0.0408335 0.13437500000000002 0.081667
2 0.424375 0.7770835 0.11624999999999996 0.165833
2 0.778125 0.0841665 0.4425 0.10666700000000001
2 0.8121875000000001 0.9495835 0.14187500000000008 0.09083299999999994
2 0.869375 0.575 0.23249999999999993 0.11499999999999999
