14 0.6825 0.5444445 0.1087499999999999 0.18888900000000003
14 0.9053125 0.567222 0.07062500000000005 0.134444
5 0.056875 0.5411115 0.11375 0.26888900000000004
5 0.1359375 0.42666649999999995 0.07562499999999998 0.346667
5 0.19125 0.368889 0.044999999999999984 0.284444
5 0.330625 0.386111 0.24749999999999997 0.48777800000000004
5 0.48 0.478889 0.21500000000000002 0.277778
5 0.4921875 0.2966665 0.09312499999999996 0.593333
5 0.53 0.2822225 0.06624999999999998 0.466667
5 0.599375 0.4072225 0.14874999999999994 0.30333299999999996
5 0.6971875000000001 0.317778 0.13437500000000002 0.4644440000000001
5 0.7928124999999999 0.5811115 0.14312500000000006 0.18888900000000003
5 0.9415625000000001 0.5533335 0.11562499999999998 0.206667
