0 0.9315625 0.62375 0.10812500000000003 0.19916599999999995
0 0.2096875 0.569167 0.050624999999999976 0.050000000000000044
0 0.6368750000000001 0.6020835 0.14875000000000005 0.07083299999999992
0 0.7815624999999999 0.6058335 0.14312500000000006 0.04833299999999996
14 0.085625 0.2704165 0.17125 0.224167
14 0.5896874999999999 0.5570835000000001 0.01937500000000003 0.030833
14 0.5996874999999999 0.5191669999999999 0.01937500000000003 0.039999999999999925
14 0.611875 0.349583 0.04375000000000007 0.027500000000000024
14 0.6131249999999999 0.40125 0.04625000000000001 0.030834000000000028
14 0.61375 0.377083 0.04499999999999993 0.01749999999999996
14 0.714375 0.58125 0.010000000000000009 0.02083400000000002
14 0.79125 0.510417 0.04125000000000001 0.06749999999999995
14 0.7953125 0.4395835 0.04437500000000005 0.07416699999999998
14 0.9128125 0.509583 0.030625000000000013 0.0625
14 0.9690624999999999 0.5479165 0.048125000000000084 0.02416700000000005
2 0.5015625 0.7375 0.226875 0.21000000000000008
