2 0.743125 0.099345 0.125 0.08952000000000002
0 0.505 0.470888 0.84125 0.737992
2 0.3575 0.08988349999999999 0.20750000000000002 0.090975
2 0.41000000000000003 0.0822415 0.13874999999999998 0.07569100000000001
2 0.4503125 0.0705965 0.13437499999999997 0.085881
2 0.59125 0.1437405 0.13249999999999995 0.054584999999999995
2 0.7021875 0.165211 0.14312500000000006 0.039302000000000004
2 0.826875 0.176492 0.18000000000000005 0.051674
2 0.860625 0.11099 0.10624999999999996 0.09388599999999998
2 0.9181250000000001 0.2012375 0.16249999999999998 0.05604099999999998
2 0.889375 0.0567685 0.08125000000000004 0.037845
2 0.928125 0.069869 0.07374999999999998 0.05676799999999999
2 0.9503125 0.09825350000000001 0.08812500000000001 0.078603
2 0.953125 0.0636825 0.08250000000000002 0.034206999999999994
2 0.9734375 0.106623 0.051875000000000004 0.117176
