2 0.4235 0.701333 0.123 0.12
14 0.0495 0.5166665 0.020999999999999998 0.06266700000000003
14 0.0835 0.518667 0.026999999999999996 0.064
14 0.3825 0.146667 0.267 0.128
14 0.41500000000000004 0.5713334999999999 0.02999999999999997 0.033332999999999946
14 0.8265 0.5346665 0.015000000000000013 0.04266700000000001
14 0.852 0.532667 0.028000000000000025 0.052000000000000046
2 0.23099999999999998 0.6046670000000001 0.023999999999999994 0.027999999999999914
2 0.3605 0.64 0.135 0.07200000000000006
2 0.46299999999999997 0.664 0.057999999999999996 0.061334
2 0.486 0.654 0.03400000000000003 0.052000000000000046
2 0.5295000000000001 0.668 0.041000000000000036 0.05333399999999999
2 0.585 0.6599999999999999 0.05999999999999994 0.07199999999999995
2 0.6295 0.6806665000000001 0.09500000000000008 0.08666699999999994
