5 0.2833335 0.24843749999999998 0.401667 0.426875
2 0.2629165 0.4834375 0.21083300000000002 0.073125
0 0.6083335 0.4190625 0.318333 0.23187500000000005
5 0.1120835 0.34125 0.06416699999999999 0.05625000000000002
5 0.38875000000000004 0.28 0.14750000000000002 0.2
5 0.38416700000000004 0.415625 0.07500000000000001 0.09249999999999997
5 0.505 0.2728125 0.18 0.189375
5 0.7654164999999999 0.3834375 0.09583299999999995 0.09562500000000002
5 0.7783335 0.424375 0.03833299999999995 0.05125000000000002
5 0.8633335 0.3884375 0.08666700000000005 0.09562500000000002
5 0.9404170000000001 0.36031250000000004 0.11750000000000005 0.128125
2 0.4375 0.4821875 0.01833399999999996 0.03937499999999994
2 0.770417 0.4546875 0.022499999999999964 0.015625
2 0.8066665 0.4675 0.06333299999999997 0.03375
2 0.8887499999999999 0.4503125 0.022500000000000075 0.0068749999999999645
2 0.907083 0.4428125 0.022499999999999964 0.008125000000000049
2 0.932083 0.4428125 0.02750000000000008 0.011874999999999969
