5 0.8831249999999999 0.4079165 0.14125 0.6791670000000001
5 0.1928125 0.6408335000000001 0.385625 0.716667
5 0.50375 0.7245835 0.14625000000000005 0.24583300000000008
5 0.5921875 0.485417 0.263125 0.6525000000000001
5 0.7615624999999999 0.51 0.33062500000000006 0.978334
5 0.96625 0.61375 0.06625000000000003 0.32749999999999996
1 0.339375 0.8500000000000001 0.23625000000000002 0.20333400000000001
2 0.0365625 0.888333 0.073125 0.09999999999999998
2 0.148125 0.770417 0.036250000000000004 0.03249999999999997
2 0.1925 0.8945829999999999 0.07374999999999998 0.0675
2 0.479375 0.8875 0.12000000000000005 0.10499999999999998
2 0.62625 0.8858334999999999 0.16000000000000003 0.11166700000000007
2 0.9043749999999999 0.8887499999999999 0.19000000000000006 0.11750000000000005
2 0.9437500000000001 0.8041665 0.11124999999999996 0.04166700000000001
