4 0.2034375 0.836773 0.406875 0.32457800000000003
4 0.2321875 0.5947465000000001 0.464375 0.24765500000000007
4 0.059062500000000004 0.5483115 0.114375 0.12664099999999995
4 0.4446875 0.5417449999999999 0.16562499999999997 0.134146
4 0.4178125 0.49953100000000006 0.041874999999999996 0.04596600000000001
4 0.6331249999999999 0.6139775000000001 0.30874999999999997 0.27861100000000005
4 0.5140625 0.5042215 0.05812499999999998 0.05909900000000001
4 0.556875 0.5370539999999999 0.14375000000000004 0.13227
4 0.7909375000000001 0.5417445000000001 0.13437500000000002 0.166041
4 0.755 0.478893 0.04249999999999998 0.03658600000000001
4 0.8196874999999999 0.4878045 0.030625000000000013 0.030018999999999962
4 0.8534375000000001 0.4967165 0.041874999999999996 0.05909900000000001
4 0.8809375 0.5234525 0.07687500000000003 0.07879900000000001
4 0.9590624999999999 0.5079739999999999 0.07437499999999997 0.066604
4 0.9915625 0.477955 0.015625 0.030955999999999984
