2 0.7319335 0.4375 0.11425700000000005 0.12239599999999995
4 0.593262 0.7434895 0.75293 0.45572900000000005
2 0.053711 0.7415365 0.107422 0.24869700000000006
2 0.6342775 0.3359375 0.02832099999999993 0.04166700000000001
2 0.6430665 0.360026 0.02636700000000003 0.042968000000000006
2 0.6586915 0.328776 0.03417899999999996 0.024739999999999984
2 0.6752929999999999 0.369141 0.06738199999999994 0.061197999999999975
2 0.6933594999999999 0.3359375 0.035156999999999994 0.02864500000000003
2 0.7255860000000001 0.3333335 0.05273399999999995 0.078125
2 0.7421875 0.344401 0.050780999999999965 0.050781999999999994
2 0.7543945 0.36328150000000003 0.03417899999999996 0.054686999999999986
2 0.7978514999999999 0.376953 0.089843 0.08984399999999998
2 0.84375 0.4114585 0.1054679999999999 0.10156299999999996
2 0.8193360000000001 0.373698 0.04101600000000005 0.033853999999999995
2 0.8754885 0.44140599999999997 0.0810550000000001 0.091146
2 0.9331054999999999 0.46158849999999996 0.11425699999999994 0.11848900000000001
2 0.9746090000000001 0.4778645 0.04882799999999998 0.12239500000000003
