0 0.52125 0.6947464999999999 0.7949999999999999 0.3460150000000001
0 0.9606250000000001 0.675725 0.0737500000000001 0.07970999999999995
5 0.18625 0.49728300000000003 0.21249999999999997 0.259058
5 0.25 0.308877 0.2275 0.617754
5 0.454375 0.4130435 0.22874999999999995 0.26811499999999994
5 0.68375 0.3161235 0.08499999999999996 0.47644899999999996
5 0.734375 0.4474635 0.04125000000000001 0.24637700000000007
5 0.7749999999999999 0.44565200000000005 0.04500000000000004 0.23188400000000003
5 0.91 0.6041665 0.05249999999999999 0.07789900000000005
5 0.958125 0.5289855 0.05624999999999991 0.23550699999999997
5 0.9768749999999999 0.5326085 0.04375000000000007 0.253623
