5 0.684909 0.31640650000000003 0.132772 0.212891
1 0.482189 0.681152 0.385362 0.49316399999999994
5 0.0323835 0.37890599999999997 0.064767 0.37890599999999997
5 0.1279145 0.328125 0.255829 0.65625
5 0.19365300000000002 0.415039 0.257772 0.542968
5 0.2409325 0.6171875 0.029792999999999986 0.078125
5 0.5068005 0.2265625 0.18329100000000004 0.18164100000000002
5 0.5864635 0.39013699999999996 0.17681299999999994 0.295898
2 0.069948 0.8325195000000001 0.139896 0.33300699999999994
2 0.080311 0.743652 0.101036 0.13574200000000003
2 0.12467600000000001 0.7148435 0.10038799999999999 0.15429700000000002
2 0.2082255 0.6865235000000001 0.06411900000000001 0.07226499999999991
2 0.671956 0.7475585 0.06411999999999995 0.10839900000000002
2 0.8928105 0.7851565 0.21308300000000002 0.22656299999999996
