4 0.3053125 0.72375 0.266875 0.19916599999999995
3 0.115625 0.69875 0.22625 0.22250000000000003
3 0.2978125 0.7012499999999999 0.275625 0.22416599999999998
3 0.5375 0.692917 0.22999999999999998 0.1725000000000001
3 0.6809375 0.6912499999999999 0.20937499999999998 0.14083400000000001
3 0.791875 0.6912499999999999 0.1625000000000001 0.120834
3 0.8953125 0.687917 0.14437500000000003 0.08250000000000002
3 0.94875 0.6833335 0.10125000000000006 0.088333
3 0.98125 0.6670834999999999 0.03500000000000003 0.04083300000000001
3 0.9875 0.6595835 0.02375000000000005 0.025832999999999995
4 0.1153125 0.70125 0.21812499999999999 0.23083399999999998
4 0.45875 0.7233335000000001 0.22625 0.15333300000000005
4 0.53375 0.69125 0.22624999999999995 0.17583400000000005
4 0.680625 0.6895835 0.1975 0.13083299999999998
4 0.8046875 0.6841664999999999 0.140625 0.10333300000000001
4 0.7925 0.704167 0.11375000000000002 0.08499999999999996
4 0.8940625 0.6854169999999999 0.13812500000000005 0.07750000000000001
4 0.890625 0.7066665000000001 0.08000000000000007 0.07166700000000004
4 0.9521875 0.6895830000000001 0.09437499999999999 0.0824999999999999
4 0.98125 0.6670834999999999 0.036250000000000004 0.030833
