12 0.21083349999999998 0.213125 0.216667 0.14874999999999997
12 0.20541700000000002 0.655625 0.1825 0.17625000000000002
12 0.22125 0.4540625 0.1875 0.13812499999999994
12 0.23500000000000001 0.8418749999999999 0.2 0.19000000000000006
12 0.2666665 0.64375 0.11333299999999999 0.14500000000000002
12 0.275 0.43875 0.11166599999999999 0.125
12 0.28875 0.825625 0.10250000000000004 0.14374999999999993
12 0.4583335 0.40875 0.218333 0.16749999999999998
12 0.475 0.6540625 0.23500000000000004 0.193125
12 0.4925 0.869375 0.191666 0.11125000000000007
12 0.50375 0.8246875 0.200834 0.11812500000000004
12 0.45 0.1884375 0.043333999999999984 0.17812500000000003
12 0.5104165 0.8503125 0.15083300000000005 0.09437499999999999
12 0.5083335 0.189375 0.08166699999999993 0.16875
12 0.54125 0.61875 0.10250000000000004 0.11624999999999996
12 0.745 0.43437499999999996 0.21833400000000003 0.13624999999999993
12 0.7404170000000001 0.644375 0.1825 0.09250000000000003
12 0.76125 0.685625 0.21416599999999997 0.09250000000000003
12 0.7545835000000001 0.1978125 0.19583300000000003 0.155625
12 0.7620834999999999 0.8518749999999999 0.18916699999999997 0.15875000000000006
12 0.8145830000000001 0.2021875 0.11249999999999993 0.133125
