14 0.5625 0.765 0.28 0.303334
14 0.538125 0.4604165 0.07374999999999998 0.07583300000000004
14 0.5734375 0.15625 0.015625 0.02250000000000002
14 0.60875 0.1516665 0.02124999999999999 0.038333000000000006
2 0.0709375 0.270417 0.141875 0.1625
2 0.2625 0.24791649999999998 0.07875000000000001 0.06916699999999998
2 0.6521874999999999 0.21125 0.051875000000000004 0.0325
2 0.666875 0.2133335 0.06374999999999997 0.04166699999999998
2 0.788125 0.2245835 0.11750000000000005 0.07416699999999998
2 0.8746875000000001 0.5220834999999999 0.249375 0.595833
2 0.8565625 0.228333 0.171875 0.095
2 0.8909374999999999 0.2395835 0.14937499999999992 0.07916699999999999
2 0.9265625 0.2358335 0.145625 0.086667
