5 0.8487499999999999 0.348333 0.1825 0.29000000000000004
5 0.063125 0.28250000000000003 0.12625 0.18166600000000002
5 0.080625 0.375833 0.07624999999999998 0.125
5 0.121875 0.2558335 0.046249999999999986 0.08166700000000002
5 0.145 0.3983335 0.075 0.12666699999999997
5 0.2475 0.27 0.2325 0.12000000000000002
5 0.313125 0.38916649999999997 0.10125 0.13166700000000003
5 0.67625 0.25416649999999996 0.14749999999999996 0.148333
5 0.77 0.44166649999999996 0.07499999999999996 0.18333299999999997
5 0.95 0.37 0.04749999999999999 0.07
5 0.98 0.38916649999999997 0.03749999999999998 0.091667
10 0.708125 0.4041665 0.09375 0.05166700000000002
