1 0.2465625 0.650846 0.325625 0.37312
1 0.37875000000000003 0.39191699999999996 0.15375 0.135338
1 0.455625 0.363252 0.10750000000000004 0.12688
1 0.49406249999999996 0.3463345 0.13062499999999994 0.12124099999999999
1 0.5334375 0.300752 0.17312499999999997 0.152256
1 0.615625 0.31672900000000004 0.10499999999999998 0.135338
1 0.65125 0.3002815 0.09375 0.10620299999999999
1 0.690625 0.287124 0.14750000000000008 0.12875999999999999
1 0.7490625 0.28618449999999995 0.07687500000000003 0.10808299999999998
1 0.8196874999999999 0.287594 0.07187500000000002 0.08834599999999998
1 0.9734375 0.399436 0.051875000000000004 0.139098
