5 0.0478125 0.6091664999999999 0.08312499999999999 0.10666699999999996
5 0.0775 0.692083 0.07999999999999999 0.0675
5 0.1475 0.6083335000000001 0.04625 0.11666699999999997
5 0.25968749999999996 0.5829165000000001 0.018125000000000002 0.08583299999999994
5 0.326875 0.5966665 0.08749999999999997 0.10333300000000001
5 0.3565625 0.6808335000000001 0.06187500000000001 0.05166700000000002
5 0.400625 0.5775 0.07250000000000001 0.09666599999999992
5 0.4134375 0.676667 0.051875000000000004 0.06000000000000005
5 0.44937499999999997 0.630417 0.07749999999999996 0.0774999999999999
5 0.479375 0.5775 0.0625 0.07166600000000001
5 0.5128125 0.6704165 0.08812500000000001 0.06916699999999998
5 0.5415625 0.562083 0.06187500000000001 0.08250000000000002
10 0.723125 0.6966665 0.27749999999999997 0.151667
