8 0.688125 0.7155 0.18999999999999995 0.15700000000000003
8 0.0684375 0.6074999999999999 0.019375000000000003 0.04500000000000004
8 0.141875 0.5780000000000001 0.06374999999999999 0.09599999999999997
8 0.17343750000000002 0.5369999999999999 0.019375000000000003 0.07599999999999996
8 0.1815625 0.5205 0.015625 0.04300000000000004
8 0.2178125 0.5815 0.020625000000000004 0.04899999999999993
8 0.25593750000000004 0.5175000000000001 0.023125000000000007 0.06500000000000006
8 0.28031249999999996 0.5195000000000001 0.03812500000000002 0.06500000000000006
8 0.325 0.5189999999999999 0.04625000000000001 0.09199999999999997
8 0.48406249999999995 0.7390000000000001 0.11812499999999998 0.118
8 0.7928124999999999 0.5680000000000001 0.09437499999999999 0.19000000000000006
8 0.8518749999999999 0.484 0.04375000000000007 0.10400000000000004
8 0.9165625 0.487 0.08562499999999995 0.10200000000000004
