4 0.3359375 0.46763600000000005 0.181875 0.17167000000000004
2 0.1734375 0.414165 0.033125000000000016 0.025328000000000017
2 0.29312499999999997 0.39352699999999996 0.014999999999999958 0.017824000000000007
2 0.65625 0.3996245 0.0475000000000001 0.05628500000000003
2 0.7771874999999999 0.42776749999999997 0.11687499999999995 0.157599
2 0.9075 0.37664200000000003 0.050000000000000044 0.04409000000000002
2 0.9565625 0.431989 0.08562500000000006 0.130394
4 0.44875 0.3944655 0.028749999999999998 0.036585000000000034
4 0.48062499999999997 0.4094745 0.048750000000000016 0.05909900000000001
4 0.56875 0.4165105 0.06000000000000005 0.080675
