1 0.35031249999999997 0.8292685 0.270625 0.165103
2 0.0696875 0.8344275000000001 0.139375 0.10037499999999999
2 0.03875 0.77439 0.05500000000000001 0.02345200000000003
2 0.1065625 0.7800185 0.083125 0.030957000000000012
2 0.1746875 0.7790805000000001 0.080625 0.032833
2 0.2496875 0.7772045000000001 0.06687500000000002 0.04409099999999999
2 0.308125 0.780019 0.044999999999999984 0.042213999999999974
2 0.396875 0.7682925 0.06124999999999997 0.048781000000000074
2 0.4340625 0.780957 0.013124999999999998 0.027204000000000006
2 0.4621875 0.7772045000000001 0.025624999999999953 0.03470899999999999
2 0.5290625 0.7800185 0.030625000000000013 0.029081000000000023
2 0.5521875 0.7781425 0.018125000000000058 0.032833
2 0.604375 0.781426 0.10000000000000009 0.07129400000000008
2 0.706875 0.7954975 0.10250000000000004 0.09568500000000002
2 0.9225 0.8621015 0.15375000000000005 0.228893
