4 0.4378125 0.7537455 0.11062499999999997 0.07116099999999992
2 0.135 0.8005615 0.1075 0.07116100000000003
2 0.40437500000000004 0.9087080000000001 0.10749999999999998 0.12640400000000007
2 0.699375 0.8506555 0.053749999999999964 0.088951
2 0.7821875 0.6891385 0.03562500000000002 0.059925000000000006
2 0.8328125 0.840824 0.055624999999999925 0.08988799999999997
2 0.8884375 0.8656364999999999 0.09187499999999993 0.11704100000000006
2 0.8859375 0.7977525000000001 0.07687499999999992 0.07677900000000004
2 0.963125 0.855337 0.07250000000000001 0.092696
2 0.98125 0.8216289999999999 0.036250000000000004 0.06273399999999996
