1 0.2042485 0.6944445 0.290849 0.18954300000000002
2 0.20506549999999998 0.6911765 0.285947 0.202615
2 0.028595 0.6732024999999999 0.05719 0.06535900000000006
2 0.35702599999999995 0.665033 0.03431400000000001 0.029411999999999994
2 0.386438 0.671569 0.024510000000000032 0.01634000000000002
2 0.420752 0.667484 0.027778000000000025 0.017974000000000045
2 0.45669899999999997 0.666667 0.02124200000000004 0.013071999999999973
2 0.517157 0.6732024999999999 0.04085 0.03594700000000006
2 0.6070260000000001 0.6707515 0.06372600000000006 0.0473849999999999
2 0.8447715 0.6944444999999999 0.11437900000000001 0.07843100000000003
