8 0.1634375 0.6561915 0.02687500000000001 0.04784299999999997
8 0.265625 0.6350845 0.04249999999999998 0.071295
8 0.33999999999999997 0.6435275 0.013749999999999984 0.011256999999999961
8 0.7828125 0.618668 0.05437500000000006 0.08349000000000006
5 0.2884375 0.2115385 0.576875 0.423077
5 0.3696875 0.280488 0.06687500000000002 0.23264600000000002
5 0.5565625000000001 0.3241085 0.08687499999999992 0.18667899999999998
5 0.77875 0.197467 0.44125000000000003 0.394934
5 0.8696875 0.324109 0.259375 0.325516
5 0.9528125000000001 0.31988700000000003 0.09312500000000001 0.30394
