1 0.849375 0.7491665000000001 0.21375 0.13333300000000003
1 0.0903125 0.6816665 0.046875 0.046667000000000014
1 0.1765625 0.697083 0.09062499999999998 0.08749999999999991
2 0.058437499999999996 0.672083 0.025624999999999995 0.02750000000000008
2 0.0859375 0.6808335000000001 0.050625 0.05166700000000002
2 0.10625 0.695 0.04374999999999998 0.05166599999999999
2 0.1253125 0.7041664999999999 0.05437499999999999 0.06333299999999997
2 0.1796875 0.7025 0.10312500000000002 0.09833399999999992
2 0.2340625 0.725833 0.12937500000000002 0.09999999999999998
2 0.8446875 0.742083 0.219375 0.13249999999999995
2 0.9671875000000001 0.744583 0.06437499999999996 0.08250000000000002
