1 0.595 0.6086145000000001 0.54 0.696629
5 0.029375 0.1404495 0.05875 0.10861500000000002
5 0.13 0.550562 0.26 0.483146
5 0.095 0.0917605 0.0175 0.063671
5 0.10625000000000001 0.09082399999999999 0.015 0.09176
5 0.12187500000000001 0.1076775 0.01625 0.06554299999999999
5 0.14500000000000002 0.097378 0.022499999999999992 0.067416
5 0.263125 0.4101125 0.19874999999999998 0.23595499999999997
5 0.188125 0.24157299999999998 0.03874999999999998 0.04868999999999998
5 0.25125000000000003 0.104869 0.05750000000000002 0.089888
5 0.33125 0.2172285 0.025000000000000022 0.071161
5 0.36875 0.09550600000000001 0.0675 0.108614
5 0.46562499999999996 0.07771549999999999 0.07374999999999993 0.065543
5 0.739375 0.3539325 0.51875 0.41198500000000005
5 0.494375 0.12078649999999999 0.02624999999999994 0.05056100000000001
5 0.516875 0.116105 0.01375000000000004 0.04494400000000001
5 0.594375 0.1179775 0.053749999999999964 0.063671
5 0.655 0.1544945 0.025000000000000022 0.054306999999999994
5 0.7406250000000001 0.082397 0.06625000000000003 0.10861399999999999
5 0.823125 0.1011235 0.07125000000000004 0.097379
5 0.87375 0.061798 0.015000000000000013 0.033708
5 0.903125 0.1544945 0.07374999999999998 0.110487
5 0.888125 0.06367 0.01375000000000004 0.022472
5 0.905 0.062734 0.007499999999999951 0.016854
5 0.9450000000000001 0.483146 0.07999999999999996 0.164794
5 0.92875 0.059925000000000006 0.015000000000000013 0.026217999999999998
