1 0.89375 0.7025 0.1825 0.15833399999999997
2 0.89875 0.698333 0.1775 0.16999999999999993
5 0.079375 0.44083300000000003 0.15875 0.36500000000000005
5 0.08375 0.16 0.1675 0.32
5 0.24437499999999998 0.2808335 0.20625 0.30833299999999997
5 0.39625 0.2416665 0.04999999999999999 0.05333299999999999
5 0.45375 0.26666650000000003 0.057499999999999996 0.07333300000000001
5 0.499375 0.273333 0.04624999999999996 0.07999999999999996
5 0.549375 0.29083349999999997 0.05874999999999997 0.10833299999999998
5 0.603125 0.2883335 0.06125000000000003 0.136667
5 0.665 0.27749999999999997 0.04749999999999999 0.131666
5 0.7206250000000001 0.27749999999999997 0.07124999999999992 0.13499999999999998
5 0.785625 0.27249999999999996 0.07874999999999999 0.118334
5 0.8912500000000001 0.286667 0.14 0.17
5 0.9525 0.2808335 0.09250000000000003 0.561667
