11 0.3639775 0.2575 0.135085 0.025000000000000022
5 0.011257 0.10500000000000001 0.022514 0.05500000000000001
5 0.078799 0.226875 0.157598 0.15375000000000003
5 0.2870545 0.18 0.31894900000000004 0.2225
5 0.644465 0.338125 0.4746719999999999 0.22624999999999998
5 0.509381 0.215 0.19324599999999997 0.1175
5 0.723265 0.213125 0.23827399999999999 0.09124999999999997
5 0.7335834999999999 0.166875 0.18761700000000003 0.14375
5 0.8283305000000001 0.135625 0.20825499999999997 0.22625
5 0.9390244999999999 0.15125 0.11819900000000005 0.3025
