2 0.112413 0.8582175000000001 0.217882 0.15393500000000004
14 0.606337 0.3721065 0.341146 0.184027
5 0.028212 0.683449 0.052952 0.12847200000000003
5 0.082465 0.670139 0.065972 0.155092
5 0.2552085 0.6608799999999999 0.05034700000000003 0.03472200000000003
5 0.3845485 0.7390045000000001 0.078125 0.11458299999999999
5 0.440538 0.759838 0.028646000000000005 0.07060200000000005
5 0.857205 0.7060185 0.08246599999999993 0.24768499999999993
5 0.925347 0.7199070000000001 0.14756999999999998 0.35185199999999994
2 0.7109375 0.8003469999999999 0.015625 0.02430600000000005
