12 0.09875 0.672917 0.10375000000000001 0.41250000000000003
12 0.0496875 0.18875 0.099375 0.2775
12 0.1359375 0.1625 0.08687500000000001 0.325
12 0.2003125 0.703333 0.09437499999999999 0.35
12 0.23531249999999998 0.1816665 0.09187500000000001 0.291667
12 0.2971875 0.68875 0.10187500000000002 0.33083399999999996
12 0.32125000000000004 0.1679165 0.09500000000000003 0.31916700000000003
12 0.3878125 0.6912499999999999 0.09437499999999999 0.31916599999999995
12 0.39875 0.18125 0.04874999999999996 0.23249999999999998
12 0.433125 0.20166699999999999 0.08625 0.255
12 0.483125 0.694167 0.07624999999999998 0.30000000000000004
12 0.5309375000000001 0.209167 0.09187500000000004 0.22499999999999998
12 0.5828125 0.6908335 0.09437499999999999 0.306667
12 0.6234375 0.155 0.08812500000000001 0.31
12 0.6765625 0.7112499999999999 0.09312500000000001 0.32416600000000007
12 0.71375 0.1779165 0.08250000000000002 0.294167
12 0.76875 0.7070829999999999 0.10249999999999992 0.27749999999999997
12 0.783125 0.177917 0.10499999999999998 0.27749999999999997
12 0.7984374999999999 0.5125 0.06312499999999999 0.11166599999999999
12 0.8378125000000001 0.6925 0.10312500000000002 0.303334
12 0.885625 0.192917 0.08749999999999991 0.24749999999999997
12 0.8971875 0.5958330000000001 0.059374999999999956 0.22000000000000003
12 0.9315625000000001 0.5458335000000001 0.05312499999999998 0.21666700000000005
12 0.956875 0.194583 0.08250000000000002 0.27249999999999996
