5 0.46458350000000004 0.2430555 0.29583300000000007 0.413889
1 0.715625 0.45277749999999994 0.33541600000000005 0.316667
5 0.19166650000000002 0.376389 0.045832999999999985 0.030555999999999972
5 0.360417 0.3736115 0.30000000000000004 0.13611099999999998
5 0.53125 0.3375 0.033333999999999975 0.030555999999999972
5 0.576042 0.309722 0.03125 0.047221999999999986
5 0.6333335 0.28611149999999996 0.04583300000000001 0.03888900000000001
5 0.70625 0.2472225 0.07500000000000007 0.11111099999999999
5 0.875 0.4444445 0.2458340000000001 0.888889
5 0.853125 0.23055550000000002 0.08541599999999994 0.16111100000000003
5 0.9770835 0.213889 0.04166700000000001 0.10555599999999998
1 0.39166650000000003 0.44166649999999996 0.029167 0.06666699999999998
1 0.4270835 0.438889 0.04583300000000001 0.10555600000000004
1 0.4916665 0.4444445 0.091667 0.16666699999999995
1 0.907292 0.43888900000000003 0.18125000000000002 0.36666600000000005
2 0.0333335 0.5152775 0.066667 0.11388900000000002
2 0.076042 0.497222 0.09375 0.07777800000000001
2 0.07083300000000001 0.4944445 0.05 0.061111000000000026
2 0.1208335 0.4805555 0.04166699999999998 0.05555500000000002
2 0.1322915 0.47777800000000004 0.052083000000000004 0.07222200000000006
2 0.1979165 0.46944450000000004 0.095833 0.04444500000000001
