14 0.8578125000000001 0.167778 0.14687499999999998 0.262222
14 0.3578125 0.7588889999999999 0.02437499999999998 0.06444400000000006
14 0.47125 0.7633335 0.015000000000000013 0.05555500000000002
14 0.5140625 0.752778 0.026874999999999982 0.06555600000000006
2 0.05875 0.8772225 0.1175 0.24333300000000002
2 0.16249999999999998 0.9533335000000001 0.08249999999999999 0.09111100000000005
2 0.204375 0.9544445 0.04999999999999999 0.088889
2 0.2571875 0.937778 0.07187500000000002 0.12222200000000005
2 0.3390625 0.896111 0.17562500000000003 0.20555600000000007
2 0.4303125 0.9305555000000001 0.010624999999999996 0.054444999999999966
2 0.4828125 0.934444 0.08437500000000003 0.07999999999999996
2 0.5253125000000001 0.9422225 0.06937500000000008 0.08666699999999994
2 0.6565624999999999 0.925 0.1831250000000001 0.14777800000000008
