5 0.735 0.8175 0.23124999999999996 0.30000000000000004
14 0.2765625 0.5800000000000001 0.109375 0.14666600000000007
14 0.2765625 0.22583350000000002 0.104375 0.058332999999999996
14 0.2940625 0.68875 0.131875 0.07750000000000001
14 0.2784375 0.30374999999999996 0.09812500000000002 0.179166
14 0.2765625 0.4475 0.09187500000000001 0.09166600000000003
14 0.38625 0.32875 0.11249999999999999 0.139166
14 0.3884375 0.2216665 0.09812500000000002 0.066667
14 0.3971875 0.5245835000000001 0.10312499999999997 0.07083300000000003
14 0.3959375 0.6387499999999999 0.09812500000000002 0.13249999999999995
14 0.3940625 0.755417 0.09187499999999998 0.08749999999999991
14 0.3928125 0.442917 0.08687500000000004 0.08250000000000002
5 0.0846875 0.766667 0.09812500000000002 0.4650000000000001
5 0.5221875 0.5433334999999999 0.954375 0.41833299999999995
5 0.22125 0.727917 0.22624999999999998 0.5425
5 0.4090625 0.849167 0.11937500000000001 0.19999999999999996
5 0.62625 0.6629164999999999 0.20125000000000004 0.13416700000000004
5 0.944375 0.795 0.10999999999999999 0.408334
