14 0.238125 0.838983 0.47625 0.16949199999999998
14 0.24125 0.6741995000000001 0.47000000000000003 0.16007500000000008
14 0.32437499999999997 0.45574400000000004 0.3525 0.252354
14 0.5365624999999999 0.255179 0.22312499999999996 0.333334
14 0.6018749999999999 0.777307 0.11750000000000005 0.25141199999999997
14 0.68125 0.619115 0.24875000000000003 0.20433199999999996
14 0.6231249999999999 0.8874765 0.09124999999999994 0.12711899999999998
14 0.8 0.5070625 0.39875000000000005 0.170433
14 0.805 0.722222 0.29125 0.16760799999999998
5 0.4996875 0.5607345 0.999375 0.876647
