5 0.6559375 0.424953 0.08812500000000001 0.10881800000000003
14 0.48062499999999997 0.4727955 0.10374999999999995 0.08818099999999995
14 0.79375 0.2026265 0.15125 0.17823699999999998
14 0.7715624999999999 0.3545965 0.01937500000000003 0.04878100000000002
5 0.07625 0.4727955 0.1525 0.945591
5 0.1171875 0.42776749999999997 0.13187500000000002 0.29643499999999995
5 0.3534375 0.4057225 0.35562499999999997 0.28611699999999995
5 0.5653125000000001 0.4530955 0.083125 0.09193299999999999
5 0.7225 0.48874249999999997 0.06125000000000003 0.07504700000000003
5 0.7684375 0.4423075 0.0618749999999999 0.098499
5 0.8871875 0.380863 0.13437500000000002 0.13695999999999997
