2 0.2121875 0.783319 0.41562499999999997 0.38864999999999994
8 0.784375 0.787188 0.06874999999999998 0.1229579999999999
8 0.8740625 0.7751505 0.05937500000000007 0.042132999999999976
2 0.0209375 0.750215 0.041875 0.18486599999999997
2 0.0409375 0.6061905 0.081875 0.07222700000000004
2 0.1834375 0.6139295 0.17312500000000003 0.09114299999999997
2 0.3403125 0.6474635 0.128125 0.12037900000000001
2 0.404375 0.633276 0.05125000000000002 0.07824599999999993
2 0.46875 0.641015 0.10000000000000003 0.11091999999999991
2 0.5146875 0.6294065 0.033125000000000016 0.07394699999999998
2 0.5778125000000001 0.662081 0.125625 0.15305199999999997
2 0.65125 0.6139295 0.040000000000000036 0.053311
2 0.680625 0.605761 0.040000000000000036 0.026656000000000013
2 0.7290625 0.61092 0.028125000000000067 0.043852
2 0.851875 0.6083405 0.03125 0.03525300000000009
