5 0.861875 0.261726 0.255 0.4803
14 0.1390625 0.39024400000000004 0.123125 0.14634200000000003
5 0.1409375 0.3658535 0.281875 0.731707
5 0.2815625 0.3653845 0.243125 0.41744899999999996
5 0.29625 0.458724 0.10624999999999998 0.24577800000000005
5 0.47624999999999995 0.414634 0.24874999999999997 0.300188
5 0.3971875 0.228893 0.07687499999999997 0.21013199999999999
5 0.5321875 0.17589100000000002 0.236875 0.276736
5 0.5596875 0.2317075 0.04812499999999997 0.165103
5 0.6909375 0.23968099999999998 0.08062499999999995 0.331144
