0 0.26 0.825 0.3375 0.16166599999999998
5 0.051875 0.44166700000000003 0.10375 0.14500000000000002
5 0.448125 0.2979165 0.8912500000000001 0.590833
5 0.16812500000000002 0.6312500000000001 0.24500000000000002 0.23416599999999999
5 0.205625 0.4216665 0.0675 0.06666700000000003
5 0.286875 0.5825 0.20125 0.323334
5 0.4084375 0.45166700000000004 0.20937500000000003 0.044999999999999984
5 0.5640625 0.6670835 0.37062500000000004 0.285833
5 0.65375 0.532083 0.2587499999999999 0.1325
5 0.934375 0.1725 0.13 0.345
5 0.936875 0.6491665 0.125 0.311667
5 0.94875 0.41208350000000005 0.10125000000000006 0.22416700000000006
2 0.84 0.6508335 0.06125000000000003 0.046667000000000014
