5 0.2344445 0.5725 0.21111100000000002 0.305
14 0.0205555 0.6658335 0.007776999999999999 0.04166700000000001
14 0.075 0.6116665 0.034443999999999995 0.053333000000000075
14 0.3094445 0.6666665 0.01888899999999999 0.026666999999999996
14 0.333889 0.6233335 0.023333999999999966 0.043333000000000066
14 0.34722200000000003 0.5974999999999999 0.027778000000000025 0.04500000000000004
14 0.376667 0.5433335 0.04222200000000004 0.06666700000000003
14 0.442222 0.4558335 0.057777999999999996 0.088333
14 0.7211115 0.3375 0.38888900000000004 0.238334
14 0.6316664999999999 0.5275000000000001 0.06333299999999997 0.025000000000000022
5 0.07222200000000001 0.6016665 0.075556 0.1766669999999999
5 0.146111 0.619167 0.092222 0.21499999999999997
5 0.1866665 0.605 0.068889 0.16999999999999993
5 0.4333335 0.513333 0.10888900000000001 0.4
5 0.4883335 0.5816665 0.11888899999999997 0.24666699999999997
5 0.5466664999999999 0.538333 0.11555499999999996 0.20000000000000007
5 0.69 0.5275 0.124444 0.195
5 0.7422225 0.5475 0.18888900000000008 0.24500000000000005
5 0.9333335 0.2691665 0.13111099999999998 0.538333
5 0.95 0.6341665 0.09777800000000003 0.35833299999999996
2 0.7033335000000001 0.6916665 0.2444449999999999 0.12333300000000003
