1 0.4808825 0.6366320000000001 0.7264710000000001 0.50517
2 0.486765 0.629247 0.7147060000000001 0.508124
5 0.345588 0.15805 0.691176 0.3161
1 0.8205884999999999 0.2998525 0.07254900000000009 0.12703100000000003
1 0.902451 0.310192 0.04804000000000008 0.04726800000000003
2 0.6730389999999999 0.379616 0.12451000000000001 0.16543600000000003
2 0.832353 0.5221565 0.26666600000000007 0.299853
2 0.7553920000000001 0.34047249999999996 0.06568600000000002 0.093057
2 0.8705885 0.3161005 0.027451000000000003 0.047267
2 0.9029415000000001 0.3072375 0.04313700000000009 0.041359000000000035
