1 0.80625 0.7525 0.38749999999999996 0.43499999999999994
5 0.008125 0.1658335 0.01625 0.028332999999999997
5 0.499375 0.4258335 0.99875 0.471667
5 0.03125 0.16749999999999998 0.0325 0.01833399999999999
5 0.055625 0.16749999999999998 0.01625 0.03833400000000001
5 0.06125 0.16749999999999998 0.012500000000000004 0.028333999999999998
5 0.071875 0.168333 0.01625 0.03
5 0.1 0.1633335 0.012499999999999997 0.016666999999999987
5 0.155 0.16499999999999998 0.015000000000000013 0.033334
5 0.179375 0.1725 0.013750000000000012 0.02166599999999999
5 0.203125 0.18583349999999998 0.00874999999999998 0.02166700000000002
5 0.215 0.181667 0.007500000000000007 0.010000000000000009
5 0.230625 0.18333349999999998 0.00874999999999998 0.013333000000000012
5 0.290625 0.1733335 0.09375000000000003 0.033333
5 0.36375 0.5375 0.15750000000000003 0.24500000000000005
5 0.38125 0.165833 0.09249999999999997 0.035
5 0.45875 0.16499999999999998 0.012500000000000011 0.023333999999999994
5 0.4825 0.16249999999999998 0.015000000000000013 0.024999999999999994
5 0.5025 0.156667 0.007499999999999951 0.020000000000000018
5 0.544375 0.5208335 0.06375000000000008 0.251667
5 0.525 0.14750000000000002 0.012499999999999956 0.01833399999999999
5 0.6637500000000001 0.3175 0.265 0.635
5 0.5525 0.14 0.015000000000000013 0.016665999999999986
5 0.57375 0.14750000000000002 0.010000000000000009 0.02166599999999999
5 0.5800000000000001 0.145833 0.012500000000000067 0.024999999999999994
5 0.7112499999999999 0.1741665 0.03749999999999998 0.038333000000000006
5 0.774375 0.18916650000000002 0.08875 0.04833299999999999
5 0.91875 0.2991665 0.16000000000000003 0.47166700000000006
3 0.81375 0.7625 0.37 0.47166600000000003
