0 0.4015625 0.837242 0.12062499999999998 0.10975600000000008
2 0.031875 0.79409 0.05499999999999999 0.040337999999999985
2 0.6040625 0.7875235 0.03312499999999996 0.040336999999999956
2 0.685 0.772514 0.03375000000000006 0.029079999999999995
2 0.8778125000000001 0.825985 0.083125 0.04784200000000005
2 0.8571875 0.7565664999999999 0.02187500000000009 0.015947000000000044
2 0.9015625 0.8297375 0.08937499999999998 0.03658499999999998
2 0.9412499999999999 0.7546904999999999 0.03874999999999995 0.019699000000000022
2 0.9640625 0.781426 0.06937500000000008 0.018762000000000056
2 0.9765625 0.825985 0.04562500000000003 0.04784200000000005
2 0.9915625 0.757505 0.015625 0.02157600000000004
