4 0.553125 0.6555555 0.44375000000000003 0.335555
3 0.3253125 0.703889 0.420625 0.4099999999999999
3 0.66625 0.6355555 0.66625 0.38222300000000003
4 0.32375 0.7166665 0.4275 0.368889
4 0.776875 0.6438889999999999 0.20625000000000004 0.22333400000000003
4 0.7678125 0.681111 0.08812500000000001 0.16666599999999998
4 0.881875 0.6355554999999999 0.11375000000000002 0.21111099999999994
4 0.9275 0.6061110000000001 0.14375000000000004 0.16555599999999993
4 0.9228125 0.6305559999999999 0.07562499999999994 0.13
4 0.969375 0.638889 0.053749999999999964 0.08222200000000002
