5 0.05 0.3133335 0.1 0.18833299999999997
5 0.073125 0.1983335 0.14625 0.396667
5 0.224375 0.3004165 0.16375000000000003 0.210833
5 0.4278125 0.1933335 0.529375 0.386667
5 0.2975 0.3191665 0.165 0.261667
5 0.8103125 0.2820835 0.37687500000000007 0.564167
5 0.723125 0.2875 0.17999999999999994 0.253334
5 0.8503125 0.2583335 0.291875 0.476667
5 0.8668750000000001 0.43208349999999995 0.11875000000000002 0.17083299999999996
5 0.9509375 0.443333 0.09562500000000007 0.19999999999999996
10 0.3215625 0.7887500000000001 0.11312499999999998 0.06583400000000006
10 0.2921875 0.38625 0.014375000000000027 0.01083400000000001
10 0.33968750000000003 0.416667 0.03187500000000004 0.025000000000000022
10 0.5287499999999999 0.24375000000000002 0.25999999999999995 0.12083400000000002
10 0.676875 0.42874999999999996 0.05499999999999994 0.03916599999999998
