2 0.92125 0.6787055 0.15749999999999997 0.331145
8 0.054375 0.511726 0.0062500000000000056 0.025328000000000017
8 0.13624999999999998 0.554878 0.027499999999999997 0.027204000000000006
8 0.21968749999999998 0.513602 0.019375000000000003 0.017824000000000062
8 0.4240625 0.673546 0.05812499999999998 0.06941799999999998
8 0.67875 0.795497 0.10750000000000004 0.08442799999999995
5 0.05375 0.291276 0.1075 0.346154
5 0.18937500000000002 0.272514 0.215 0.545028
5 0.343125 0.2551595 0.19499999999999998 0.510319
5 0.521875 0.259381 0.21375000000000005 0.518762
5 0.8043750000000001 0.270638 0.3762500000000001 0.541276
2 0.8787499999999999 0.5924015 0.036250000000000004 0.04784299999999997
2 0.8896875 0.566604 0.03437499999999993 0.050656000000000034
2 0.9221874999999999 0.556754 0.04062500000000002 0.027204000000000006
