8 0.111875 0.6350845 0.14875 0.18386500000000006
8 0.20906249999999998 0.304409 0.019375000000000003 0.03658600000000001
8 0.2546875 0.24812399999999998 0.02312499999999998 0.021575999999999984
8 0.3559375 0.6139775000000001 0.11812499999999998 0.04784299999999997
8 0.4246875 0.2912755 0.02937500000000004 0.03470899999999999
8 0.4659375 0.325047 0.020625000000000004 0.02908000000000005
8 0.549375 0.5722325 0.14125 0.10318899999999998
8 0.6534375 0.35506550000000003 0.028124999999999956 0.04971900000000001
8 0.746875 0.5154785 0.11499999999999999 0.117261
8 0.8409375 0.48499099999999995 0.01937499999999992 0.06378999999999996
8 0.8959375 0.459662 0.09312500000000001 0.15197
