12 0.471405 0.711601 0.730392 0.46241800000000005
12 0.254902 0.103758 0.07189599999999999 0.04085
12 0.27859449999999997 0.119281 0.10947699999999999 0.052288
12 0.25081699999999996 0.1968955 0.047385999999999984 0.04738500000000001
12 0.27859449999999997 0.223856 0.080065 0.04248400000000002
12 0.2826795 0.248366 0.08496699999999999 0.06209199999999998
12 0.3006535 0.14134000000000002 0.117647 0.050654000000000005
12 0.2924835 0.2810455 0.09803899999999999 0.06209100000000001
12 0.2949345 0.253268 0.093137 0.052288
12 0.3194445 0.2875815 0.106209 0.06209100000000001
12 0.3284315 0.147876 0.120915 0.06699400000000001
12 0.3390525 0.2924835 0.10947699999999999 0.08169899999999997
12 0.37418300000000004 0.1838235 0.156862 0.08333299999999999
12 0.3488565 0.3096405 0.09967300000000001 0.06372499999999998
12 0.3553925 0.1593135 0.10947700000000005 0.073529
12 0.3382355 0.3284315 0.07189499999999999 0.05555500000000002
12 0.3635625 0.34722200000000003 0.11928099999999997 0.060457999999999956
12 0.4207515 0.2949345 0.076797 0.040849000000000024
12 0.4256535 0.3243465 0.06699300000000002 0.050653000000000004
12 0.529412 0.11356250000000001 0.22875800000000002 0.10620900000000001
12 0.6601305 0.130719 0.1601309999999999 0.153594
12 0.7900324999999999 0.2042485 0.15522899999999995 0.28431300000000004
12 0.860294 0.852124 0.21078400000000008 0.29248399999999997
12 0.9207515 0.30882350000000003 0.15522899999999995 0.460785
12 0.971405 0.893791 0.053922000000000025 0.20914999999999995
