5 0.051875 0.163688 0.10375 0.15427999999999997
5 0.07625 0.339605 0.1525 0.22577599999999998
5 0.1653125 0.247413 0.120625 0.287864
5 0.1690625 0.428034 0.06437500000000002 0.07714000000000004
5 0.4328125 0.2300095 0.45687500000000003 0.460019
5 0.335625 0.2906865 0.21250000000000002 0.24270899999999998
5 0.54125 0.3607715 0.14749999999999996 0.19849500000000003
5 0.67625 0.409219 0.19999999999999996 0.24082800000000004
5 0.821875 0.275635 0.08125000000000004 0.080904
5 0.9653125 0.266698 0.06812499999999999 0.09501400000000002
5 0.98 0.3955785 0.03875000000000006 0.20225700000000002
1 0.278125 0.4534335 0.25375000000000003 0.25964299999999996
1 0.411875 0.41392300000000004 0.06 0.07525799999999999
1 0.465625 0.4506115 0.057499999999999996 0.07525899999999996
1 0.8303125 0.39463800000000004 0.31562500000000004 0.36218200000000006
1 0.9353125 0.561618 0.12812500000000004 0.15804399999999996
2 0.0428125 0.49529650000000003 0.085625 0.10630300000000004
2 0.1821875 0.4854185 0.010624999999999996 0.013170999999999988
2 0.9428125 0.5776105 0.11312500000000003 0.150517
