0 0.6225 0.7116665 0.19499999999999995 0.323333
2 0.14625 0.596667 0.2925 0.52
2 0.32 0.848333 0.11499999999999999 0.16999999999999993
2 0.38375000000000004 0.6499999999999999 0.08749999999999997 0.09999999999999998
2 0.38749999999999996 0.5800000000000001 0.065 0.05999999999999994
2 0.43875 0.911667 0.14250000000000002 0.16999999999999993
2 0.4175 0.505 0.05499999999999999 0.063334
2 0.4975 0.346667 0.18000000000000005 0.24
2 0.475 0.823333 0.12000000000000005 0.17999999999999994
2 0.48125 0.9933335 0.08750000000000002 0.0066669999999999785
2 0.7075 0.9366669999999999 0.125 0.12
