8 0.1625 0.7166665 0.18375000000000002 0.213333
8 0.043125 0.573333 0.08625 0.18999999999999995
8 0.30781250000000004 0.7533335 0.06562499999999999 0.14333299999999993
8 0.33875 0.3683335 0.030000000000000027 0.04166700000000001
8 0.49312500000000004 0.3875 0.03375 0.04166599999999998
8 0.5584374999999999 0.5016665 0.09437499999999999 0.053333000000000075
8 0.7996875 0.4475 0.06812499999999999 0.061666
8 0.8509375 0.427083 0.02562500000000001 0.0625
8 0.9496875 0.432083 0.014375000000000027 0.01749999999999996
5 0.020625 0.105 0.04125 0.155
5 0.09843750000000001 0.0954165 0.07312500000000001 0.129167
