4 0.704375 0.698874 0.14125 0.10506599999999999
5 0.123125 0.6149155 0.24625 0.11163299999999998
5 0.6240625 0.599437 0.750625 0.0919319999999999
2 0.0190625 0.6857409999999999 0.038125 0.046903999999999946
2 0.054375 0.7317075 0.10875 0.09568500000000002
2 0.1625 0.674015 0.028749999999999998 0.042213999999999974
2 0.36343749999999997 0.659006 0.030624999999999958 0.042213999999999974
2 0.396875 0.678236 0.05624999999999997 0.065666
2 0.5578125 0.6482175 0.02937500000000004 0.01688500000000004
2 0.625 0.6444655 0.03125 0.02814300000000003
2 0.7796875 0.66182 0.078125 0.04408999999999996
2 0.8390625 0.6318010000000001 0.06437499999999996 0.04596600000000006
2 0.900625 0.6233584999999999 0.03875000000000006 0.032833
4 0.27749999999999997 0.6880865 0.04624999999999996 0.05909900000000001
4 0.47281249999999997 0.7035645 0.085625 0.09380900000000003
