10 0.540625 0.43152 0.125 0.06754199999999999
5 0.12875 0.2443715 0.2575 0.488743
5 0.3615625 0.3180115 0.13437500000000002 0.294559
5 0.4640625 0.4301125 0.06812499999999999 0.12101300000000004
5 0.63 0.31988750000000005 0.11749999999999994 0.532833
5 0.786875 0.7148220000000001 0.1937500000000001 0.236398
5 0.7984374999999999 0.447467 0.073125 0.302064
10 0.2378125 0.203096 0.169375 0.11163199999999998
10 0.2378125 0.5051595 0.033125000000000016 0.027204999999999924
10 0.89625 0.476079 0.10999999999999999 0.06847999999999999
