8 0.1884375 0.8456845 0.14437499999999998 0.18105099999999996
8 0.025625 0.707786 0.05125 0.25985
8 0.0271875 0.9507505 0.024375 0.042212999999999945
8 0.34468750000000004 0.8780490000000001 0.07937500000000003 0.10319
8 0.39937500000000004 0.949343 0.058750000000000024 0.065666
8 0.499375 0.9620075 0.04375000000000001 0.04033700000000007
8 0.5359375 0.975141 0.024374999999999925 0.04408999999999996
8 0.571875 0.987805 0.030000000000000027 0.022514000000000034
8 0.675625 0.9380865 0.08125000000000004 0.07692299999999996
8 0.8043750000000001 0.8686674999999999 0.09750000000000003 0.07692299999999996
8 0.9171875 0.9394935 0.03562500000000002 0.060975
8 0.9465625 0.9549719999999999 0.02312499999999995 0.02626600000000001
