0 0.0946875 0.5177404999999999 0.189375 0.18580699999999994
0 0.536875 0.493464 0.8687499999999999 0.7310920000000001
0 0.6956249999999999 0.499533 0.6075 0.999066
0 0.9334375 0.8197945 0.13187499999999996 0.35107299999999997
1 0.0575 0.5121385 0.115 0.20821699999999999
1 0.14125000000000001 0.533147 0.05750000000000001 0.16620000000000001
1 0.20906249999999998 0.513072 0.09312499999999999 0.253034
1 0.238125 0.543884 0.058750000000000024 0.267974
1 0.339375 0.47572349999999997 0.25625000000000003 0.44164299999999995
1 0.46468750000000003 0.5210085 0.41562499999999997 0.677871
1 0.9178125 0.810924 0.16312499999999996 0.37628400000000006
