12 0.1601305 0.41585000000000005 0.18954300000000002 0.23366000000000003
12 0.18137250000000002 0.3006535 0.192811 0.14052299999999998
12 0.1928105 0.125 0.18954300000000002 0.25
12 0.455065 0.609477 0.46568599999999993 0.15686199999999995
12 0.3284315 0.41094800000000004 0.202615 0.21405200000000002
12 0.477941 0.6691175 0.48202599999999995 0.14869299999999996
12 0.500817 0.971405 0.527778 0.053922000000000025
12 0.496732 0.8504905 0.48039200000000004 0.16503299999999999
12 0.363562 0.2704245 0.20424799999999999 0.12581699999999998
12 0.3529415 0.114379 0.169935 0.228758
12 0.503268 0.4240195 0.19607800000000003 0.210785
12 0.5302285 0.3055555 0.18790900000000005 0.10457500000000003
12 0.5457515 0.138072 0.19934700000000005 0.25653600000000004
12 0.6862745 0.410131 0.202615 0.26143800000000006
12 0.7009805 0.095588 0.19934699999999994 0.191176
12 0.7099675 0.23856249999999998 0.18464100000000006 0.12418299999999999
12 0.869281 0.9338234999999999 0.25817 0.129085
