8 0.30781250000000004 0.703333 0.09187499999999998 0.14
8 0.44156249999999997 0.70375 0.09062500000000001 0.07416599999999995
8 0.483125 0.6433335 0.04250000000000004 0.11166699999999996
8 0.5115625 0.48875 0.016874999999999973 0.030834000000000028
8 0.5703125 0.673333 0.0831249999999999 0.039999999999999925
8 0.6168750000000001 0.6454165000000001 0.03375000000000006 0.0791670000000001
8 0.673125 0.6158335 0.04749999999999999 0.10833300000000001
8 0.7378125 0.88625 0.14812500000000006 0.22583399999999998
5 0.4428125 0.3670835 0.885625 0.734167
5 0.9890625 0.2691665 0.020625000000000004 0.06833300000000003
