1 0.5974999999999999 0.46131600000000006 0.3175 0.31959600000000005
1 0.1353125 0.187997 0.016875 0.027476
1 0.150625 0.20896599999999999 0.023749999999999993 0.03615399999999999
1 0.2590625 0.2812725 0.05687499999999998 0.03615299999999999
1 0.276875 0.20751999999999998 0.03875000000000001 0.039046
1 0.7415625 0.45516999999999996 0.285625 0.246566
2 0.1690625 0.2364425 0.019375000000000003 0.01879900000000001
2 0.23125 0.2187275 0.016250000000000014 0.013739000000000001
2 0.2678125 0.229935 0.020625000000000004 0.018799999999999983
2 0.28031249999999996 0.269342 0.02812500000000001 0.025307999999999997
2 0.32125000000000004 0.2968185 0.03875000000000001 0.03253699999999998
2 0.32343750000000004 0.2469265 0.02812500000000001 0.022414999999999963
2 0.36875 0.2668115 0.03250000000000003 0.02747700000000003
2 0.4559375 0.2791035 0.03562500000000002 0.027476999999999974
2 0.5228125 0.318149 0.04437500000000005 0.01735399999999998
2 0.540625 0.2960955 0.04125000000000001 0.03109099999999998
