11 0.0990625 0.24249500000000002 0.030625 0.025328000000000017
11 0.1296875 0.2326455 0.024375000000000008 0.013133000000000006
11 0.2753125 0.2673545 0.026874999999999982 0.01688500000000004
11 0.3890625 0.24108800000000002 0.02562500000000001 0.015009999999999996
11 0.48687499999999995 0.2345215 0.02999999999999997 0.01688500000000001
11 0.5421875 0.252814 0.026874999999999982 0.019699999999999995
11 0.6584375 0.41744800000000004 0.02937499999999993 0.02063799999999999
11 0.69375 0.2420265 0.03125 0.013133000000000006
2 0.0303125 0.23874299999999998 0.060625 0.11538400000000001
2 0.06 0.1885555 0.12 0.03001899999999999
2 0.4996875 0.2664165 0.999375 0.247655
2 0.159375 0.1491555 0.11000000000000001 0.052532999999999996
2 0.244375 0.2462475 0.205 0.14540299999999998
2 0.60625 0.554878 0.71125 0.43996199999999996
2 0.4509375 0.2462475 0.31937499999999996 0.19981300000000002
2 0.6781250000000001 0.2462475 0.20499999999999996 0.166041
2 0.7634375 0.2697 0.22687499999999994 0.11163200000000004
2 0.9490625 0.295028 0.10062499999999996 0.175422
