1 0.3771875 0.5399815 0.44562499999999994 0.27093100000000003
4 0.0684375 0.832079 0.12437499999999999 0.17027199999999998
1 0.8978125 0.8904045 0.203125 0.21730900000000009
1 0.85375 0.28175 0.09875 0.12323600000000001
2 0.04375 0.9539040000000001 0.0875 0.09031
2 0.2078125 0.9393225000000001 0.264375 0.11947300000000005
2 0.1384375 0.543274 0.076875 0.09501399999999999
2 0.3140625 0.447319 0.08687499999999998 0.029161999999999966
2 0.4084375 0.88476 0.195625 0.17968000000000006
2 0.43781250000000005 0.4082785 0.06562499999999999 0.05268099999999998
2 0.5121875 0.9656629999999999 0.19062500000000004 0.06679200000000007
2 0.7362500000000001 0.41486350000000005 0.52625 0.30479700000000004
2 0.65625 0.891345 0.19500000000000006 0.200376
4 0.2134375 0.817027 0.22312500000000002 0.1872060000000001
4 0.7859375 0.3301975 0.06062500000000004 0.06585099999999999
4 0.8731249999999999 0.3287865 0.05500000000000005 0.04797699999999999
