0 0.3265625 0.42166950000000003 0.07937500000000003 0.117261
0 0.4665625 0.4540335 0.18312499999999998 0.18574099999999993
0 0.8134375 0.43667900000000004 0.37187500000000007 0.36679200000000006
5 0.108125 0.2434335 0.19624999999999998 0.46998100000000004
5 0.241875 0.30863050000000003 0.08499999999999999 0.24577900000000003
5 0.3075 0.2983115 0.053749999999999964 0.18198899999999998
5 0.3778125 0.262664 0.07687500000000003 0.30394
5 0.47124999999999995 0.248593 0.08249999999999996 0.23264600000000002
5 0.5296875 0.183396 0.17812500000000003 0.366792
5 0.721875 0.2120075 0.19624999999999992 0.424015
5 0.9190625 0.128518 0.16062500000000002 0.257036
2 0.14375 0.44136949999999997 0.0062500000000000056 0.006567000000000045
2 0.16375 0.44136949999999997 0.0050000000000000044 0.006567000000000045
2 0.2 0.447936 0.013750000000000012 0.027204000000000006
2 0.2146875 0.4521575 0.020625000000000004 0.018761000000000028
2 0.2709375 0.4507505 0.028124999999999956 0.032833
2 0.30937499999999996 0.4765475 0.05499999999999999 0.05065700000000001
2 0.3646875 0.4624765 0.030625000000000013 0.05628500000000003
2 0.5909375 0.4817075 0.078125 0.09474700000000003
