5 0.06601549999999999 0.3171875 0.125781 0.296875
5 0.1859375 0.265625 0.054686999999999986 0.10833400000000001
5 0.274219 0.2020835 0.06874999999999998 0.05416700000000002
5 0.401953 0.338021 0.09765599999999997 0.317708
5 0.46757800000000005 0.265625 0.08046800000000004 0.13124999999999998
5 0.5566405 0.3125 0.08671899999999999 0.25625
5 0.8464845 0.3364585 0.08359300000000003 0.10416700000000001
5 0.9199215000000001 0.3177085 0.0382809999999999 0.05208299999999999
5 0.9851565 0.34791700000000003 0.028124999999999956 0.10625000000000001
10 0.6765625 0.23229149999999998 0.19531299999999996 0.10208300000000001
