8 0.170703 0.565625 0.10859400000000001 0.14583400000000007
8 0.25859350000000003 0.5447915 0.09062500000000001 0.10416700000000007
8 0.332422 0.543229 0.06640599999999997 0.09895799999999999
8 0.3859375 0.5484375 0.078125 0.11979100000000004
8 0.55 0.555729 0.09375 0.13645800000000002
8 0.6226565 0.6083335000000001 0.08437499999999998 0.08333299999999999
8 0.6933590000000001 0.6270830000000001 0.06015599999999999 0.07500000000000007
8 0.7871090000000001 0.60625 0.09609400000000001 0.12708400000000009
8 0.8671875 0.665625 0.131251 0.19791599999999998
8 0.957031 0.450521 0.025000000000000022 0.038541999999999965
