1 0.19125 0.461727 0.1325 0.28950000000000004
1 0.2559375 0.305692 0.13312500000000002 0.279686
1 0.365625 0.607458 0.19875000000000004 0.404318
1 0.3453125 0.288518 0.08187499999999998 0.14524
1 0.3675 0.092247 0.04500000000000004 0.07850800000000001
1 0.42625 0.1162905 0.06 0.11089299999999999
1 0.453125 0.27527 0.08499999999999996 0.13444599999999998
1 0.5315625 0.1692835 0.06812500000000005 0.12855699999999998
1 0.6153125 0.089794 0.02562500000000001 0.046124
1 0.7481249999999999 0.0991165 0.057499999999999996 0.06476900000000001
1 0.7887500000000001 0.1099115 0.04749999999999999 0.07065700000000001
1 0.8215625 0.1285575 0.059374999999999956 0.074583
1 0.8640625 0.288518 0.13312500000000005 0.08832200000000001
1 0.88375 0.1315015 0.0625 0.084397
1 0.9465625 0.139843 0.07562500000000005 0.11481800000000002
1 0.9759375 0.289009 0.034375000000000044 0.103042
2 0.07906250000000001 0.756624 0.125625 0.16486800000000001
2 0.11250000000000002 0.114328 0.05500000000000001 0.042197999999999986
2 0.29625 0.868008 0.14500000000000002 0.1913640000000001
2 0.3865625 0.4185475 0.078125 0.053974999999999995
2 0.528125 0.5073605 0.15875000000000006 0.323847
2 0.4909375 0.5103045 0.08312499999999995 0.11383700000000002
2 0.550625 0.609912 0.10250000000000004 0.13640800000000008
2 0.5346875 0.23258099999999998 0.046875 0.05102999999999999
2 0.5590625 0.4749755 0.078125 0.09617300000000001
2 0.7684375000000001 0.2011775 0.448125 0.253189
2 0.6378125 0.22472999999999999 0.04562500000000003 0.05495599999999998
