5 0.8840625 0.34146350000000003 0.21062499999999995 0.637899
4 0.44843750000000004 0.7415575 0.06562499999999999 0.11913700000000005
5 0.021875 0.39821799999999996 0.04375 0.04596600000000001
5 0.060625 0.3846155 0.0875 0.030019000000000018
5 0.6168750000000001 0.40197 0.1050000000000001 0.10037600000000002
5 0.77125 0.47607900000000003 0.1499999999999999 0.19418399999999997
5 0.75625 0.32879899999999995 0.07125000000000004 0.085366
2 0.06 0.845685 0.12 0.18855599999999995
2 0.1075 0.5225145 0.215 0.07692300000000002
2 0.3159375 0.707317 0.631875 0.5834900000000001
2 0.1740625 0.9484055 0.18437499999999998 0.10131299999999999
2 0.23781249999999998 0.7424949999999999 0.12812500000000002 0.12851800000000002
2 0.42625 0.9057225 0.10999999999999999 0.18667900000000004
2 0.576875 0.8348964999999999 0.10875000000000001 0.18198900000000007
4 0.2040625 0.5168855 0.013124999999999998 0.02439100000000005
4 0.308125 0.500469 0.05125000000000002 0.015947999999999962
4 0.400625 0.523921 0.040000000000000036 0.038461999999999996
4 0.485625 0.43339550000000004 0.014999999999999958 0.013133000000000006
4 0.5215624999999999 0.43667900000000004 0.010624999999999996 0.015948000000000018
4 0.5565625000000001 0.556285 0.03312499999999996 0.050656000000000034
