2 0.884375 0.7579165 0.20750000000000002 0.24916699999999992
14 0.2996875 0.39166650000000003 0.06687500000000002 0.10666700000000001
14 0.2984375 0.2916665 0.049375 0.093333
2 0.0415625 0.577083 0.049375 0.02750000000000008
2 0.1921875 0.580417 0.05562500000000001 0.03749999999999998
2 0.2859375 0.56375 0.011874999999999969 0.022499999999999964
2 0.30718749999999995 0.5862499999999999 0.044375 0.032500000000000084
2 0.3265625 0.56125 0.013124999999999998 0.01749999999999996
2 0.3459375 0.570833 0.02812500000000001 0.040000000000000036
2 0.3684375 0.5620835 0.014374999999999971 0.015832999999999986
2 0.3865625 0.5633335 0.015625 0.016666999999999987
2 0.85875 0.6070835 0.12375000000000003 0.060832999999999915
2 0.98125 0.60875 0.03125 0.04583399999999993
