8 0.705625 0.69375 0.09999999999999998 0.10416599999999998
8 0.19343749999999998 0.427083 0.02562499999999998 0.03249999999999997
8 0.2071875 0.435417 0.026874999999999982 0.03249999999999997
8 0.3084375 0.4570835 0.020625000000000004 0.034167
8 0.338125 0.455 0.03875000000000001 0.04166599999999998
8 0.450625 0.4604165 0.02375000000000005 0.02083299999999999
8 0.4853125 0.507917 0.051875000000000004 0.08750000000000002
8 0.56125 0.56125 0.03749999999999998 0.022499999999999964
8 0.6525000000000001 0.43625 0.03500000000000003 0.020833999999999964
8 0.7521875 0.4241665 0.02187500000000009 0.016666999999999987
8 0.7703125 0.432083 0.01937500000000003 0.022499999999999964
8 0.8200000000000001 0.4529165 0.03375000000000006 0.029167000000000054
8 0.8459375 0.45375 0.018124999999999947 0.017500000000000016
8 0.9028125 0.4554165 0.03312500000000007 0.02416700000000005
8 0.95375 0.46875 0.03499999999999992 0.02749999999999997
8 0.9815625 0.4620835 0.015625 0.030833
5 0.2365625 0.245 0.473125 0.49
5 0.88 0.1958335 0.23875000000000002 0.391667
