1 0.8396875 0.8733335 0.276875 0.146667
1 0.7009375 0.8254170000000001 0.25187500000000007 0.12750000000000006
1 0.9750000000000001 0.94 0.04874999999999996 0.11833400000000005
2 0.06875 0.8154170000000001 0.1075 0.12249999999999994
2 0.340625 0.91125 0.48250000000000004 0.17583400000000005
2 0.1703125 0.7879164999999999 0.09062500000000001 0.06416699999999997
2 0.2746875 0.79375 0.10562500000000002 0.07250000000000001
2 0.3896875 0.8 0.11937500000000001 0.09833400000000003
2 0.6009375 0.81 0.11187499999999995 0.1050000000000001
2 0.594375 0.7475 0.07125000000000004 0.04166600000000009
2 0.6809375 0.82625 0.20062500000000005 0.124166
2 0.8371875 0.8625 0.28812499999999996 0.14833400000000008
2 0.811875 0.70875 0.04125000000000001 0.022499999999999964
2 0.9746874999999999 0.940833 0.04937500000000006 0.09499999999999997
