3 0.14875 0.6233335 0.051250000000000004 0.03833299999999995
3 0.3375 0.8345830000000001 0.08000000000000002 0.12249999999999994
3 0.346875 0.7775000000000001 0.07874999999999999 0.10833400000000004
3 0.406875 0.568333 0.04125000000000001 0.03500000000000003
3 0.4240625 0.6379165 0.05937500000000001 0.08083299999999993
3 0.5346875 0.562917 0.020625000000000004 0.02750000000000008
3 0.5575 0.52625 0.02750000000000008 0.03249999999999997
3 0.5709375000000001 0.6304165 0.05312499999999998 0.07916699999999999
3 0.73125 0.745 0.07625000000000004 0.10499999999999998
3 0.8300000000000001 0.8341665 0.14 0.14833299999999994
