1 0.4990565 0.5925675 0.943397 0.6662170000000001
5 0.0754715 0.1033785 0.150943 0.18243299999999998
5 0.18537750000000003 0.112838 0.16320700000000002 0.225676
5 0.30566 0.1006755 0.08113199999999998 0.08243299999999999
5 0.5037735 0.1060815 0.31509500000000007 0.068919
1 0.6933965 0.35540499999999997 0.611321 0.562162
1 0.5943395 0.21621600000000002 0.111321 0.045946000000000015
2 0.49952799999999997 0.612162 0.94434 0.6783779999999999
2 0.3386795 0.2047295 0.03207500000000002 0.031080999999999998
2 0.3957545 0.202027 0.04245299999999996 0.03648599999999999
2 0.5778300000000001 0.21216200000000002 0.07830199999999998 0.03243199999999999
