1 0.7940625 0.208518 0.370625 0.186336
1 0.110625 0.6792370000000001 0.1725 0.11268800000000001
1 0.11 0.8850935 0.16874999999999998 0.09671699999999994
1 0.11468750000000001 0.45385949999999997 0.175625 0.10913900000000004
1 0.3009375 0.87622 0.17187500000000003 0.12156199999999995
1 0.3040625 0.670364 0.17562499999999998 0.10558999999999996
1 0.3015625 0.45652200000000004 0.163125 0.09316800000000003
1 0.495625 0.6783494999999999 0.17625000000000002 0.10736500000000004
1 0.495625 0.890417 0.17375000000000002 0.10381600000000002
1 0.49625 0.46273299999999995 0.17000000000000004 0.10913999999999996
1 0.6834375 0.890417 0.17062500000000003 0.10026599999999997
1 0.6896875 0.679237 0.17312499999999997 0.09849200000000002
1 0.6896875 0.460958 0.16812500000000008 0.10559000000000002
1 0.8775 0.8948535 0.17125 0.10913899999999999
1 0.8828125 0.4609585 0.17437499999999995 0.10204099999999994
1 0.880625 0.6730255 0.16500000000000004 0.1038150000000001
