14 0.2278125 0.72562 0.020625000000000004 0.024793999999999983
14 0.38656250000000003 0.3293385 0.299375 0.316529
14 0.6803125 0.3095045 0.22312500000000002 0.34628099999999995
14 0.64 0.736777 0.020000000000000018 0.03223200000000004
2 0.338125 0.8037190000000001 0.05874999999999997 0.06694199999999995
2 0.390625 0.7876034999999999 0.0625 0.057850999999999986
2 0.4971875 0.9157025000000001 0.171875 0.16694299999999995
2 0.4675 0.812397 0.06 0.07107399999999997
2 0.4609375 0.7495864999999999 0.02562500000000001 0.031405000000000016
2 0.4778125 0.792975 0.05687499999999995 0.06198400000000004
2 0.514375 0.7549589999999999 0.02124999999999999 0.033883999999999914
2 0.6009374999999999 0.8078515 0.07187500000000002 0.06198300000000001
