5 0.9268749999999999 0.3211225 0.12 0.22930500000000004
0 0.3496875 0.492388 0.280625 0.18743999999999994
0 0.50125 0.487155 0.16874999999999996 0.16555600000000004
5 0.0609375 0.421979 0.033125 0.06184600000000001
5 0.495625 0.3972405 0.75875 0.19314900000000002
2 0.1421875 0.523787 0.08312499999999999 0.05042799999999997
2 0.18 0.5137965 0.04625000000000001 0.026640999999999915
2 0.5953124999999999 0.4866795 0.020625000000000004 0.03901100000000002
2 0.641875 0.5009515 0.11124999999999996 0.05613700000000005
2 0.9199999999999999 0.479543 0.15249999999999997 0.08372999999999997
