3 0.7293750000000001 0.91046 0.255 0.15732200000000007
5 0.0884375 0.7317994999999999 0.116875 0.19665300000000008
5 0.1709375 0.7205025 0.106875 0.21924700000000008
5 0.25656249999999997 0.743933 0.061874999999999986 0.130544
5 0.34281249999999996 0.7422595000000001 0.06687499999999996 0.14058500000000007
5 0.4221875 0.7083685 0.10562499999999997 0.215063
5 0.5084375 0.7125524999999999 0.07687500000000003 0.20669499999999996
5 0.609375 0.7 0.09125000000000005 0.1916319999999999
5 0.7409375 0.710042 0.11187499999999995 0.198326
5 0.8262499999999999 0.7016735000000001 0.08750000000000002 0.18493700000000002
5 0.9281250000000001 0.707113 0.14249999999999996 0.12887000000000004
3 0.0359375 0.808368 0.071875 0.05355600000000005
3 0.2821875 0.9188285 0.211875 0.16066900000000006
