1 0.588703 0.469375 0.308786 0.13000000000000006
2 0.132636 0.415625 0.19330599999999998 0.10249999999999998
1 0.035146500000000004 0.241875 0.068619 0.023749999999999966
1 0.129707 0.43 0.185774 0.11124999999999996
1 0.099582 0.24031249999999998 0.036820000000000006 0.020624999999999977
1 0.13472800000000001 0.2846875 0.038494 0.030625000000000013
1 0.180753 0.24562499999999998 0.030125999999999986 0.013750000000000012
1 0.2619245 0.25406249999999997 0.10543899999999998 0.03437499999999999
1 0.2824265 0.2796875 0.14142300000000002 0.04812500000000003
1 0.3280335 0.234375 0.04184099999999996 0.02250000000000002
1 0.6380755 0.2521875 0.06610899999999997 0.03437499999999999
