4 0.43281250000000004 0.786116 0.15437499999999998 0.170732
2 0.07781249999999999 0.782833 0.080625 0.11163199999999995
2 0.0815625 0.727955 0.073125 0.05628600000000006
2 0.115 0.662758 0.03 0.040337999999999985
2 0.1109375 0.7270165 0.01937499999999999 0.05440900000000004
2 0.1284375 0.6519699999999999 0.02062500000000002 0.04315199999999997
4 0.22125 0.6904315000000001 0.036250000000000004 0.05816100000000002
4 0.32437499999999997 0.706379 0.04999999999999999 0.07504599999999995
4 0.3675 0.6998125 0.04874999999999996 0.05816100000000002
4 0.655625 0.7725139999999999 0.17375000000000007 0.19418400000000002
